arc_raw/USOS-ARL-Suite_ARC_20240801_RA.ict
71,1001
Xinrong Ren
NOAA Air Resources Lab
ARC-Suite
USOS: Utah Summer Ozone Study
1,1
2024,08,01,2024,08,01
1
StartTime_seconds, seconds, Start time in UTC seconds since midnight
38
1,1,1,1,1,1,1,1,1,1,1,1,1,1,1,1,1,1,1,1,1,1,1,1,1,1,1,1,1,1,1,1,1,1,1,1,1,1
-99999,-99999,-99999,-99999,-99999,-99999,-99999,-99999,-99999,-99999,-99999,-99999,-99999,-99999,-99999,-99999,-99999,-99999,-99999,-99999,-99999,-99999,-99999,-99999,-99999,-99999,-99999,-99999,-99999,-99999,-99999,-99999,-99999,-99999,-99999,-99999,-99999,-99999
lat_DGPS_deg, degrees, Latitude in decimal by Hemisphere VS1100 Differential GPS
lon_DGPS_deg, degrees, Longitude in decimal by Hemisphere VS1100 Differential GPS
alt_msl_m, meters, GPS Altitude MSL
speed_km_h, km/s, vehicle speed
RH, percent, relative humidity
true_WS_m_s, m/s, wind speed by 2D sonic sensor
true_WD_deg, degree, wind direction by 2D sonic sensor
CH4_aeris313_ppm, ppm, CH4 mixing ratio by Aeris
H2O_aeris313_ppm, ppm, H2O mixing ratio by Aeris
C2H6_aeris313_ppb, ppb, C2H6 mixing ratio by Aeris
r_aeris313, 1, relavence between CH4 and C2H6 by Aeris
C2C1_aeris313, 1, C2H6 to CH4 ratio by Aeris
CO_g2401m_ppm, ppm, CO mixing ratio by Picarro G2401m
CO2_g2401m_ppm, ppm, CO2 mixing ratio by Picarro G2401m
CH4_g2401m_ppm, ppm, CH4 mixing ratio by Picarro G2401m
H2O_g2401m, ppm, H2O mixing ratio by Picarro G2401m
delta13C_CH4_raw, permill, delta 13C of CH4 by Picarro G2201i
delta13C_CO2_raw, permill, delta 13C of CO2 by Picarro G2201i
CH4_g2201i_ppm, ppm, CH4 mixing ratio by Picarro G2201i
CO2_g2201i_ppm, ppm, CO2 mixing ratio by Picarro G2201i
NH3_g2301_ppb, ppb, NH3 mixing ratio by Picarro G2301
O3_2B_ppm, ppm, O3 mixing ratio by 2B
NO_G60_ppb, ppb, NO mixing ratio by G60
NO2_G60_ppb, ppb, NO2 mixing ratio by G60
NOx_G60_ppb, ppb, NOx mixing ratio by G60
NO_N500_ppb, ppb, NO mixing ratio by N500
NO2_N500_ppb, ppb, NO2 mixing ratio by N500
NOx_N500_ppb, ppb, NOx mixing ratio by N500
BC370_AE43_ng_m3, ng/m3, Black Carbon at 370 nm by AE43
BC470_AE43_ng_m3, ng/m3, Black Carbon at 470 nm by AE43
BC520_AE43_ng_m3, ng/m3, Black Carbon at 520 nm by AE43
BC590_AE43_ng_m3, ng/m3, Black Carbon at 590 nm by AE43
BC660_AE43_ng_m3, ng/m3, Black Carbon at 660 nm by AE43
BC880_AE43_ng_m3, ng/m3, Black Carbon at 880 nm by AE43
BC950_AE43_ng_m3, ng/m3, Black Carbon at 950 nm by AE43
PM25, ug/m3, PM2.5 by particle sensor
PM10, ug/m3, PM10 by particle sensor
Valve, boolian, indicator of valve conditions;0 is measurement; 10 is zeroing; 11 is spanning
1
SPECIAL COMMENTS, N/A
18
PI_CONTACT_INFO: xinrong.ren@noaa.gov, 301-683-1391, NOAA/ARL, 5830 University Research Court, College Park, MD 20740
PLATFORM: NOAA Air Resources Car
LOCATION: Salt Lake City
ASSOCIATED_DATA: N/A
INSTRUMENT_INFO: Hemisphere VS1100 differential GPS (Latitude, Longitude, GPS Altitude, speed), meteorological sensor (RH, WS, WD), 2B (O3), G60 CRDS (NO-NOx), Teledyne N500 (NO-NOx), Picarro G2401-m (CO2, CH4, CO, H2O), Picarro G2201i (CO2, CH4, d13C_CO2, d13C_CH4, H2O), Picarro 2301 (NH3), Aeris Ultra MIRA (CH4, C2H6, H2O, r, C2/C1), AE43 (Black Carbon), Partical sensor (PM2.5, PM10)
DATA_INFO: Records are reported at 1-second intervals. Hemisphere VS1100 differential GPS has 1-second ntervals. 2B O3 values are reported 2-second averages. G60 Cavity Rong Down NO-NO2-NO2 has 1-second average. Teledyne CAPS NO2 analyzer has 10-second time resolution. Picarro 2401m (CO2, CH4, CO, H2O) data has 2.5-second time resolution. Picarro 2201i (isotope) has ~5 second time resolution. Aeris Ultra MIRA has 1-second integration time. AE43 data are 10-second moving averages. Partical sensor has 10-second time resolution.
UNCERTAINTY: -99999, -99999, -99999, 15 m, -99999, -99999, -99999, -99999, 1 ppb, 100 ppm, 0.2 ppb, -99999, -99999, 5 ppb, 0.1 ppm, 1 ppb, 100 ppm, -99999, -99999, -99999, -99999, 2 ppb, 0.3 ppb, -99999, -99999, -99999, 0.05 ppb, 0.05 ppb, 0.05 ppb, 10 ng/m3, 10 ng/m3, 10 ng/m3, 10 ng/m3, 10 ng/m3, 10 ng/m3, 10 ng/m3, 10 ng/m3, 0
ULOD_FLAG: -77777
ULOD_VALUE: N/A
LLOD_FLAG: -88888
LLOD_VALUE: N/A
DM_CONTACT_INFO: Jiayang Sun; University of Maryland; jiayangs@umd.edu
PROJECT_INFO: USOS July - Aug 2024 https://deq.utah.gov/air-quality/utah-summer-ozone-study-usos
STIPULATIONS_ON_USE: Use of these data requires prior ok from PI.
OTHER_COMMENTS: N/A
REVISION: RA
RA: Preliminary Data for in-field use only.
StartTime_seconds, lat_DGPS_deg, lon_DGPS_deg, alt_msl_m, speed_km_h, RH, true_WS_m_s, true_WD_deg, CH4_aeris313_ppm, H2O_aeris313_ppm, C2H6_aeris313_ppb, r_aeris313, C2C1_aeris313, CO_g2401m_ppm, CO2_g2401m_ppm, CH4_g2401m_ppm, H2O_g2401m, delta13C_CH4_raw, delta13C_CO2_raw, CH4_g2201i_ppm, CO2_g2201i_ppm, NH3_g2301_ppb, O3_2B_ppm, NO_G60_ppb, NO2_G60_ppb, NOx_G60_ppb, NO_N500_ppb, NO2_N500_ppb, NOx_N500_ppb, BC370_AE43_ng_m3, BC470_AE43_ng_m3, BC520_AE43_ng_m3, BC590_AE43_ng_m3, BC660_AE43_ng_m3, BC880_AE43_ng_m3, BC950_AE43_ng_m3, PM25, PM10, Valve
[from data line 5632]
5632.0, 40.780683503166664, -111.94098246099999, 1294.268, 0.13, 18.2, 0.26, 62.08, 2.07349, 12382.2, -1.47794, -0.0562413, -99999.0, 0.25957987936, 422.49021581, 2.0395369861, 1.0881448784, -99999.0, -99999.0, -99999.0, -99999.0, -99999.0, -99999.0, 4.12, 0.22, 4.34, -0.109, 1.289, 1.18, 1708.0, 1130.0, 697.0, 749.0, 800.0, 952.0, 900.0, -99999.0, -99999.0, 0.0
5633.0, 40.78068331283333, -111.9409824335, 1294.27, 0.04, 18.2, 0.47, 102.55, 2.07305, 12397.2, -1.2175, 0.00436577, -99999.0, 0.2595802201333333, 422.52541062999995, 2.039435632, 1.0885748201, -26.36652403, -7.3118581615, 1.961581231322, 422.2751843914, -99999.0, 52.1, 4.05, 0.25, 4.3, -0.135, 1.289, 1.148, 1640.0, 1457.0, 1175.0, 874.0, 812.0, 524.0, 401.0, -99999.0, -99999.0, 0.0
5634.0, 40.780683195, -111.9409824005, 1294.279, 0.13, 18.2, 0.37, 92.03, 2.07707, 12410.1, -1.15847, 0.000667748, -99999.0, 0.25174600437, 422.55019185, 2.039435632, 1.0885748201, -99999.0, -99999.0, -99999.0, -99999.0, -99999.0, 51.1, 4.06, 0.27, 4.33, -0.135, 1.289, 1.148, 1382.0, 1124.0, 1095.0, 773.0, 871.0, 857.0, 922.0, -99999.0, -99999.0, 0.0
5635.0, 40.78068313000001, -111.94098241816667, 1294.295, 0.09, 18.2, 0.0, 0.0, 2.0749, 12426.7, -1.27159, 0.0267423, -99999.0, 0.25174544982, 422.54612956, 2.0396013679, 1.0869195101, -26.36652403, -7.3118581615, 1.961581231322, 422.2751843914, -99999.0, -99999.0, 4.06, 0.27, 4.33, -0.135, 1.289, 1.148, 1462.0, 848.0, 876.0, 850.0, 499.0, 396.0, 743.0, -99999.0, -99999.0, 0.0
5636.0, 40.78068308183333, -111.94098246, 1294.336, 0.08, 18.2, 0.37, 147.3, 2.07698, 12433.8, -1.17671, 0.0637603, -99999.0, 0.25174489527, 422.44462911, 2.0396013679, 1.0869195101, -26.36652403, -7.2366655025, 1.961581231322, 422.31933566775, -99999.0, -99999.0, 4.06, 0.3, 4.36, -0.135, 1.289, 1.148, 1628.0, 1067.0, 1168.0, 676.0, 1252.0, 857.0, 553.0, -99999.0, -99999.0, 0.0
5637.0, 40.780683019, -111.94098247916666, 1294.376, 0.1, 18.3, 0.0, 0.0, 2.07567, 12440.6, -1.2681, 0.131561, -99999.0, 0.25588533683, 422.44462911, 2.0396013679, 1.0869195101, -99999.0, -99999.0, -99999.0, -99999.0, -99999.0, 51.6, 4.09, 0.3, 4.39, -0.135, 1.289, 1.148, 1732.0, 967.0, 1155.0, 923.0, 867.0, 783.0, 976.0, -99999.0, -99999.0, 0.0
5638.0, 40.780683040166664, -111.94098255116666, 1294.482, 0.07, 18.3, 0.44, 128.2, 2.07591, 12437.6, -1.19219, 0.313856, -99999.0, 0.255884199925, 422.41058016, 2.0401300968, 1.0783016507, -37.717894093, -7.1614728435, 1.969166486516, 422.3196885716, -99999.0, 53.4, 4.08, 0.28, 4.37, -0.135, 1.289, 1.148, 1869.0, 873.0, 1042.0, 652.0, 947.0, 1075.0, 575.0, -99999.0, -99999.0, 0.0
5639.0, 40.78068309633334, -111.94098258916668, 1294.594, 0.06, 18.3, 0.57, 129.38, 2.0746, 12432.0, -1.24057, 0.365767, -99999.0, 0.2528023736, 421.9152915, 2.0401300968, 1.0783016507, -99999.0, -99999.0, -99999.0, -99999.0, -99999.0, -99999.0, 4.04, 0.29, 4.33, -0.135, 1.289, 1.148, 1393.0, 1036.0, 1188.0, 1213.0, 1192.0, 568.0, 493.0, -99999.0, -99999.0, 0.0
5640.0, 40.78068311166666, -111.94098264416668, 1294.647, 0.02, 18.3, 0.47, 133.63, 2.07542, 12423.2, -1.23641, 0.325631, -99999.0, 0.24972168418, 421.85845453, 2.0389782192, 1.069745982, -37.717894093, -7.1614728435, 1.969166486516, 422.3196885716, -99999.0, -99999.0, 3.99, 0.3, 4.29, -0.135, 1.289, 1.148, 1640.0, 980.0, 1368.0, 680.0, 812.0, 628.0, 526.0, -99999.0, -99999.0, 0.0
5641.0, 40.780683319000005, -111.94098272466665, 1294.799, 0.08, 18.3, 0.29, 139.33, 2.07626, 12389.8, -1.05675, 0.432032, -99999.0, 0.24971962083, 421.61447480000004, 2.0389782192, 1.069745982, -37.717894093, -6.870749566800001, 1.969166486516, 422.3262108171, -99999.0, 55.2, 3.93, 0.3, 4.24, -0.135, 1.289, 1.148, 1714.0, 1262.0, 989.0, 896.0, 935.0, 591.0, 1112.0, -99999.0, -99999.0, 0.0
5642.0, 40.78068346850001, -111.94098278983334, 1294.935, 0.15, 18.3, 0.33, 138.35, 2.0739, 12369.1, -1.57505, 0.396876, -99999.0, 0.2497672606, 421.37049507, 2.0389782192, 1.069745982, -99999.0, -99999.0, -99999.0, -99999.0, -99999.0, 57.0, 3.99, 0.29, 4.28, -0.135, 1.289, 1.148, 1789.0, 967.0, 677.0, 1185.0, 939.0, 417.0, 710.0, -99999.0, -99999.0, 0.0
5643.0, 40.78068364116666, -111.94098286183335, 1295.066, 0.12, 18.3, 0.35, 171.07, 2.07569, 12346.8, -1.09578, 0.491239, -99999.0, 0.24976722420000003, 421.33789002, 2.0387073507, 1.0684358069, -37.039298902, -6.5800262901, 1.969927139247, 422.32757529360003, -99999.0, -99999.0, 3.95, 0.28, 4.24, -0.135, 1.289, 1.148, 1732.0, 1325.0, 1368.0, 1066.0, 1303.0, 563.0, 347.0, -99999.0, -99999.0, 0.0
5644.0, 40.78068376016667, -111.94098287849998, 1295.143, 0.11, 18.3, 0.39, 171.09, 2.07371, 12330.7, -1.28566, 0.474061, -99999.0, 0.2497671878, 421.315776, 2.0387073507, 1.0684358069, -99999.0, -99999.0, -99999.0, -99999.0, -99999.0, -99999.0, 3.87, 0.29, 4.16, -0.135, 1.289, 1.148, 1726.0, 1306.0, 969.0, 875.0, 927.0, 1330.0, 634.0, -99999.0, -99999.0, 0.0
5645.0, 40.78068385233333, -111.94098291983333, 1295.238, 0.14, 18.3, 0.38, 176.38, 2.07239, 12319.9, -0.977502, 0.385471, -99999.0, 0.24980121194, 421.31354799, 2.0385861651, 1.06841670385, -37.039298902, -6.5800262901, 1.969927139247, 422.32757529360003, -99999.0, 58.3, 3.84, 0.32, 4.15, -0.135, 1.289, 1.148, 1623.0, 1099.0, 1169.0, 798.0, 733.0, 426.0, 580.0, -99999.0, -99999.0, 0.0
5646.0, 40.78068395466667, -111.94098297766668, 1295.305, 0.14, 18.3, 0.47, 125.15, 2.07517, 12300.8, -1.21875, 0.341721, -99999.0, 0.24980093264, 421.292886975, 2.0384649795, 1.0683976008, -37.039298902, -7.1976713697, 1.969927139247, 422.22665798685, -99999.0, 58.9, 3.83, 0.32, 4.15, -0.135, 1.289, 1.148, 1393.0, 1476.0, 876.0, 558.0, 1101.0, 720.0, 716.0, -99999.0, -99999.0, 0.0
5647.0, 40.780684018833334, -111.94098298166666, 1295.335, 0.23, 18.3, 0.43, 133.03, 2.07388, 12300.9, -1.25688, 0.337336, -99999.0, 0.2598001652, 421.27445397, 2.0384649795, 1.0683976008, -99999.0, -99999.0, -99999.0, -99999.0, -99999.0, -99999.0, 3.82, 0.31, 4.13, -0.135, 1.289, 1.148, 1812.0, 1363.0, 969.0, 1091.0, 558.0, 507.0, 732.0, -99999.0, -99999.0, 0.0
5648.0, 40.780684172166666, -111.94098300683332, 1295.355, 0.23, 18.3, 0.48, 185.45, 2.07463, 12298.3, -1.37098, 0.36311, -99999.0, 0.259800782995, 421.28848451, 2.0383491696, 1.0726818948, -36.582839118, -7.8153164493, 1.975548523356, 422.2237598129, -99999.0, -99999.0, 3.85, 0.3, 4.15, -0.135, 1.289, 1.148, 1457.0, 1306.0, 863.0, 1261.0, 1050.0, 433.0, 732.0, -99999.0, -99999.0, 0.0
5649.0, 40.780684528, -111.94098315883333, 1295.375, 0.14, 18.4, 0.44, 190.45, 2.07412, 12296.3, -1.33164, 0.357207, -99999.0, 0.25980140079, 421.52580423, 2.0383491696, 1.0726818948, -99999.0, -99999.0, -99999.0, -99999.0, -99999.0, 58.7, 3.8, 0.3, 4.1, -0.135, 1.289, 1.148, 1715.0, 1250.0, 1049.0, 895.0, 1117.0, 987.0, 596.0, -99999.0, -99999.0, 0.0
5650.0, 40.78068492766667, -111.94098340983334, 1295.376, 0.11, 18.4, 0.45, 176.36, 2.07326, 12299.9, -0.96027, 0.256358, -99999.0, 0.24344511577, 421.548511275, 2.0382191169499997, 1.07740706425, -36.582839118, -7.8153164493, 1.975548523356, 422.2237598129, -99999.0, 56.9, 3.78, 0.31, 4.1, -0.135, 1.289, 1.148, 1462.0, 1438.0, 1355.0, 606.0, 741.0, 1198.0, 911.0, -99999.0, -99999.0, 0.0
5651.0, 40.780685450499995, -111.94098366066667, 1295.358, 0.08, 18.4, 0.39, 146.15, 2.07354, 12304.0, -1.25602, 0.222627, -99999.0, 0.24344698067, 421.78857833, 2.0380890643, 1.0821322337, -36.582839118, -7.1812470009, 1.975548523356, 422.3064984975, -99999.0, -99999.0, 3.74, 0.32, 4.05, -0.135, 1.289, 1.148, 1439.0, 1080.0, 1056.0, 944.0, 677.0, 764.0, 775.0, -99999.0, -99999.0, 0.0
5652.0, 40.78068581949999, -111.94098390033332, 1295.332, 0.1, 18.4, 0.28, 168.4, 2.07448, 12323.3, -1.40538, 0.191694, -99999.0, 0.26230394846, 422.00593834, 2.0380890643, 1.0821322337, -99999.0, -99999.0, -99999.0, -99999.0, -99999.0, -99999.0, 3.76, 0.33, 4.09, -0.135, 1.289, 1.148, 1239.0, 1181.0, 969.0, 944.0, 440.0, 297.0, 1209.0, -99999.0, -99999.0, 0.0
5653.0, 40.78068632000001, -111.94098423866666, 1295.333, 0.09, 18.4, 0.31, 164.98, 2.07242, 12341.2, -1.241, 0.178921, -99999.0, 0.26230397788, 422.03766568, 2.038053033, 1.0822639576, -43.908568216, -6.5471775525, 1.992915241964, 422.30947430149996, -99999.0, 55.6, 3.7, 0.33, 4.04, -0.135, 1.289, 1.148, 1726.0, 1074.0, 890.0, 1091.0, 1002.0, 1012.0, 786.0, -99999.0, -99999.0, 0.0
5654.0, 40.78068698066666, -111.940984605, 1295.316, 0.01, 18.4, 0.41, 154.88, 2.07419, 12365.2, -1.07937, 0.134052, -99999.0, 0.2623040073, 422.05383073, 2.038053033, 1.0822639576, -99999.0, -99999.0, -99999.0, -99999.0, -99999.0, 54.8, 3.74, 0.33, 4.07, -0.135, 1.289, 1.148, 1646.0, 1218.0, 969.0, 944.0, 749.0, 846.0, 1117.0, -99999.0, -99999.0, 0.0
5655.0, 40.780687554166676, -111.94098492200001, 1295.272, 0.11, 18.4, 0.45, 158.54, 2.07212, 12383.3, -1.20986, 0.142377, -99999.0, 0.25376725081, 422.05383073, 2.038053033, 1.0822639576, -43.908568216, -6.5471775525, 1.992915241964, 422.30947430149996, -99999.0, -99999.0, 3.74, 0.34, 4.09, -0.059, 1.195, 1.133, 1050.0, 1294.0, 1162.0, 749.0, 741.0, 693.0, 651.0, -99999.0, -99999.0, 0.0
5656.0, 40.780688255666675, -111.9409852965, 1295.224, 0.2, 18.4, 0.39, 153.0, 2.07476, 12378.2, -1.10356, 0.125811, -99999.0, 0.2537672886833333, 422.0219442933333, 2.0378630554, 1.0775386484, -43.908568216, -6.2135043054, 1.992915241964, 422.37803832035, -99999.0, -99999.0, 3.73, 0.34, 4.07, -0.059, 1.195, 1.133, 1554.0, 1149.0, 956.0, 826.0, 440.0, 1161.0, 1090.0, -99999.0, -99999.0, 0.0
5657.0, 40.78068894883334, -111.94098559000001, 1295.171, 0.06, 18.4, 0.43, 149.12, 2.07273, 12377.7, -1.01996, 0.0557135, -99999.0, 0.2523473544, 421.9885914, 2.0378630554, 1.0775386484, -99999.0, -99999.0, -99999.0, -99999.0, -99999.0, 55.1, 3.73, 0.36, 4.09, -0.059, 1.195, 1.133, 1703.0, 1338.0, 890.0, 655.0, 1180.0, 841.0, 1025.0, -99999.0, -99999.0, 0.0
5658.0, 40.78068965083334, -111.94098591083333, 1295.113, 0.11, 18.4, 0.44, 164.83, 2.07109, 12372.8, -1.21207, 0.047482, -99999.0, 0.252346809035, 421.96846671, 2.0381558385, 1.0761842345, -37.771339742, -5.8798310583, 1.9804350494829999, 422.3796045584, -99999.0, 56.7, 3.76, 0.37, 4.13, -0.059, 1.195, 1.133, 1566.0, 873.0, 870.0, 822.0, 614.0, 398.0, 380.0, -99999.0, -99999.0, 0.0
5659.0, 40.78069025966666, -111.94098618183334, 1295.045, 0.22, 18.4, 0.41, 169.33, 2.07423, 12368.2, -1.13126, 0.0476955, -99999.0, 0.25234626367, 421.81709361, 2.0381558385, 1.0761842345, -99999.0, -99999.0, -99999.0, -99999.0, -99999.0, -99999.0, 3.78, 0.4, 4.17, -0.059, 1.195, 1.133, 1342.0, 1024.0, 803.0, 801.0, 994.0, 904.0, 1057.0, -99999.0, -99999.0, 0.0
5660.0, 40.78069092133333, -111.94098649133333, 1294.966, 0.03, 18.5, 0.29, 198.18, 2.0723, 12361.9, -1.24397, 0.028602, -99999.0, 0.24814226615, 421.81709361, 2.0381558385, 1.0761842345, -37.771339742, -5.8798310583, 1.9804350494829999, 422.3796045584, -99999.0, -99999.0, 3.8, 0.41, 4.21, -0.059, 1.195, 1.133, 1864.0, 1212.0, 1069.0, 1160.0, 1058.0, 449.0, 521.0, -99999.0, -99999.0, 0.0
5661.0, 40.780691582500005, -111.94098683400001, 1294.894, 0.1, 18.5, 0.35, 135.6, 2.07593, 12354.8, -1.22372, 0.0160457, -99999.0, 0.24814221481666665, 421.78973103, 2.0381093863, 1.0758782116, -37.771339742, -5.7286528019, 1.9804350494829999, 422.1609190394, -99999.0, 55.8, 3.78, 0.43, 4.21, -0.059, 1.195, 1.133, 1709.0, 1514.0, 1062.0, 509.0, 812.0, 772.0, 840.0, -99999.0, -99999.0, 0.0
5662.0, 40.78069219033333, -111.94098712466666, 1294.818, 0.1, 18.5, 0.41, 169.41, 2.07427, 12351.2, -1.29723, -0.0207335, -99999.0, 0.25103118856, 421.74599429, 2.0381093863, 1.0758782116, -99999.0, -99999.0, -99999.0, -99999.0, -99999.0, 53.1, 3.76, 0.41, 4.17, -0.059, 1.195, 1.133, 1778.0, 1124.0, 870.0, 728.0, 816.0, 681.0, 304.0, -99999.0, -99999.0, 0.0
5663.0, 40.78069282016667, -111.94098745066667, 1294.745, 0.1, 18.5, 0.32, 165.03, 2.07323, 12349.9, -1.25755, -0.0131649, -99999.0, 0.25103118856, 421.74386872, 2.0374316061, 1.075541754, -43.913325838, -5.5774745455, 1.9897534026850001, 422.1616282906, -99999.0, -99999.0, 3.75, 0.42, 4.16, -0.059, 1.195, 1.133, 1801.0, 980.0, 976.0, 798.0, 563.0, 225.0, 1085.0, -99999.0, -99999.0, 0.0
5664.0, 40.780693424166664, -111.94098774483334, 1294.663, 0.12, 18.5, 0.51, 187.62, 2.07279, 12350.9, -1.23677, -0.0375194, -99999.0, 0.25103082111, 421.68573521999997, 2.0374316061, 1.075541754, -99999.0, -99999.0, -99999.0, -99999.0, -99999.0, -99999.0, 3.73, 0.43, 4.16, -0.059, 1.195, 1.133, 1738.0, 1061.0, 1189.0, 875.0, 1244.0, 727.0, 689.0, -99999.0, -99999.0, 0.0
5665.0, 40.78069409633333, -111.94098800116666, 1294.574, 0.02, 18.5, 0.38, 167.63, 2.07386, 12345.1, -0.88134, -0.0415032, -99999.0, 0.26276809538, 421.62760172, 2.0374316061, 1.075541754, -43.913325838, -5.5774745455, 1.9897534026850001, 422.1616282906, -99999.0, 53.2, 3.7, 0.41, 4.11, -0.059, 1.195, 1.133, 1497.0, 716.0, 956.0, 993.0, 677.0, 496.0, 678.0, -99999.0, -99999.0, 0.0
5666.0, 40.78069473116667, -111.940988205, 1294.487, 0.22, 18.5, 0.53, 187.61, 2.0728, 12342.8, -0.961082, -0.106766, -99999.0, 0.26276784305, 421.62596194, 2.0377605055, 1.0753824275, -43.913325838, -6.03882690895, 1.9897534026850001, 422.2747605743, -99999.0, 56.7, 3.67, 0.44, 4.11, -0.059, 1.195, 1.133, 1474.0, 1608.0, 877.0, 847.0, 1062.0, 1151.0, 542.0, -99999.0, -99999.0, 0.0
5667.0, 40.78069540883334, -111.94098833766665, 1294.386, 0.12, 18.5, 0.39, 186.19, 2.07554, 12342.7, -1.20763, -0.0887749, -99999.0, 0.26276759072, 421.56926735, 2.0377605055, 1.0753824275, -99999.0, -99999.0, -99999.0, -99999.0, -99999.0, -99999.0, 3.64, 0.46, 4.1, -0.059, 1.195, 1.133, 1784.0, 1055.0, 757.0, 1091.0, 947.0, 551.0, 765.0, -99999.0, -99999.0, 0.0
5668.0, 40.78069605666668, -111.94098847966667, 1294.308, 0.04, 18.5, 0.27, 169.47, 2.07258, 12338.4, -0.753224, -0.171435, -99999.0, 0.25121052992, 421.56874308, 2.0378576672, 1.075303556, -39.079703214, -6.5001792724, 1.9810752265590001, 422.27259555340004, -99999.0, -99999.0, 3.7, 0.47, 4.17, -0.059, 1.195, 1.133, 1555.0, 1080.0, 784.0, 195.0, 998.0, 839.0, 987.0, -99999.0, -99999.0, 0.0
5669.0, 40.7806966585, -111.94098862366667, 1294.229, 0.14, 18.5, 0.39, 184.73, 2.07428, 12339.4, -0.777152, -0.125287, -99999.0, 0.2512112207, 421.659171205, 2.0379548289, 1.0752246845, -99999.0, -99999.0, -99999.0, -99999.0, -99999.0, 60.3, 3.69, 0.47, 4.15, -0.059, 1.195, 1.133, 1308.0, 892.0, 1063.0, 920.0, 872.0, 510.0, 472.0, -99999.0, -99999.0, 0.0
5670.0, 40.78069719533333, -111.94098879133335, 1294.161, 0.11, 18.5, 0.27, 165.02, 2.07375, 12338.0, -1.34392, -0.107388, -99999.0, 0.25491230288, 421.7501236, 2.0379548289, 1.0752246845, -39.079703214, -6.5001792724, 1.9810752265590001, 422.27259555340004, -99999.0, 60.5, 3.68, 0.48, 4.16, -0.059, 1.195, 1.133, 1652.0, 1269.0, 996.0, 704.0, 983.0, 646.0, 987.0, -99999.0, -99999.0, 0.0
5671.0, 40.780697722000006, -111.9409890025, 1294.104, 0.12, 18.5, 0.0, 0.0, 2.07308, 12337.2, -1.19761, -0.159163, -99999.0, 0.254913050935, 421.75870911, 2.0380377627, 1.0779775539, -39.079703214, -6.5001792724, 1.9810752265590001, 422.3757347321, -99999.0, -99999.0, 3.65, 0.46, 4.11, -0.059, 1.195, 1.133, 1164.0, 1426.0, 890.0, 1018.0, 1236.0, 1114.0, 569.0, -99999.0, -99999.0, 0.0
5672.0, 40.78069826016667, -111.940989108, 1294.044, 0.07, 18.5, 0.28, 147.3, 2.07532, 12344.6, -1.07029, -0.12975, -99999.0, 0.25491379899, 422.0424951, 2.0380377627, 1.0779775539, -39.079703214, -6.8005984737, 1.9810752265590001, 422.3743245893, -99999.0, -99999.0, 3.61, 0.47, 4.08, -0.059, 1.195, 1.133, 1801.0, 1137.0, 1162.0, 1209.0, 677.0, 774.0, 407.0, -99999.0, -99999.0, 0.0
5673.0, 40.78069864816667, -111.94098922366666, 1293.996, 0.05, 18.5, 0.32, 115.4, 2.07345, 12347.9, -1.31479, -0.149775, -99999.0, 0.25302113137, 422.05096581, 2.0382871579, 1.0791595778, -33.552805022, -6.8005984737, 1.97175889716, 422.3743245893, -99999.0, 57.3, 3.66, 0.46, 4.12, -0.059, 1.195, 1.133, 1641.0, 1269.0, 963.0, 582.0, 943.0, 702.0, 580.0, -99999.0, -99999.0, 0.0
