arc_raw/USOS-ARL-Suite_ARC_20240731_RA.ict
71,1001
Xinrong Ren
NOAA Air Resources Lab
ARC-Suite
USOS: Utah Summer Ozone Study
1,1
2024,07,31,2024,07,31
1
StartTime_seconds, seconds, Start time in UTC seconds since midnight
38
1,1,1,1,1,1,1,1,1,1,1,1,1,1,1,1,1,1,1,1,1,1,1,1,1,1,1,1,1,1,1,1,1,1,1,1,1,1
-99999,-99999,-99999,-99999,-99999,-99999,-99999,-99999,-99999,-99999,-99999,-99999,-99999,-99999,-99999,-99999,-99999,-99999,-99999,-99999,-99999,-99999,-99999,-99999,-99999,-99999,-99999,-99999,-99999,-99999,-99999,-99999,-99999,-99999,-99999,-99999,-99999,-99999
lat_DGPS_deg, degrees, Latitude in decimal by Hemisphere VS1100 Differential GPS
lon_DGPS_deg, degrees, Longitude in decimal by Hemisphere VS1100 Differential GPS
alt_msl_m, meters, GPS Altitude MSL
speed_km_h, km/s, vehicle speed
RH, percent, relative humidity
true_WS_m_s, m/s, wind speed by 2D sonic sensor
true_WD_deg, degree, wind direction by 2D sonic sensor
CH4_aeris313_ppm, ppm, CH4 mixing ratio by Aeris
H2O_aeris313_ppm, ppm, H2O mixing ratio by Aeris
C2H6_aeris313_ppb, ppb, C2H6 mixing ratio by Aeris
r_aeris313, 1, relavence between CH4 and C2H6 by Aeris
C2C1_aeris313, 1, C2H6 to CH4 ratio by Aeris
CO_g2401m_ppm, ppm, CO mixing ratio by Picarro G2401m
CO2_g2401m_ppm, ppm, CO2 mixing ratio by Picarro G2401m
CH4_g2401m_ppm, ppm, CH4 mixing ratio by Picarro G2401m
H2O_g2401m, ppm, H2O mixing ratio by Picarro G2401m
delta13C_CH4_raw, permill, delta 13C of CH4 by Picarro G2201i
delta13C_CO2_raw, permill, delta 13C of CO2 by Picarro G2201i
CH4_g2201i_ppm, ppm, CH4 mixing ratio by Picarro G2201i
CO2_g2201i_ppm, ppm, CO2 mixing ratio by Picarro G2201i
NH3_g2301_ppb, ppb, NH3 mixing ratio by Picarro G2301
O3_2B_ppm, ppm, O3 mixing ratio by 2B
NO_G60_ppb, ppb, NO mixing ratio by G60
NO2_G60_ppb, ppb, NO2 mixing ratio by G60
NOx_G60_ppb, ppb, NOx mixing ratio by G60
NO_N500_ppb, ppb, NO mixing ratio by N500
NO2_N500_ppb, ppb, NO2 mixing ratio by N500
NOx_N500_ppb, ppb, NOx mixing ratio by N500
BC370_AE43_ng_m3, ng/m3, Black Carbon at 370 nm by AE43
BC470_AE43_ng_m3, ng/m3, Black Carbon at 470 nm by AE43
BC520_AE43_ng_m3, ng/m3, Black Carbon at 520 nm by AE43
BC590_AE43_ng_m3, ng/m3, Black Carbon at 590 nm by AE43
BC660_AE43_ng_m3, ng/m3, Black Carbon at 660 nm by AE43
BC880_AE43_ng_m3, ng/m3, Black Carbon at 880 nm by AE43
BC950_AE43_ng_m3, ng/m3, Black Carbon at 950 nm by AE43
PM25, ug/m3, PM2.5 by particle sensor
PM10, ug/m3, PM10 by particle sensor
Valve, boolian, indicator of valve conditions;0 is measurement; 10 is zeroing; 11 is spanning
1
SPECIAL COMMENTS, N/A
18
PI_CONTACT_INFO: xinrong.ren@noaa.gov, 301-683-1391, NOAA/ARL, 5830 University Research Court, College Park, MD 20740
PLATFORM: NOAA Air Resources Car
LOCATION: Salt Lake City
ASSOCIATED_DATA: N/A
INSTRUMENT_INFO: Hemisphere VS1100 differential GPS (Latitude, Longitude, GPS Altitude, speed), meteorological sensor (RH, WS, WD), 2B (O3), G60 CRDS (NO-NOx), Teledyne N500 (NO-NOx), Picarro G2401-m (CO2, CH4, CO, H2O), Picarro G2201i (CO2, CH4, d13C_CO2, d13C_CH4, H2O), Picarro 2301 (NH3), Aeris Ultra MIRA (CH4, C2H6, H2O, r, C2/C1), AE43 (Black Carbon), Partical sensor (PM2.5, PM10)
DATA_INFO: Records are reported at 1-second intervals. Hemisphere VS1100 differential GPS has 1-second ntervals. 2B O3 values are reported 2-second averages. G60 Cavity Rong Down NO-NO2-NO2 has 1-second average. Teledyne CAPS NO2 analyzer has 10-second time resolution. Picarro 2401m (CO2, CH4, CO, H2O) data has 2.5-second time resolution. Picarro 2201i (isotope) has ~5 second time resolution. Aeris Ultra MIRA has 1-second integration time. AE43 data are 10-second moving averages. Partical sensor has 10-second time resolution.
UNCERTAINTY: -99999, -99999, -99999, 15 m, -99999, -99999, -99999, -99999, 1 ppb, 100 ppm, 0.2 ppb, -99999, -99999, 5 ppb, 0.1 ppm, 1 ppb, 100 ppm, -99999, -99999, -99999, -99999, 2 ppb, 0.3 ppb, -99999, -99999, -99999, 0.05 ppb, 0.05 ppb, 0.05 ppb, 10 ng/m3, 10 ng/m3, 10 ng/m3, 10 ng/m3, 10 ng/m3, 10 ng/m3, 10 ng/m3, 10 ng/m3, 0
ULOD_FLAG: -77777
ULOD_VALUE: N/A
LLOD_FLAG: -88888
LLOD_VALUE: N/A
DM_CONTACT_INFO: Jiayang Sun; University of Maryland; jiayangs@umd.edu
PROJECT_INFO: USOS July - Aug 2024 https://deq.utah.gov/air-quality/utah-summer-ozone-study-usos
STIPULATIONS_ON_USE: Use of these data requires prior ok from PI.
OTHER_COMMENTS: N/A
REVISION: RA
RA: Preliminary Data for in-field use only.
StartTime_seconds, lat_DGPS_deg, lon_DGPS_deg, alt_msl_m, speed_km_h, RH, true_WS_m_s, true_WD_deg, CH4_aeris313_ppm, H2O_aeris313_ppm, C2H6_aeris313_ppb, r_aeris313, C2C1_aeris313, CO_g2401m_ppm, CO2_g2401m_ppm, CH4_g2401m_ppm, H2O_g2401m, delta13C_CH4_raw, delta13C_CO2_raw, CH4_g2201i_ppm, CO2_g2201i_ppm, NH3_g2301_ppb, O3_2B_ppm, NO_G60_ppb, NO2_G60_ppb, NOx_G60_ppb, NO_N500_ppb, NO2_N500_ppb, NOx_N500_ppb, BC370_AE43_ng_m3, BC470_AE43_ng_m3, BC520_AE43_ng_m3, BC590_AE43_ng_m3, BC660_AE43_ng_m3, BC880_AE43_ng_m3, BC950_AE43_ng_m3, PM25, PM10, Valve
[from data line 5068]
5068.0, 40.78069635333333, -111.94098732983333, 1289.29, 0.09, 13.1, 0.69, 134.84, 2.03901, 8301.54, -0.980468, -0.117323, -99999.0, 0.27848264535, 422.52993954, 1.9980688373, 0.68187756119, -99999.0, -99999.0, -99999.0, -99999.0, -99999.0, -99999.0, 3.28, -0.23, 3.05, -0.295, 0.902, 0.605, 886.0, 746.0, 894.0, 878.0, 835.0, 752.0, 811.0, -99999.0, -99999.0, 0.0
5069.0, 40.78069638966666, -111.94098733183334, 1289.277, 0.04, 13.1, 0.46, 110.33, 2.03857, 8281.28, -0.68399, 0.0396847, -99999.0, 0.2792786971, 422.512853125, 1.998084227, 0.69233106607, -52.238139086, -7.0290348631, 1.972031638127, 423.6210827685, -99999.0, 68.8, 3.26, -0.2, 3.06, -0.295, 0.902, 0.605, 1077.0, 877.0, 1028.0, 792.0, 797.0, 842.0, 552.0, -99999.0, -99999.0, 0.0
5070.0, 40.78069646216667, -111.94098737383335, 1289.246, 0.03, 13.1, 0.44, 122.56, 2.03773, 8226.44, -0.776737, 0.0963106, -99999.0, 0.27927881629, 422.550822045, 1.9980996167, 0.70278457095, -52.238139086, -6.89910427075, 1.972031638127, 423.3613178145, -99999.0, -99999.0, 3.26, -0.2, 3.07, -0.295, 0.902, 0.605, 1175.0, 958.0, 736.0, 921.0, 255.0, 533.0, 787.0, -99999.0, -99999.0, 0.0
5071.0, 40.78069649716666, -111.94098739533335, 1289.235, 0.17, 13.1, 0.47, 149.83, 2.03762, 8179.49, -0.878127, 0.0906385, -99999.0, 0.27522561122, 422.60587738, 1.9980996167, 0.70278457095, -99999.0, -99999.0, -99999.0, -99999.0, -99999.0, 68.1, 3.18, -0.16, 3.02, -0.295, 0.902, 0.605, 1077.0, 1070.0, 1188.0, 1044.0, 719.0, 797.0, 608.0, -99999.0, -99999.0, 0.0
5072.0, 40.78069653266667, -111.94098741966667, 1289.222, 0.07, 13.1, 0.51, 163.01, 2.03795, 8163.87, -0.8939, 0.030993, -99999.0, 0.27522559041, 422.68293916, 1.9970034518, 0.70519443868, -33.400708335, -6.7691736784, 1.9461712133640001, 423.3619291237, -99999.0, -99999.0, 3.18, -0.18, 3.0, -0.295, 0.902, 0.605, 1196.0, 940.0, 824.0, 794.0, 893.0, 824.0, 660.0, -99999.0, -99999.0, 0.0
5073.0, 40.780696604166664, -111.94098743949999, 1289.201, 0.13, 13.1, 0.36, 147.4, 2.0385, 8180.43, -1.00824, -0.0231102, -99999.0, 0.2752255696, 422.74911673, 1.9970034518, 0.70519443868, -99999.0, -99999.0, -99999.0, -99999.0, -99999.0, 65.9, 3.19, -0.18, 3.0, -0.295, 0.902, 0.605, 1029.0, 823.0, 897.0, 751.0, 855.0, 567.0, 745.0, -99999.0, -99999.0, 0.0
5074.0, 40.78069665583334, -111.94098745483333, 1289.182, 0.15, 13.1, 0.36, 158.6, 2.03794, 8201.03, -1.37248, -0.0969935, -99999.0, 0.27121492568, 422.74911673, 1.9970034518, 0.70519443868, -33.400708335, -6.7691736784, 1.9461712133640001, 423.3619291237, -99999.0, -99999.0, 3.19, -0.18, 3.0, -0.295, 0.902, 0.605, 1196.0, 940.0, 1028.0, 668.0, 851.0, 872.0, 787.0, -99999.0, -99999.0, 0.0
5075.0, 40.78069670016666, -111.94098748283335, 1289.169, 0.03, 13.1, 0.35, 131.22, 2.03595, 8215.03, -1.01481, -0.145822, -99999.0, 0.27121502676, 422.78141091666663, 1.9973328514000002, 0.70758077537, -33.400708335, -7.6507039132, 1.9461712133640001, 423.60711062265, -99999.0, 64.5, 3.1, -0.15, 2.94, -0.295, 0.902, 0.605, 978.0, 913.0, 781.0, 794.0, 926.0, 606.0, 825.0, -99999.0, -99999.0, 0.0
5076.0, 40.78069674216666, -111.94098752083333, 1289.154, 0.12, 13.1, 0.0, 0.0, 2.03836, 8231.85, -1.01695, -0.159633, -99999.0, 0.28657444528, 422.81429493, 1.9973328514, 0.70758077537, -99999.0, -99999.0, -99999.0, -99999.0, -99999.0, -99999.0, 3.07, -0.17, 2.9, -0.617, 0.902, 0.283, 1148.0, 1070.0, 781.0, 792.0, 684.0, 696.0, 773.0, -99999.0, -99999.0, 0.0
5077.0, 40.780696748666664, -111.94098753683332, 1289.137, 0.14, 13.1, 0.0, 0.0, 2.03896, 8240.55, -0.906658, -0.153776, -99999.0, 0.2865746459, 422.84705119, 1.9968195946, 0.71510382793, -37.566776328, -8.532234148, 1.956895754427, 423.60296067660005, -99999.0, 64.3, 3.07, -0.17, 2.9, -0.617, 0.902, 0.283, 1049.0, 710.0, 766.0, 628.0, 884.0, 328.0, 660.0, -99999.0, -99999.0, 0.0
5078.0, 40.78069673216666, -111.94098757066668, 1289.131, 0.13, 13.1, 0.0, 0.0, 2.03627, 8247.34, -1.1626, -0.128672, -99999.0, 0.28657484652, 423.11814532, 1.9968195946, 0.71510382793, -99999.0, -99999.0, -99999.0, -99999.0, -99999.0, -99999.0, 3.06, -0.16, 2.9, -0.617, 0.902, 0.283, 1220.0, 832.0, 769.0, 585.0, 1119.0, 460.0, 613.0, -99999.0, -99999.0, 0.0
5079.0, 40.780696759, -111.9409876235, 1289.111, 0.03, 13.1, 0.31, 282.84, 2.03816, 8251.82, -0.895538, -0.116644, -99999.0, 0.27672606041, 423.11814532, 1.9968195946, 0.71510382793, -37.566776328, -8.532234148, 1.956895754427, 423.60296067660005, -99999.0, 65.6, 3.04, -0.14, 2.9, -0.617, 0.902, 0.283, 1148.0, 800.0, 910.0, 751.0, 658.0, 735.0, 679.0, -99999.0, -99999.0, 0.0
5080.0, 40.78069676850001, -111.94098765483335, 1289.092, 0.15, 13.1, 0.0, 0.0, 2.03827, 8271.11, -0.903638, -0.100961, -99999.0, 0.27672614477, 423.16881435666664, 1.996884215, 0.71310543691, -37.566776328, -8.532234148, 1.956895754427, 423.4991249968, -99999.0, -99999.0, 3.06, -0.13, 2.93, -0.617, 0.902, 0.283, 913.0, 868.0, 864.0, 751.0, 793.0, 580.0, 85.0, -99999.0, -99999.0, 0.0
5081.0, 40.78069677083333, -111.94098769266665, 1289.075, 0.01, 13.1, 1.63, 131.28, 2.03791, 8288.24, -0.885686, -0.0933339, -99999.0, 0.27449286354, 423.23359315, 1.996884215, 0.71310543691, -37.566776328, -6.3525520931, 1.956895754427, 423.50938368709996, -99999.0, 66.3, 3.04, -0.11, 2.93, -0.617, 0.902, 0.283, 1148.0, 1030.0, 666.0, 751.0, 574.0, 953.0, 490.0, -99999.0, -99999.0, 0.0
5082.0, 40.78069674933333, -111.9409877605, 1289.064, 0.0, 13.2, 1.02, 148.36, 2.03785, 8308.44, -1.17517, -0.125644, -99999.0, 0.27449288622, 423.22563668, 1.9969060497, 0.71269934035, -41.535106304, -6.3525520931, 1.9473869984030001, 423.50938368709996, -99999.0, -99999.0, 3.04, -0.11, 2.93, -0.617, 0.902, 0.283, 985.0, 823.0, 842.0, 878.0, 577.0, 844.0, 415.0, -99999.0, -99999.0, 0.0
5083.0, 40.78069673633333, -111.94098781566666, 1289.051, 0.13, 13.2, 0.75, 117.88, 2.03632, 8321.03, -1.06945, -0.112203, -99999.0, 0.2744929089, 423.28163424, 1.9969060497, 0.71269934035, -99999.0, -99999.0, -99999.0, -99999.0, -99999.0, 65.4, 3.03, -0.12, 2.91, -0.617, 0.902, 0.283, 1145.0, 913.0, 897.0, 835.0, 903.0, 490.0, 776.0, -99999.0, -99999.0, 0.0
5084.0, 40.780696694, -111.94098787866666, 1289.052, 0.06, 13.2, 0.25, 121.89, 2.03709, 8315.89, -1.01578, -0.116398, -99999.0, 0.2866890211, 423.28163424, 1.9969060497, 0.71269934035, -41.535106304, -6.3525520931, 1.9473869984030001, 423.50938368709996, -99999.0, -99999.0, 3.03, -0.12, 2.91, -0.617, 0.902, 0.283, 1104.0, 764.0, 942.0, 459.0, 587.0, 615.0, 693.0, -99999.0, -99999.0, 0.0
5085.0, 40.78069667100001, -111.94098796166666, 1289.049, 0.13, 13.3, 0.0, 0.0, 2.03704, 8315.63, -0.689004, -0.148296, -99999.0, 0.2866889420466667, 423.17280273333336, 1.9969423172, 0.69571245318, -41.535106304, -6.3525520931, 1.9473869984030001, 424.11117482559996, -99999.0, 65.4, 3.0, -0.1, 2.91, -0.617, 0.902, 0.283, 1128.0, 1030.0, 794.0, 711.0, 545.0, 833.0, 511.0, -99999.0, -99999.0, 0.0
5086.0, 40.7806966615, -111.94098803266667, 1289.046, 0.14, 13.3, 0.63, 114.77, 2.03741, 8315.98, -0.688877, -0.0323583, -99999.0, 0.28545313723, 423.07027938, 1.9969423172, 0.69571245318, -41.535106304, -8.3560717503, 1.9473869984030001, 424.10173184589996, -99999.0, -99999.0, 3.05, -0.12, 2.93, -0.617, 0.902, 0.283, 1322.0, 980.0, 985.0, 878.0, 719.0, 705.0, 863.0, -99999.0, -99999.0, 0.0
5087.0, 40.78069665566666, -111.94098808550001, 1289.038, 0.22, 13.3, 0.0, 0.0, 2.03698, 8297.66, -0.869566, -0.0817928, -99999.0, 0.28545321576, 423.0289635, 1.9973012892, 0.70020305171, -34.805323251, -8.3560717503, 1.945198962779, 424.10173184589996, -99999.0, 67.5, 3.04, -0.11, 2.93, -0.617, 0.902, 0.283, 1026.0, 904.0, 678.0, 708.0, 948.0, 640.0, 427.0, -99999.0, -99999.0, 0.0
5088.0, 40.780696662833336, -111.94098815350002, 1289.035, 0.07, 13.3, 0.52, 100.6, 2.03643, 8263.49, -0.872095, -0.0589574, -99999.0, 0.28545329429, 423.20196249, 1.9973012892, 0.70020305171, -99999.0, -99999.0, -99999.0, -99999.0, -99999.0, -99999.0, 3.05, -0.09, 2.96, -0.617, 0.902, 0.283, 1223.0, 940.0, 784.0, 837.0, 603.0, 912.0, 742.0, -99999.0, -99999.0, 0.0
5089.0, 40.78069668016667, -111.94098820216668, 1289.025, 0.04, 13.3, 0.41, 94.8, 2.03809, 8238.08, -0.753382, -0.0132128, -99999.0, 0.30095574905, 423.20196249, 1.9973012892, 0.70020305171, -34.805323251, -8.3560717503, 1.945198962779, 424.10173184589996, -99999.0, 68.7, 3.03, -0.08, 2.95, -0.617, 0.902, 0.283, 981.0, 913.0, 1086.0, 751.0, 626.0, 730.0, 818.0, -99999.0, -99999.0, 0.0
5090.0, 40.7806966655, -111.94098827399999, 1289.023, 0.25, 13.3, 1.27, 115.11, 2.03614, 8224.41, -1.29112, 0.0794718, -99999.0, 0.30095578029000003, 423.25668942, 1.9975901354, 0.71225438606, -34.805323251, -8.3560717503, 1.945198962779, 423.9314481349, -99999.0, -99999.0, 3.03, -0.06, 2.97, -0.617, 0.902, 0.283, 1145.0, 962.0, 940.0, 585.0, 668.0, 636.0, 1047.0, -99999.0, -99999.0, 0.0
5091.0, 40.7806966675, -111.94098834183333, 1289.014, 0.09, 13.3, 0.71, 127.03, 2.03675, 8220.38, -0.8856, 0.078743, -99999.0, 0.290938494735, 423.33074912, 1.9975901354, 0.71225438606, -34.805323251, -6.6009325612, 1.945198962779, 423.9397171274, -99999.0, 67.1, 3.04, -0.05, 2.99, -0.617, 0.902, 0.283, 1005.0, 985.0, 852.0, 625.0, 761.0, 882.0, 594.0, -99999.0, -99999.0, 0.0
5092.0, 40.78069671116667, -111.94098841316666, 1289.001, 0.07, 13.3, 0.32, 139.64, 2.03729, 8220.15, -0.880571, 0.054626, -99999.0, 0.28092117794, 423.39704444, 1.9976880262, 0.7202301985, -36.663851561, -6.6009325612, 1.952917392715, 423.9397171274, -99999.0, -99999.0, 2.95, -0.03, 2.92, -0.617, 0.902, 0.283, 1247.0, 971.0, 852.0, 878.0, 813.0, 559.0, 460.0, -99999.0, -99999.0, 0.0
5093.0, 40.780696753833325, -111.94098843300002, 1288.989, 0.15, 13.3, 0.62, 211.63, 2.03633, 8237.81, -1.00048, 0.0510734, -99999.0, 0.28092150209, 423.552417645, 1.9976880262, 0.7202301985, -99999.0, -99999.0, -99999.0, -99999.0, -99999.0, 64.8, 2.89, -99999.0, 2.89, -0.617, 0.902, 0.283, 1125.0, 1048.0, 766.0, 1004.0, 668.0, 812.0, 709.0, -99999.0, -99999.0, 0.0
5094.0, 40.780696754500006, -111.94098847233333, 1288.979, 0.06, 13.3, 0.81, 208.56, 2.03942, 8254.94, -0.824143, 0.11842, -99999.0, 0.29828661027, 423.70779085, 1.9976880262, 0.7202301985, -99999.0, -99999.0, -99999.0, -99999.0, -99999.0, -99999.0, 2.9, 0.01, 2.91, -0.617, 0.902, 0.283, 883.0, 971.0, 739.0, 875.0, 600.0, 709.0, 646.0, -99999.0, -99999.0, 0.0
5095.0, 40.78069677933333, -111.94098853733334, 1288.968, 0.18, 13.3, 0.25, 246.04, 2.03899, 8281.26, -1.02775, 0.117229, -99999.0, 0.29828684702499997, 423.75820616, 1.9977169909, 0.72747064654, -36.663851561, -6.6009325612, 1.952917392715, 424.0037234081, -99999.0, 63.1, 2.93, -99999.0, 2.94, -0.617, 0.902, 0.283, 1223.0, 958.0, 927.0, 668.0, 771.0, 649.0, 1105.0, -99999.0, -99999.0, 0.0
5096.0, 40.780696816833334, -111.94098855766667, 1288.952, 0.13, 13.4, 0.0, 0.0, 2.03714, 8308.05, -1.2341, 0.171082, -99999.0, 0.29828708378, 423.97826605, 1.9977169909, 0.72747064654, -36.663851561, -7.1251537417, 1.952917392715, 424.0652591783, -99999.0, -99999.0, 2.95, 0.02, 2.97, -0.617, 0.902, 0.283, 1005.0, 859.0, 736.0, 878.0, 935.0, 490.0, 865.0, -99999.0, -99999.0, 0.0
5097.0, 40.78069682699999, -111.940988571, 1288.94, 0.04, 13.4, 0.0, 0.0, 2.03852, 8334.44, -0.920058, 0.251551, -99999.0, 0.28648705299, 423.990604825, 1.99765736, 0.7275716888, -45.620168905, -7.1251537417, 1.95656727426, 424.0652591783, -99999.0, 62.7, 2.9, 0.05, 2.95, -0.617, 0.902, 0.283, 1145.0, 823.0, 799.0, 628.0, 603.0, 469.0, 521.0, -99999.0, -99999.0, 0.0
5098.0, 40.780696869833335, -111.94098861616666, 1288.915, 0.12, 13.5, 0.33, 219.82, 2.03631, 8364.38, -0.868463, 0.239142, -99999.0, 0.28648702673, 424.038598415, 1.9975977291, 0.72767273106, -99999.0, -99999.0, -99999.0, -99999.0, -99999.0, -99999.0, 2.8, 0.08, 2.88, -0.527, 0.793, 0.264, 1005.0, 746.0, 912.0, 961.0, 826.0, 739.0, 794.0, -99999.0, -99999.0, 0.0
5099.0, 40.78069689816667, -111.94098864833335, 1288.894, 0.11, 13.5, 0.31, 234.31, 2.03729, 8387.76, -0.966217, 0.192365, -99999.0, 0.28500428261, 424.07425323, 1.9975977291, 0.72767273106, -99999.0, -99999.0, -99999.0, -99999.0, -99999.0, 62.8, 2.81, 0.07, 2.88, -0.527, 0.793, 0.264, 1391.0, 1052.0, 696.0, 835.0, 706.0, 589.0, 766.0, -99999.0, -99999.0, 0.0
5100.0, 40.7806969095, -111.94098869766667, 1288.873, 0.15, 13.5, 0.41, 225.85, 2.03837, 8400.19, -0.797925, 0.212622, -99999.0, 0.285004373255, 424.10118354, 1.9974284425, 0.73559224263, -45.620168905, -7.1251537417, 1.95656727426, 424.29041861315, -99999.0, -99999.0, 2.84, 0.09, 2.92, -0.527, 0.793, 0.264, 958.0, 764.0, 769.0, 752.0, 1071.0, 1064.0, 870.0, -99999.0, -99999.0, 0.0
5101.0, 40.78069693449999, -111.94098875116667, 1288.853, 0.17, 13.5, 0.0, 0.0, 2.03978, 8408.02, -0.873991, 0.232447, -99999.0, 0.2850044639, 424.17731107, 1.9974284425, 0.73559224263, -45.620168905, -6.1247590291, 1.95656727426, 424.5202976403, -99999.0, 62.7, 2.89, 0.08, 2.97, -0.527, 0.793, 0.264, 1121.0, 1034.0, 897.0, 795.0, 1106.0, 822.0, 903.0, -99999.0, -99999.0, 0.0
5102.0, 40.78069694766667, -111.940988829, 1288.839, 0.03, 13.5, 0.0, 0.0, 2.03651, 8429.71, -0.986647, 0.229946, -99999.0, 0.28136825022, 424.194701685, 1.99758928485, 0.736874555245, -99999.0, -99999.0, -99999.0, -99999.0, -99999.0, -99999.0, 2.91, 0.09, 2.99, -0.527, 0.793, 0.264, 1268.0, 949.0, 809.0, 542.0, 616.0, 745.0, 540.0, -99999.0, -99999.0, 0.0
5103.0, 40.78069694616667, -111.94098892100001, 1288.832, 0.0, 13.5, 0.39, 113.46, 2.03867, 8453.68, -1.04213, 0.218978, -99999.0, 0.28136859551, 424.32587035, 1.9977501272, 0.73815686786, -39.284287528, -6.1247590291, 1.951012699687, 424.5202976403, -99999.0, 61.0, 2.87, 0.11, 2.97, -0.527, 0.793, 0.264, 1149.0, 787.0, 709.0, 838.0, 606.0, 792.0, 740.0, -99999.0, -99999.0, 0.0
5104.0, 40.780696925833325, -111.94098898433334, 1288.832, 0.05, 13.5, 0.49, 117.27, 2.03706, 8477.14, -0.903369, 0.280192, -99999.0, 0.28570761528, 424.4396484, 1.9977501272, 0.73815686786, -99999.0, -99999.0, -99999.0, -99999.0, -99999.0, -99999.0, 2.85, 0.1, 2.94, -0.527, 0.793, 0.264, 1149.0, 1160.0, 779.0, 542.0, 842.0, 430.0, 771.0, -99999.0, -99999.0, 0.0
5105.0, 40.78069689649999, -111.94098904799999, 1288.831, 0.07, 13.5, 0.52, 99.73, 2.0376, 8485.16, -1.03622, 0.264794, -99999.0, 0.28570766115, 424.45143186, 1.9983392492, 0.73914213191, -39.284287528, -6.1247590291, 1.951012699687, 424.5202976403, -99999.0, 57.9, 2.83, 0.13, 2.96, -0.527, 0.793, 0.264, 1104.0, 823.0, 827.0, 751.0, 690.0, 752.0, 988.0, -99999.0, -99999.0, 0.0
5106.0, 40.78069685766666, -111.94098909216667, 1288.833, 0.06, 13.4, 0.43, 86.03, 2.03801, 8497.72, -1.09437, 0.260703, -99999.0, 0.28570770702, 424.52396398, 1.9983392492, 0.73914213191, -39.284287528, -6.5128379701, 1.951012699687, 424.66638885985, -99999.0, -99999.0, 2.84, 0.15, 2.99, -0.527, 0.793, 0.264, 1172.0, 908.0, 751.0, 711.0, 1003.0, 529.0, 507.0, -99999.0, -99999.0, 0.0
5107.0, 40.7806968055, -111.94098913516667, 1288.84, 0.02, 13.4, 0.59, 88.94, 2.03758, 8507.09, -1.07306, 0.250567, -99999.0, 0.29216379264, 424.52396398, 1.9983392492, 0.73914213191, -99999.0, -99999.0, -99999.0, -99999.0, -99999.0, 57.1, 2.83, 0.16, 2.99, -0.527, 0.793, 0.264, 1196.0, 868.0, 709.0, 794.0, 906.0, 559.0, 684.0, -99999.0, -99999.0, 0.0
5108.0, 40.78069675283333, -111.94098920116667, 1288.848, 0.08, 13.4, 0.57, 90.35, 2.04002, 8516.3, -0.812526, 0.251354, -99999.0, 0.2921635440066666, 424.42893617666664, 1.9986217833, 0.73622278295, -45.591724878, -6.9009169111, 1.9560411801150002, 424.6645573702, -99999.0, -99999.0, 2.83, 0.18, 3.01, -0.527, 0.793, 0.264, 1176.0, 1025.0, 952.0, 708.0, 568.0, 636.0, 554.0, -99999.0, -99999.0, 0.0
5109.0, 40.780696672833336, -111.94098926983334, 1288.864, 0.07, 13.4, 0.41, 95.66, 2.03813, 8526.1, -0.552484, 0.259045, -99999.0, 0.29481760868, 424.25172329, 1.9986217833, 0.73622278295, -99999.0, -99999.0, -99999.0, -99999.0, -99999.0, 59.2, 2.81, 0.2, 3.0, -0.527, 0.793, 0.264, 910.0, 792.0, 970.0, 752.0, 426.0, 705.0, 985.0, -99999.0, -99999.0, 0.0
