arc_raw/USOS-ARL-Suite_ARC_20240721_RA.ict
71,1001
Xinrong Ren
NOAA Air Resources Lab
ARC-Suite
USOS: Utah Summer Ozone Study
1,1
2024,07,21,2024,07,21
1
StartTime_seconds, seconds, Start time in UTC seconds since midnight
38
1,1,1,1,1,1,1,1,1,1,1,1,1,1,1,1,1,1,1,1,1,1,1,1,1,1,1,1,1,1,1,1,1,1,1,1,1,1
-99999,-99999,-99999,-99999,-99999,-99999,-99999,-99999,-99999,-99999,-99999,-99999,-99999,-99999,-99999,-99999,-99999,-99999,-99999,-99999,-99999,-99999,-99999,-99999,-99999,-99999,-99999,-99999,-99999,-99999,-99999,-99999,-99999,-99999,-99999,-99999,-99999,-99999
lat_DGPS_deg, degrees, Latitude in decimal by Hemisphere VS1100 Differential GPS
lon_DGPS_deg, degrees, Longitude in decimal by Hemisphere VS1100 Differential GPS
alt_msl_m, meters, GPS Altitude MSL
speed_km_h, km/s, vehicle speed
RH, percent, relative humidity
true_WS_m_s, m/s, wind speed by 2D sonic sensor
true_WD_deg, degree, wind direction by 2D sonic sensor
CH4_aeris313_ppm, ppm, CH4 mixing ratio by Aeris
H2O_aeris313_ppm, ppm, H2O mixing ratio by Aeris
C2H6_aeris313_ppb, ppb, C2H6 mixing ratio by Aeris
r_aeris313, 1, relavence between CH4 and C2H6 by Aeris
C2C1_aeris313, 1, C2H6 to CH4 ratio by Aeris
CO_g2401m_ppm, ppm, CO mixing ratio by Picarro G2401m
CO2_g2401m_ppm, ppm, CO2 mixing ratio by Picarro G2401m
CH4_g2401m_ppm, ppm, CH4 mixing ratio by Picarro G2401m
H2O_g2401m, ppm, H2O mixing ratio by Picarro G2401m
delta13C_CH4_raw, permill, delta 13C of CH4 by Picarro G2201i
delta13C_CO2_raw, permill, delta 13C of CO2 by Picarro G2201i
CH4_g2201i_ppm, ppm, CH4 mixing ratio by Picarro G2201i
CO2_g2201i_ppm, ppm, CO2 mixing ratio by Picarro G2201i
NH3_g2301_ppb, ppb, NH3 mixing ratio by Picarro G2301
O3_2B_ppm, ppm, O3 mixing ratio by 2B
NO_G60_ppb, ppb, NO mixing ratio by G60
NO2_G60_ppb, ppb, NO2 mixing ratio by G60
NOx_G60_ppb, ppb, NOx mixing ratio by G60
NO_N500_ppb, ppb, NO mixing ratio by N500
NO2_N500_ppb, ppb, NO2 mixing ratio by N500
NOx_N500_ppb, ppb, NOx mixing ratio by N500
BC370_AE43_ng_m3, ng/m3, Black Carbon at 370 nm by AE43
BC470_AE43_ng_m3, ng/m3, Black Carbon at 470 nm by AE43
BC520_AE43_ng_m3, ng/m3, Black Carbon at 520 nm by AE43
BC590_AE43_ng_m3, ng/m3, Black Carbon at 590 nm by AE43
BC660_AE43_ng_m3, ng/m3, Black Carbon at 660 nm by AE43
BC880_AE43_ng_m3, ng/m3, Black Carbon at 880 nm by AE43
BC950_AE43_ng_m3, ng/m3, Black Carbon at 950 nm by AE43
PM25, ug/m3, PM2.5 by particle sensor
PM10, ug/m3, PM10 by particle sensor
Valve, boolian, indicator of valve conditions;0 is measurement; 10 is zeroing; 11 is spanning
1
SPECIAL COMMENTS, N/A
18
PI_CONTACT_INFO: xinrong.ren@noaa.gov, 301-683-1391, NOAA/ARL, 5830 University Research Court, College Park, MD 20740
PLATFORM: NOAA Air Resources Car
LOCATION: Salt Lake City
ASSOCIATED_DATA: N/A
INSTRUMENT_INFO: Hemisphere VS1100 differential GPS (Latitude, Longitude, GPS Altitude, speed), meteorological sensor (RH, WS, WD), 2B (O3), G60 CRDS (NO-NOx), Teledyne N500 (NO-NOx), Picarro G2401-m (CO2, CH4, CO, H2O), Picarro G2201i (CO2, CH4, d13C_CO2, d13C_CH4, H2O), Picarro 2301 (NH3), Aeris Ultra MIRA (CH4, C2H6, H2O, r, C2/C1), AE43 (Black Carbon), Partical sensor (PM2.5, PM10)
DATA_INFO: Records are reported at 1-second intervals. Hemisphere VS1100 differential GPS has 1-second ntervals. 2B O3 values are reported 2-second averages. G60 Cavity Rong Down NO-NO2-NO2 has 1-second average. Teledyne CAPS NO2 analyzer has 10-second time resolution. Picarro 2401m (CO2, CH4, CO, H2O) data has 2.5-second time resolution. Picarro 2201i (isotope) has ~5 second time resolution. Aeris Ultra MIRA has 1-second integration time. AE43 data are 10-second moving averages. Partical sensor has 10-second time resolution.
UNCERTAINTY: -99999, -99999, -99999, 15 m, -99999, -99999, -99999, -99999, 1 ppb, 100 ppm, 0.2 ppb, -99999, -99999, 5 ppb, 0.1 ppm, 1 ppb, 100 ppm, -99999, -99999, -99999, -99999, 2 ppb, 0.3 ppb, -99999, -99999, -99999, 0.05 ppb, 0.05 ppb, 0.05 ppb, 10 ng/m3, 10 ng/m3, 10 ng/m3, 10 ng/m3, 10 ng/m3, 10 ng/m3, 10 ng/m3, 10 ng/m3, 0
ULOD_FLAG: -77777
ULOD_VALUE: N/A
LLOD_FLAG: -88888
LLOD_VALUE: N/A
DM_CONTACT_INFO: Jiayang Sun; University of Maryland; jiayangs@umd.edu
PROJECT_INFO: USOS July - Aug 2024 https://deq.utah.gov/air-quality/utah-summer-ozone-study-usos
STIPULATIONS_ON_USE: Use of these data requires prior ok from PI.
OTHER_COMMENTS: N/A
REVISION: RA
RA: Preliminary Data for in-field use only.
StartTime_seconds, lat_DGPS_deg, lon_DGPS_deg, alt_msl_m, speed_km_h, RH, true_WS_m_s, true_WD_deg, CH4_aeris313_ppm, H2O_aeris313_ppm, C2H6_aeris313_ppb, r_aeris313, C2C1_aeris313, CO_g2401m_ppm, CO2_g2401m_ppm, CH4_g2401m_ppm, H2O_g2401m, delta13C_CH4_raw, delta13C_CO2_raw, CH4_g2201i_ppm, CO2_g2201i_ppm, NH3_g2301_ppb, O3_2B_ppm, NO_G60_ppb, NO2_G60_ppb, NOx_G60_ppb, NO_N500_ppb, NO2_N500_ppb, NOx_N500_ppb, BC370_AE43_ng_m3, BC470_AE43_ng_m3, BC520_AE43_ng_m3, BC590_AE43_ng_m3, BC660_AE43_ng_m3, BC880_AE43_ng_m3, BC950_AE43_ng_m3, PM25, PM10, Valve
[from data line 3603]
6045.0, 40.78069002416667, -111.94098808383333, 1287.402, 0.07, 18.2, 1.7, 127.67, 1.98306, 12524.0, 18.6797, -0.107509, -99999.0, 0.14604731326, 422.51086247, 1.9576328628, 1.0860970296, -47.435740774, -6.5150863341, 1.920059009767, 423.20159828879997, -99999.0, 52.3, 19.57, 2.96, 22.53, -0.295, 2.219, 1.93, -99999.0, -99999.0, -99999.0, -99999.0, -99999.0, -99999.0, -99999.0, 3.78, 6.75, 0.0
6046.0, 40.78069003116667, -111.94098810483335, 1287.404, 0.06, 18.2, 2.26, 106.65, 1.98166, 12521.4, 18.6654, -0.0717601, -99999.0, 0.1403109762, 422.89149694, 1.9576328628, 1.0860970296, -99999.0, -99999.0, -99999.0, -99999.0, -99999.0, -99999.0, 19.55, 2.94, 22.5, -0.295, 2.219, 1.93, -99999.0, -99999.0, -99999.0, -99999.0, -99999.0, -99999.0, -99999.0, 3.33, 3.33, 0.0
6047.0, 40.780690048333334, -111.94098812766667, 1287.403, 0.11, 18.2, 1.6, 71.98, 1.98037, 12511.7, 18.9025, -0.0762971, -99999.0, 0.140310391935, 422.88630502, 1.9575382677, 1.0848090936, -47.435740774, -6.5150863341, 1.920059009767, 423.34760680945, -99999.0, 53.3, 19.55, 2.96, 22.51, -0.295, 2.219, 1.93, -99999.0, -99999.0, -99999.0, -99999.0, -99999.0, -99999.0, -99999.0, 3.53, 4.48, 0.0
6048.0, 40.780690093333334, -111.94098819450001, 1287.395, 0.03, 18.2, 0.92, 39.76, 1.98073, 12511.1, 18.7165, -0.0727573, -99999.0, 0.14030980767, 422.65177004, 1.9575382677, 1.0848090936, -47.435740774, -7.7895175208, 1.920059009767, 423.48761742240004, -99999.0, -99999.0, 19.56, 2.96, 22.52, -0.295, 2.219, 1.93, -99999.0, -99999.0, -99999.0, -99999.0, -99999.0, -99999.0, -99999.0, 3.24, 5.28, 0.0
6049.0, 40.780690158000006, -111.94098827033334, 1287.383, 0.05, 18.2, 0.99, 75.47, 1.98027, 12504.5, 18.7921, -0.09865, -99999.0, 0.14354762809, 422.659721265, 1.9574076248, 1.08785122805, -51.928280748, -7.7895175208, 1.922511257829, 423.48761742240004, -99999.0, 54.7, 19.61, 2.98, 22.58, -0.295, 2.219, 1.93, -99999.0, -99999.0, -99999.0, -99999.0, -99999.0, -99999.0, -99999.0, 3.34, 3.92, 0.0
6050.0, 40.7806902285, -111.94098834166668, 1287.371, 0.05, 18.2, 1.42, 68.76, 1.98179, 12502.5, 18.8182, -0.107663, -99999.0, 0.14354847647, 422.742745555, 1.9572769819, 1.0908933625, -51.928280748, -7.7895175208, 1.922511257829, 423.48761742240004, -99999.0, -99999.0, 19.61, 2.99, 22.61, -0.295, 2.219, 1.93, -99999.0, -99999.0, -99999.0, -99999.0, -99999.0, -99999.0, -99999.0, 3.15, 3.15, 0.0
6051.0, 40.78069027583334, -111.94098838633333, 1287.361, 0.12, 18.2, 1.3, 74.47, 1.98129, 12502.4, 18.8539, -0.0777946, -99999.0, 0.14004841977, 422.81781862, 1.9572769819, 1.0908933625, -51.928280748, -7.7895175208, 1.922511257829, 423.39731314209996, -99999.0, 53.7, 19.64, 3.03, 22.67, -0.295, 2.219, 1.93, -99999.0, -99999.0, -99999.0, -99999.0, -99999.0, -99999.0, -99999.0, 3.22, 3.22, 0.0
6052.0, 40.780690305, -111.94098841949999, 1287.358, 0.05, 18.2, 1.97, 87.97, 1.98025, 12504.8, 18.6585, -0.0647034, -99999.0, 0.140048762355, 422.87496371, 1.957163261, 1.1020355402, -51.928280748, -6.995439512, 1.922511257829, 423.401049547, -99999.0, -99999.0, 19.69, 3.04, 22.72, -0.295, 2.219, 1.93, -99999.0, -99999.0, -99999.0, -99999.0, -99999.0, -99999.0, -99999.0, 4.0, 24.24, 0.0
6053.0, 40.78069034850001, -111.94098848033333, 1287.359, 0.1, 18.2, 1.93, 95.46, 1.98181, 12508.7, 19.0102, -0.0993671, -99999.0, 0.14004910494, 423.07064151, 1.957163261, 1.1020355402, -46.192858948, -6.995439512, 1.9161722328450002, 423.401049547, -99999.0, 51.1, 19.72, 3.02, 22.74, -0.295, 2.219, 1.93, -99999.0, -99999.0, -99999.0, -99999.0, -99999.0, -99999.0, -99999.0, 2.94, 4.4, 0.0
6054.0, 40.780690391166665, -111.94098853066667, 1287.353, 0.03, 18.2, 2.3, 77.56, 1.98132, 12523.0, 19.031, -0.0633932, -99999.0, 0.14625595501, 423.10477402, 1.95729774045, 1.1067455423500001, -46.192858948, -6.995439512, 1.9161722328450002, 423.401049547, -99999.0, -99999.0, 19.73, 3.03, 22.76, -0.295, 2.219, 1.93, -99999.0, -99999.0, -99999.0, -99999.0, -99999.0, -99999.0, -99999.0, 2.75, 4.21, 0.0
6055.0, 40.78069043116667, -111.94098858616665, 1287.348, 0.07, 18.2, 1.78, 110.36, 1.98103, 12551.5, 18.8895, -0.127616, -99999.0, 0.14625769534, 423.30396099999996, 1.9574322199, 1.1114555445, -46.192858948, -6.995439512, 1.9161722328450002, 423.837939808, -99999.0, 49.6, 19.75, 3.08, 22.84, -0.295, 2.219, 1.93, -99999.0, -99999.0, -99999.0, -99999.0, -99999.0, -99999.0, -99999.0, 3.57, 5.67, 0.0
6056.0, 40.78069049016667, -111.94098863683332, 1287.339, 0.03, 18.3, 2.24, 95.95, 1.97956, 12579.1, 18.8318, -0.170525, -99999.0, 0.13611763557, 423.46901547, 1.9574322199, 1.1114555445, -46.192858948, -7.6196176172, 1.9161722328450002, 423.834999809, -99999.0, -99999.0, 19.81, 3.1, 22.91, -0.295, 2.219, 1.93, -99999.0, -99999.0, -99999.0, -99999.0, -99999.0, -99999.0, -99999.0, 3.68, 6.09, 0.0
6057.0, 40.78069053949999, -111.94098869933332, 1287.329, 0.11, 18.3, 2.33, 123.15, 1.98067, 12602.9, 19.0233, -0.175888, -99999.0, 0.13611941704000002, 423.50155077, 1.9577426142, 1.1118250091, -45.287859727, -7.6196176172, 1.9117385022, 423.834999809, -99999.0, 50.1, 19.82, 3.13, 22.95, -0.295, 2.219, 1.93, -99999.0, -99999.0, -99999.0, -99999.0, -99999.0, -99999.0, -99999.0, 3.22, 4.68, 0.0
6058.0, 40.780690572333334, -111.94098875700001, 1287.328, 0.01, 18.3, 1.58, 93.75, 1.98176, 12633.1, 18.8886, -0.209213, -99999.0, 0.13612119851, 424.20984406, 1.9577426142, 1.1118250091, -45.287859727, -7.6196176172, 1.9117385022, 423.834999809, -99999.0, -99999.0, 19.86, 3.15, 23.01, -0.295, 2.219, 1.93, -99999.0, -99999.0, -99999.0, -99999.0, -99999.0, -99999.0, -99999.0, 4.12, 4.12, 0.0
6059.0, 40.780690617999994, -111.94098880983331, 1287.323, 0.12, 18.4, 1.67, 84.36, 1.9804, 12657.1, 18.732, -0.194339, -99999.0, 0.14870453714, 424.20984406, 1.9577426142, 1.1118250091, -45.287859727, -7.6196176172, 1.9117385022, 423.7001284276, -99999.0, 51.1, 19.86, 3.17, 23.03, -0.295, 2.219, 1.93, -99999.0, -99999.0, -99999.0, -99999.0, -99999.0, -99999.0, -99999.0, 3.99, 3.99, 0.0
6060.0, 40.78069064300001, -111.94098885966666, 1287.318, 0.03, 18.4, 2.42, 106.56, 1.98072, 12674.0, 18.7003, -0.228612, -99999.0, 0.14870338614666667, 424.0811436433333, 1.958082633, 1.1081966835, -45.287859727, -5.5537916448, 1.9117385022, 423.7098557694, -99999.0, -99999.0, 19.92, 3.18, 23.1, -0.295, 2.219, 1.93, -99999.0, -99999.0, -99999.0, -99999.0, -99999.0, -99999.0, -99999.0, 4.17, 6.66, 0.0
6061.0, 40.78069068883334, -111.94098890633335, 1287.313, 0.05, 18.4, 2.31, 119.77, 1.98092, 12691.4, 18.8971, -0.207694, -99999.0, 0.14839623504, 423.84544001, 1.958082633, 1.1081966835, -46.615131506, -5.5537916448, 1.913820301436, 423.7098557694, -99999.0, 49.4, 19.92, 3.19, 23.11, -0.295, 2.219, 1.93, -99999.0, -99999.0, -99999.0, -99999.0, -99999.0, -99999.0, -99999.0, 4.25, 6.29, 0.0
6062.0, 40.780690736500006, -111.94098896016666, 1287.306, 0.1, 18.5, 1.91, 123.16, 1.98274, 12705.6, 18.9377, -0.139592, -99999.0, 0.14839545256999997, 423.79627012, 1.9592630431, 1.0970413919, -46.615131506, -5.5537916448, 1.913820301436, 423.7098557694, -99999.0, -99999.0, 19.91, 3.19, 23.11, -0.295, 2.219, 1.93, -99999.0, -99999.0, -99999.0, -99999.0, -99999.0, -99999.0, -99999.0, 2.91, 2.91, 0.0
6063.0, 40.78069079716666, -111.94098900033332, 1287.302, 0.01, 18.5, 1.17, 93.95, 1.98162, 12708.4, 19.1632, -0.0976873, -99999.0, 0.1483946701, 423.49371668, 1.9592630431, 1.0970413919, -46.615131506, -5.5537916448, 1.913820301436, 423.8420934066, -99999.0, 48.8, 19.81, 3.19, 23.01, -0.295, 2.219, 1.93, -99999.0, -99999.0, -99999.0, -99999.0, -99999.0, -99999.0, -99999.0, 3.12, 3.12, 0.0
6064.0, 40.7806908605, -111.94098906833332, 1287.302, 0.05, 18.5, 0.93, 86.66, 1.98204, 12705.8, 18.7895, -0.06323, -99999.0, 0.14235691647, 423.49371668, 1.9592630431, 1.0970413919, -46.615131506, -6.4705180788, 1.913820301436, 423.8377754754, -99999.0, -99999.0, 19.77, 3.19, 22.97, -0.295, 2.219, 1.93, -99999.0, -99999.0, -99999.0, -99999.0, -99999.0, -99999.0, -99999.0, 3.59, 4.17, 0.0
6065.0, 40.78069090916666, -111.94098911533335, 1287.307, 0.1, 18.5, 0.8, 77.36, 1.98339, 12674.8, 18.9641, 0.0384557, -99999.0, 0.14235755045, 423.5133776, 1.9594429322, 1.1008882771, -48.663906008, -6.4705180788, 1.914311683658, 423.8377754754, -99999.0, 51.3, 19.75, 3.2, 22.95, -0.295, 2.219, 1.93, -99999.0, -99999.0, -99999.0, -99999.0, -99999.0, -99999.0, -99999.0, 3.35, 10.13, 0.0
6066.0, 40.78069097666667, -111.94098917499998, 1287.306, 0.06, 18.5, 0.82, 133.65, 1.98213, 12647.0, 18.8337, 0.104736, -99999.0, 0.14793528213, 423.60125748, 1.9594429322, 1.1008882771, -48.663906008, -6.4705180788, 1.914311683658, 423.8377754754, -99999.0, -99999.0, 19.67, 3.21, 22.88, -0.216, 2.125, 1.914, -99999.0, -99999.0, -99999.0, -99999.0, -99999.0, -99999.0, -99999.0, 3.49, 4.44, 0.0
6067.0, 40.780691022166664, -111.94098919216667, 1287.301, 0.07, 18.5, 0.6, 168.45, 1.98315, 12645.3, 18.7924, 0.075301, -99999.0, 0.14793528213, 423.6138483, 1.959001505, 1.1008293269, -48.663906008, -6.58199581455, 1.914311683658, 424.43746444699997, -99999.0, 52.5, 19.59, 3.25, 22.83, -0.216, 2.125, 1.914, -99999.0, -99999.0, -99999.0, -99999.0, -99999.0, -99999.0, -99999.0, 2.94, 4.47, 0.0
6068.0, 40.78069106000001, -111.94098920050001, 1287.29, 0.06, 18.5, 0.28, 164.66, 1.98246, 12640.6, 18.541, 0.0347416, -99999.0, 0.14793686183, 423.81204009, 1.959001505, 1.1008293269, -99999.0, -99999.0, -99999.0, -99999.0, -99999.0, -99999.0, 19.54, 3.27, 22.81, -0.216, 2.125, 1.914, -99999.0, -99999.0, -99999.0, -99999.0, -99999.0, -99999.0, -99999.0, 3.09, 3.09, 0.0
6069.0, 40.78069111866667, -111.94098922516666, 1287.278, 0.13, 18.5, 0.0, 0.0, 1.98491, 12633.4, 18.8253, -0.00946003, -99999.0, 0.14428912305, 424.01023188, 1.959001505, 1.1008293269, -42.19793287, -6.6934735503, 1.9171763867040001, 424.43693862509997, -99999.0, 51.6, 19.54, 3.27, 22.81, -0.216, 2.125, 1.914, -99999.0, -99999.0, -99999.0, -99999.0, -99999.0, -99999.0, -99999.0, 4.21, 5.16, 0.0
6070.0, 40.78069118566667, -111.94098923483334, 1287.268, 0.12, 18.5, 0.0, 0.0, 1.98192, 12629.8, 18.621, -0.0221851, -99999.0, 0.144289592065, 424.01801966, 1.9595065677, 1.1032291556, -42.19793287, -6.6934735503, 1.9171763867040001, 424.43693862509997, -99999.0, -99999.0, 19.47, 3.35, 22.82, -0.216, 2.125, 1.914, -99999.0, -99999.0, -99999.0, -99999.0, -99999.0, -99999.0, -99999.0, 4.03, 4.61, 0.0
6071.0, 40.78069121233334, -111.94098924416667, 1287.267, 0.05, 18.5, 0.0, 0.0, 1.98259, 12638.7, 18.9678, 0.0318336, -99999.0, 0.14234372323, 424.13915089, 1.9595065677, 1.1032291556, -42.19793287, -6.5766822421, 1.9171763867040001, 424.3093428443, -99999.0, 50.2, 19.47, 3.35, 22.82, -0.216, 2.125, 1.914, -99999.0, -99999.0, -99999.0, -99999.0, -99999.0, -99999.0, -99999.0, 3.8, 4.38, 0.0
6072.0, 40.78069123233334, -111.9409892505, 1287.272, 0.03, 18.5, 0.82, 103.64, 1.98264, 12646.3, 19.1083, 0.0959298, -99999.0, 0.14039738538, 424.14646277, 1.958977595, 1.1030263067, -99999.0, -99999.0, -99999.0, -99999.0, -99999.0, -99999.0, 19.49, 3.41, 22.89, -0.216, 2.125, 1.914, -99999.0, -99999.0, -99999.0, -99999.0, -99999.0, -99999.0, -99999.0, 3.22, 5.35, 0.0
6073.0, 40.78069128266667, -111.940989259, 1287.269, 0.11, 18.5, 0.99, 124.36, 1.98253, 12642.9, 19.143, 0.121396, -99999.0, 0.14039789805, 424.197375125, 1.958977595, 1.1030263067, -47.845694287, -6.4598909339, 1.905809891745, 424.3098935631, -99999.0, 49.5, 19.49, 3.41, 22.89, -0.216, 2.125, 1.914, -99999.0, -99999.0, -99999.0, -99999.0, -99999.0, -99999.0, -99999.0, 3.35, 4.5, 0.0
6074.0, 40.78069130733334, -111.94098926083333, 1287.269, 0.15, 18.5, 0.99, 108.76, 1.98348, 12635.8, 19.1945, 0.206554, -99999.0, 0.1485254825, 424.24828748, 1.958977595, 1.1030263067, -47.845694287, -6.4598909339, 1.905809891745, 424.3098935631, -99999.0, -99999.0, 19.54, 3.5, 23.04, -0.216, 2.125, 1.914, -99999.0, -99999.0, -99999.0, -99999.0, -99999.0, -99999.0, -99999.0, 3.54, 7.49, 0.0
6075.0, 40.78069132333333, -111.94098926516666, 1287.269, 0.07, 18.5, 1.05, 102.05, 1.9815, 12650.2, 18.839, 0.261853, -99999.0, 0.148527126895, 424.25147179, 1.9592298979, 1.1041857417, -47.845694287, -5.68329602605, 1.905809891745, 424.29252738785, -99999.0, 50.2, 19.54, 3.5, 23.04, -0.216, 2.125, 1.914, -99999.0, -99999.0, -99999.0, -99999.0, -99999.0, -99999.0, -99999.0, 3.89, 4.47, 0.0
6076.0, 40.780691334, -111.94098926783333, 1287.27, 0.07, 18.5, 1.06, 96.87, 1.98056, 12653.4, 19.0604, 0.220147, -99999.0, 0.14852877129, 424.97730463, 1.9592298979, 1.1041857417, -99999.0, -99999.0, -99999.0, -99999.0, -99999.0, -99999.0, 19.57, 3.54, 23.11, -0.216, 2.125, 1.914, -99999.0, -99999.0, -99999.0, -99999.0, -99999.0, -99999.0, -99999.0, 3.61, 4.19, 0.0
6077.0, 40.780691332833335, -111.940989231, 1287.27, 0.09, 18.5, 1.09, 91.75, 1.98308, 12653.3, 18.9725, 0.244379, -99999.0, 0.15802498335, 424.97944795499996, 1.95964911305, 1.1042487627000002, -40.687154291, -4.9067011182, 1.909108128905, 424.2961891693, -99999.0, 49.9, 19.6, 3.65, 23.25, -0.216, 2.125, 1.914, -99999.0, -99999.0, -99999.0, -99999.0, -99999.0, -99999.0, -99999.0, 3.41, 4.36, 0.0
6078.0, 40.780691366666666, -111.94098920066666, 1287.272, 0.08, 18.5, 1.2, 89.97, 1.98374, 12653.3, 19.1141, 0.274005, -99999.0, 0.15802552059, 425.013667445, 1.9600683282, 1.1043117837, -40.687154291, -4.9067011182, 1.909108128905, 424.2961891693, -99999.0, -99999.0, 19.6, 3.65, 23.25, -0.216, 2.125, 1.914, -99999.0, -99999.0, -99999.0, -99999.0, -99999.0, -99999.0, -99999.0, 3.83, 15.36, 0.0
6079.0, 40.780691396499996, -111.94098918733334, 1287.271, 0.12, 18.5, 1.04, 111.68, 1.98323, 12656.5, 18.8454, 0.234878, -99999.0, 0.14913046068, 425.04574361, 1.9600683282, 1.1043117837, -40.687154291, -6.585568660350001, 1.909108128905, 424.9829747703, -99999.0, 49.8, 19.59, 3.67, 23.25, -0.216, 2.125, 1.914, -99999.0, -99999.0, -99999.0, -99999.0, -99999.0, -99999.0, -99999.0, 3.3, 4.25, 0.0
6080.0, 40.78069144683333, -111.94098918266667, 1287.267, 0.05, 18.5, 1.4, 96.48, 1.98323, 12658.9, 19.0469, 0.255617, -99999.0, 0.14912953101499998, 425.06480254, 1.9596623623, 1.109900527, -99999.0, -99999.0, -99999.0, -99999.0, -99999.0, -99999.0, 19.56, 3.69, 23.25, -0.216, 2.125, 1.914, -99999.0, -99999.0, -99999.0, -99999.0, -99999.0, -99999.0, -99999.0, 4.57, 4.57, 0.0
6081.0, 40.78069146233334, -111.94098915949999, 1287.27, 0.08, 18.5, 1.91, 103.4, 1.98323, 12664.9, 18.9724, 0.257985, -99999.0, 0.14912860135, 424.76050439, 1.9596623623, 1.109900527, -51.954182721, -8.2644362025, 1.9213762649339998, 424.9750456534, -99999.0, 50.6, 19.59, 3.71, 23.29, -0.216, 2.125, 1.914, -99999.0, -99999.0, -99999.0, -99999.0, -99999.0, -99999.0, -99999.0, 3.39, 4.92, 0.0
6082.0, 40.780691468499995, -111.94098912783332, 1287.273, 0.06, 18.5, 1.65, 74.59, 1.98363, 12666.7, 18.884, 0.177382, -99999.0, 0.14640380983, 424.78820288, 1.9592560009, 1.11541628465, -51.954182721, -8.2644362025, 1.9213762649339998, 424.9750456534, -99999.0, -99999.0, 19.6, 3.74, 23.34, -0.216, 2.125, 1.914, -99999.0, -99999.0, -99999.0, -99999.0, -99999.0, -99999.0, -99999.0, 3.08, 7.12, 0.0
6083.0, 40.7806914765, -111.94098910283334, 1287.28, 0.09, 18.5, 2.61, 73.51, 1.98505, 12669.3, 18.4924, -0.0210611, -99999.0, 0.14640324574, 424.74931691, 1.9588496395, 1.1209320423, -51.954182721, -7.72145929825, 1.9213762649339998, 424.53431221225003, -99999.0, 50.4, 19.64, 3.78, 23.42, -0.216, 2.125, 1.914, -99999.0, -99999.0, -99999.0, -99999.0, -99999.0, -99999.0, -99999.0, 4.15, 4.15, 0.0
