arc_raw/USOS-ARL-Suite_ARC_20240722_RA.ict
71,1001
Xinrong Ren
NOAA Air Resources Lab
ARC-Suite
USOS: Utah Summer Ozone Study
1,1
2024,07,22,2024,07,22
1
StartTime_seconds, seconds, Start time in UTC seconds since midnight
38
1,1,1,1,1,1,1,1,1,1,1,1,1,1,1,1,1,1,1,1,1,1,1,1,1,1,1,1,1,1,1,1,1,1,1,1,1,1
-99999,-99999,-99999,-99999,-99999,-99999,-99999,-99999,-99999,-99999,-99999,-99999,-99999,-99999,-99999,-99999,-99999,-99999,-99999,-99999,-99999,-99999,-99999,-99999,-99999,-99999,-99999,-99999,-99999,-99999,-99999,-99999,-99999,-99999,-99999,-99999,-99999,-99999
lat_DGPS_deg, degrees, Latitude in decimal by Hemisphere VS1100 Differential GPS
lon_DGPS_deg, degrees, Longitude in decimal by Hemisphere VS1100 Differential GPS
alt_msl_m, meters, GPS Altitude MSL
speed_km_h, km/s, vehicle speed
RH, percent, relative humidity
true_WS_m_s, m/s, wind speed by 2D sonic sensor
true_WD_deg, degree, wind direction by 2D sonic sensor
CH4_aeris313_ppm, ppm, CH4 mixing ratio by Aeris
H2O_aeris313_ppm, ppm, H2O mixing ratio by Aeris
C2H6_aeris313_ppb, ppb, C2H6 mixing ratio by Aeris
r_aeris313, 1, relavence between CH4 and C2H6 by Aeris
C2C1_aeris313, 1, C2H6 to CH4 ratio by Aeris
CO_g2401m_ppm, ppm, CO mixing ratio by Picarro G2401m
CO2_g2401m_ppm, ppm, CO2 mixing ratio by Picarro G2401m
CH4_g2401m_ppm, ppm, CH4 mixing ratio by Picarro G2401m
H2O_g2401m, ppm, H2O mixing ratio by Picarro G2401m
delta13C_CH4_raw, permill, delta 13C of CH4 by Picarro G2201i
delta13C_CO2_raw, permill, delta 13C of CO2 by Picarro G2201i
CH4_g2201i_ppm, ppm, CH4 mixing ratio by Picarro G2201i
CO2_g2201i_ppm, ppm, CO2 mixing ratio by Picarro G2201i
NH3_g2301_ppb, ppb, NH3 mixing ratio by Picarro G2301
O3_2B_ppm, ppm, O3 mixing ratio by 2B
NO_G60_ppb, ppb, NO mixing ratio by G60
NO2_G60_ppb, ppb, NO2 mixing ratio by G60
NOx_G60_ppb, ppb, NOx mixing ratio by G60
NO_N500_ppb, ppb, NO mixing ratio by N500
NO2_N500_ppb, ppb, NO2 mixing ratio by N500
NOx_N500_ppb, ppb, NOx mixing ratio by N500
BC370_AE43_ng_m3, ng/m3, Black Carbon at 370 nm by AE43
BC470_AE43_ng_m3, ng/m3, Black Carbon at 470 nm by AE43
BC520_AE43_ng_m3, ng/m3, Black Carbon at 520 nm by AE43
BC590_AE43_ng_m3, ng/m3, Black Carbon at 590 nm by AE43
BC660_AE43_ng_m3, ng/m3, Black Carbon at 660 nm by AE43
BC880_AE43_ng_m3, ng/m3, Black Carbon at 880 nm by AE43
BC950_AE43_ng_m3, ng/m3, Black Carbon at 950 nm by AE43
PM25, ug/m3, PM2.5 by particle sensor
PM10, ug/m3, PM10 by particle sensor
Valve, boolian, indicator of valve conditions;0 is measurement; 10 is zeroing; 11 is spanning
1
SPECIAL COMMENTS, N/A
18
PI_CONTACT_INFO: xinrong.ren@noaa.gov, 301-683-1391, NOAA/ARL, 5830 University Research Court, College Park, MD 20740
PLATFORM: NOAA Air Resources Car
LOCATION: Salt Lake City
ASSOCIATED_DATA: N/A
INSTRUMENT_INFO: Hemisphere VS1100 differential GPS (Latitude, Longitude, GPS Altitude, speed), meteorological sensor (RH, WS, WD), 2B (O3), G60 CRDS (NO-NOx), Teledyne N500 (NO-NOx), Picarro G2401-m (CO2, CH4, CO, H2O), Picarro G2201i (CO2, CH4, d13C_CO2, d13C_CH4, H2O), Picarro 2301 (NH3), Aeris Ultra MIRA (CH4, C2H6, H2O, r, C2/C1), AE43 (Black Carbon), Partical sensor (PM2.5, PM10)
DATA_INFO: Records are reported at 1-second intervals. Hemisphere VS1100 differential GPS has 1-second ntervals. 2B O3 values are reported 2-second averages. G60 Cavity Rong Down NO-NO2-NO2 has 1-second average. Teledyne CAPS NO2 analyzer has 10-second time resolution. Picarro 2401m (CO2, CH4, CO, H2O) data has 2.5-second time resolution. Picarro 2201i (isotope) has ~5 second time resolution. Aeris Ultra MIRA has 1-second integration time. AE43 data are 10-second moving averages. Partical sensor has 10-second time resolution.
UNCERTAINTY: -99999, -99999, -99999, 15 m, -99999, -99999, -99999, -99999, 1 ppb, 100 ppm, 0.2 ppb, -99999, -99999, 5 ppb, 0.1 ppm, 1 ppb, 100 ppm, -99999, -99999, -99999, -99999, 2 ppb, 0.3 ppb, -99999, -99999, -99999, 0.05 ppb, 0.05 ppb, 0.05 ppb, 10 ng/m3, 10 ng/m3, 10 ng/m3, 10 ng/m3, 10 ng/m3, 10 ng/m3, 10 ng/m3, 10 ng/m3, 0
ULOD_FLAG: -77777
ULOD_VALUE: N/A
LLOD_FLAG: -88888
LLOD_VALUE: N/A
DM_CONTACT_INFO: Jiayang Sun; University of Maryland; jiayangs@umd.edu
PROJECT_INFO: USOS July - Aug 2024 https://deq.utah.gov/air-quality/utah-summer-ozone-study-usos
STIPULATIONS_ON_USE: Use of these data requires prior ok from PI.
OTHER_COMMENTS: N/A
REVISION: RA
RA: Preliminary Data for in-field use only.
StartTime_seconds, lat_DGPS_deg, lon_DGPS_deg, alt_msl_m, speed_km_h, RH, true_WS_m_s, true_WD_deg, CH4_aeris313_ppm, H2O_aeris313_ppm, C2H6_aeris313_ppb, r_aeris313, C2C1_aeris313, CO_g2401m_ppm, CO2_g2401m_ppm, CH4_g2401m_ppm, H2O_g2401m, delta13C_CH4_raw, delta13C_CO2_raw, CH4_g2201i_ppm, CO2_g2201i_ppm, NH3_g2301_ppb, O3_2B_ppm, NO_G60_ppb, NO2_G60_ppb, NOx_G60_ppb, NO_N500_ppb, NO2_N500_ppb, NOx_N500_ppb, BC370_AE43_ng_m3, BC470_AE43_ng_m3, BC520_AE43_ng_m3, BC590_AE43_ng_m3, BC660_AE43_ng_m3, BC880_AE43_ng_m3, BC950_AE43_ng_m3, PM25, PM10, Valve
[from data line 4904]
4904.0, 40.78069710483334, -111.94098997166665, 1286.43, 0.11, 13.7, 0.94, 247.79, -99999.0, -99999.0, -99999.0, -99999.0, -99999.0, 0.14956761401, 419.16644163, 1.9421733689, 1.0274864085, -47.38502547, -6.0601488738, 1.941466925322, 426.65432429895, -99999.0, 54.6, 27.05, 4.63, 31.68, -1.641, 3.125, 1.484, 279.0, 355.0, 436.0, 439.0, 195.0, 181.0, 524.0, 6.22, 7.17, 0.0
4905.0, 40.780697016333335, -111.94098996666668, 1286.441, 0.13, 13.6, 0.0, 0.0, -99999.0, -99999.0, -99999.0, -99999.0, -99999.0, 0.14398104771, 418.96175059, 1.9421733689, 1.0274864085, -47.38502547, -6.4977310192, 1.941466925322, 426.4144613682, -99999.0, -99999.0, 27.02, 4.58, 31.6, -1.641, 3.125, 1.484, 543.0, 532.0, 537.0, 296.0, 439.0, 204.0, 319.0, 5.38, 5.38, 0.0
4906.0, 40.78069696066667, -111.94098994466667, 1286.449, 0.04, 13.6, 0.6, 278.0, -99999.0, -99999.0, -99999.0, -99999.0, -99999.0, 0.14398104771, 418.91574036, 1.9415479003, 1.0281827662, -48.091523741, -6.4977310192, 1.93106235519, 426.4144613682, -99999.0, 57.7, 27.08, 4.49, 31.57, -1.641, 3.125, 1.484, 752.0, 392.0, 436.0, 679.0, 439.0, 208.0, 696.0, 5.8, 5.8, 0.0
4907.0, 40.78069688583332, -111.94098993416668, 1286.458, 0.06, 13.6, 0.33, 19.69, -99999.0, -99999.0, -99999.0, -99999.0, -99999.0, 0.14397913318, 418.64268189999996, 1.9415479003, 1.0281827662, -99999.0, -99999.0, -99999.0, -99999.0, -99999.0, -99999.0, 27.09, 4.4, 31.49, -1.641, 3.125, 1.484, 380.0, 308.0, 356.0, 72.0, 176.0, 50.0, 264.0, 5.72, 5.72, 0.0
4908.0, 40.78069684866667, -111.94098991499999, 1286.462, 0.04, 13.5, 0.46, 240.79, -99999.0, -99999.0, -99999.0, -99999.0, -99999.0, 0.13811756242, 418.36962344, 1.9415479003, 1.0281827662, -48.091523741, -6.4977310192, 1.93106235519, 426.3732371448, -99999.0, 57.1, 27.07, 4.33, 31.41, -1.641, 3.125, 1.484, 264.0, 135.0, 557.0, 342.0, 333.0, 647.0, 260.0, 6.29, 11.57, 0.0
4909.0, 40.78069677899999, -111.94098988649999, 1286.468, 0.14, 13.5, 0.0, 0.0, -99999.0, -99999.0, -99999.0, -99999.0, -99999.0, 0.138118123755, 418.41129195, 1.9418762949, 1.0401895877, -48.091523741, -6.5413159463, 1.93106235519, 426.3318064211, -99999.0, -99999.0, 26.99, 4.26, 31.25, -1.641, 3.125, 1.484, 333.0, 644.0, 532.0, 419.0, 31.0, 724.0, 289.0, 6.09, 6.09, 0.0
4910.0, 40.78069672883333, -111.94098988983333, 1286.477, 0.07, 13.5, 0.31, 117.09, -99999.0, -99999.0, -99999.0, -99999.0, -99999.0, 0.13811868509, 418.75049546, 1.9418762949, 1.0401895877, -51.879697683, -6.5413159463, 1.9508813085760002, 426.3318064211, -99999.0, 53.8, 26.97, 4.23, 31.2, -1.641, 3.125, 1.484, 434.0, 299.0, 431.0, 618.0, 239.0, 389.0, 1086.0, 5.97, 5.97, 0.0
4911.0, 40.78069668733333, -111.9409898695, 1286.478, 0.09, 13.5, 0.27, 240.69, -99999.0, -99999.0, -99999.0, -99999.0, -99999.0, 0.16111078636, 418.75049546, 1.9418762949, 1.0401895877, -51.879697683, -6.5413159463, 1.9508813085760002, 426.3318064211, -99999.0, -99999.0, 26.97, 4.21, 31.18, -1.641, 3.125, 1.484, 504.0, 308.0, 296.0, 590.0, 402.0, 566.0, 533.0, 6.05, 7.0, 0.0
4912.0, 40.780696658, -111.940989841, 1286.48, 0.01, 13.5, 0.58, 241.48, -99999.0, -99999.0, -99999.0, -99999.0, -99999.0, 0.16110886028000002, 418.5131674766667, 1.9415211325, 1.0408941776, -51.879697683, -6.5413159463, 1.9508813085760002, 425.7060860416, -99999.0, 53.6, 27.02, 4.14, 31.16, -1.641, 3.125, 1.484, 543.0, 415.0, 416.0, 278.0, 515.0, 493.0, 168.0, 5.79, 6.74, 0.0
4913.0, 40.780696615333326, -111.94098983466665, 1286.481, 0.07, 13.5, 0.0, 0.0, -99999.0, -99999.0, -99999.0, -99999.0, -99999.0, 0.14455145738, 417.95501245, 1.9415211325, 1.0408941776, -51.879697683, -6.3199454137, 1.9508813085760002, 425.70713333009996, -99999.0, -99999.0, 27.04, 4.05, 31.09, -1.641, 3.125, 1.484, 380.0, 434.0, 446.0, 761.0, 308.0, 747.0, 75.0, 5.87, 6.45, 0.0
4914.0, 40.78069657533334, -111.94098979616668, 1286.482, 0.04, 13.5, 0.0, 0.0, -99999.0, -99999.0, -99999.0, -99999.0, -99999.0, 0.14455145738, 417.99147124, 1.9417524244, 1.0513140813, -37.889874825, -6.3199454137, 1.914738914187, 425.70713333009996, -99999.0, 56.2, 26.98, 3.99, 30.97, -1.641, 3.125, 1.484, 814.0, 322.0, 431.0, 419.0, 515.0, 516.0, 596.0, 6.13, 11.98, 0.0
4915.0, 40.780696531333334, -111.94098979566667, 1286.485, 0.08, 13.5, 0.0, 0.0, -99999.0, -99999.0, -99999.0, -99999.0, -99999.0, 0.14455644121, 418.697609155, 1.9417524244, 1.0513140813, -37.889874825, -6.3199454137, 1.914738914187, 425.70713333009996, -99999.0, -99999.0, 26.9, 3.95, 30.86, -1.641, 3.125, 1.484, 465.0, 495.0, 577.0, 467.0, 741.0, 466.0, 612.0, 5.38, 5.38, 0.0
4916.0, 40.78069651016667, -111.9409897965, 1286.485, 0.05, 13.5, 0.48, 252.18, -99999.0, -99999.0, -99999.0, -99999.0, -99999.0, 0.14515184438, 419.40374707, 1.9417524244, 1.0513140813, -37.889874825, -6.3199454137, 1.914738914187, 425.359420329, -99999.0, 58.1, 26.81, 3.92, 30.73, -1.641, 3.125, 1.484, 798.0, 565.0, 491.0, 473.0, 515.0, -99999.0, 130.0, 5.84, 7.75, 0.0
4917.0, 40.780696478500005, -111.94098978750002, 1286.488, 0.07, 13.5, 0.38, 128.27, -99999.0, -99999.0, -99999.0, -99999.0, -99999.0, 0.14515184438, 419.43277347, 1.9413864351, 1.0497171815, -37.889874825, -6.482725343, 1.914738914187, 425.3586508575, -99999.0, -99999.0, 26.78, 3.86, 30.63, -1.641, 3.125, 1.484, 574.0, 336.0, 456.0, 243.0, 577.0, 181.0, 604.0, 6.86, 10.37, 0.0
4918.0, 40.78069647433333, -111.94098979366666, 1286.486, 0.17, 13.5, 0.38, 76.88, -99999.0, -99999.0, -99999.0, -99999.0, -99999.0, 0.14514599897, 418.63515323499996, 1.9413864351, 1.0497171815, -48.530088731, -6.482725343, 1.941922827108, 425.3586508575, -99999.0, 58.1, 26.81, 3.79, 30.61, -1.641, 3.125, 1.484, 543.0, 523.0, 155.0, 294.0, 483.0, -77.0, 172.0, 5.92, 5.92, 0.0
4919.0, 40.78069644883333, -111.94098977783332, 1286.487, 0.12, 13.5, 0.27, 74.78, -99999.0, -99999.0, -99999.0, -99999.0, -99999.0, 0.15051214673, 417.837533, 1.9413864351, 1.0497171815, -48.530088731, -6.482725343, 1.941922827108, 425.3586508575, -99999.0, -99999.0, 26.84, 3.73, 30.57, -1.641, 3.125, 1.484, 450.0, 509.0, 677.0, 225.0, 38.0, 620.0, 394.0, 6.26, 6.26, 0.0
4920.0, 40.78069645266666, -111.94098979333333, 1286.49, 0.05, 13.5, 0.27, 221.2, -99999.0, -99999.0, -99999.0, -99999.0, -99999.0, 0.150514968275, 417.85993964, 1.9413892184, 1.0581524122, -48.530088731, -6.69971475055, 1.941922827108, 424.99770976635, -99999.0, 56.1, 26.83, 3.68, 30.51, -1.641, 3.125, 1.484, 419.0, 597.0, 692.0, 250.0, 477.0, -50.0, 92.0, 5.43, 6.01, 0.0
4921.0, 40.780696451999994, -111.94098982216669, 1286.488, 0.13, 13.5, 1.01, 266.19, -99999.0, -99999.0, -99999.0, -99999.0, -99999.0, 0.15051778982, 419.38227224, 1.9413892184, 1.0581524122, -99999.0, -99999.0, -99999.0, -99999.0, -99999.0, -99999.0, 26.87, 3.61, 30.48, -1.641, 3.125, 1.484, 667.0, 429.0, 426.0, 296.0, 339.0, 127.0, 520.0, 6.09, 6.67, 0.0
4922.0, 40.780696449833336, -111.94098984299998, 1286.49, 0.02, 13.5, 0.55, 347.28, -99999.0, -99999.0, -99999.0, -99999.0, -99999.0, 0.14014342531, 419.38227224, 1.9413892184, 1.0581524122, -52.429707869, -6.9167041581, 1.937924909429, 424.9966849111, -99999.0, 55.7, 26.89, 3.56, 30.44, -1.398, 3.125, 1.727, 380.0, 457.0, 251.0, 222.0, 370.0, 362.0, 386.0, 5.68, 5.68, 0.0
4923.0, 40.780696472500004, -111.94098986566665, 1286.488, 0.05, 13.6, 0.28, 340.89, -99999.0, -99999.0, -99999.0, -99999.0, -99999.0, 0.14014090795, 419.33722624, 1.9413346766, 1.0360268047, -52.429707869, -6.9167041581, 1.937924909429, 424.9966849111, -99999.0, -99999.0, 26.96, 3.48, 30.43, -1.398, 3.125, 1.727, 659.0, 429.0, 526.0, 350.0, 207.0, 285.0, 252.0, 6.44, 9.52, 0.0
4924.0, 40.7806964775, -111.940989861, 1286.489, 0.14, 13.6, 0.0, 0.0, -99999.0, -99999.0, -99999.0, -99999.0, -99999.0, 0.14180405133, 418.00314924, 1.9413346766, 1.0360268047, -52.429707869, -6.60451130675, 1.937924909429, 425.0506433679, -99999.0, 57.7, 26.91, 3.42, 30.33, -1.398, 3.125, 1.727, 287.0, 448.0, 451.0, 411.0, -31.0, 439.0, 373.0, 5.63, 5.63, 0.0
4925.0, 40.78069646416667, -111.94098988649999, 1286.488, 0.09, 13.6, 0.0, 0.0, -99999.0, -99999.0, -99999.0, -99999.0, -99999.0, 0.14346971207, 417.91233484, 1.9406229753, 1.0304380915, -99999.0, -99999.0, -99999.0, -99999.0, -99999.0, -99999.0, 26.87, 3.36, 30.23, -1.398, 3.125, 1.727, 550.0, 397.0, 90.0, 232.0, 621.0, 489.0, 226.0, 6.23, 6.23, 0.0
4926.0, 40.78069647933333, -111.94098992216665, 1286.49, 0.11, 13.6, 0.0, 0.0, -99999.0, -99999.0, -99999.0, -99999.0, -99999.0, 0.14346688985, 417.52768046000006, 1.9406229753, 1.0304380915, -49.183078589, -6.2923184554, 1.939133345198, 425.05211805740004, -99999.0, -99999.0, 26.85, 3.29, 30.14, -1.398, 3.125, 1.727, 581.0, 345.0, 351.0, 54.0, 408.0, 520.0, 608.0, 5.94, 8.65, 0.0
4927.0, 40.78069647416667, -111.94098998266666, 1286.493, 0.03, 13.6, 0.58, 307.48, -99999.0, -99999.0, -99999.0, -99999.0, -99999.0, 0.13288933136, 417.14302608, 1.9406229753, 1.0304380915, -49.183078589, -6.2923184554, 1.939133345198, 425.05211805740004, -99999.0, 57.3, 26.88, 3.2, 30.08, -1.398, 3.125, 1.727, 721.0, 289.0, 175.0, 439.0, 477.0, -99999.0, 193.0, 5.92, 5.92, 0.0
4928.0, 40.780696477999996, -111.94099, 1286.488, 0.07, 13.6, 0.33, 281.57, -99999.0, -99999.0, -99999.0, -99999.0, -99999.0, 0.132888193265, 417.14076983, 1.9415683495, 1.0353369197, -49.183078589, -5.94693862445, 1.939133345198, 424.87424553475, -99999.0, 54.5, 26.87, 3.12, 29.98, -1.398, 3.125, 1.727, 527.0, 471.0, 206.0, 419.0, 245.0, 362.0, 466.0, 6.37, 6.95, 0.0
4929.0, 40.780696480833335, -111.9409900395, 1286.489, 0.08, 13.6, 1.09, 241.09, -99999.0, -99999.0, -99999.0, -99999.0, -99999.0, 0.13288705517, 416.52497458, 1.9415683495, 1.0353369197, -99999.0, -99999.0, -99999.0, -99999.0, -99999.0, -99999.0, 26.85, 3.01, 29.86, -1.398, 3.125, 1.727, 419.0, 443.0, 411.0, 250.0, 477.0, 23.0, 528.0, 5.46, 7.56, 0.0
4930.0, 40.78069648766667, -111.94099007366667, 1286.485, 0.07, 13.6, 0.89, 233.99, -99999.0, -99999.0, -99999.0, -99999.0, -99999.0, 0.1435294625, 416.52497458, 1.9415683495, 1.0353369197, -50.744836339, -5.6015587935, 1.942797215479, 424.8758762989, -99999.0, 55.1, 26.89, 2.89, 29.78, -1.398, 3.125, 1.727, 411.0, 537.0, 356.0, 322.0, 722.0, 516.0, 260.0, 6.7, 7.65, 0.0
4931.0, 40.78069649333333, -111.94099013900001, 1286.489, 0.11, 13.6, 0.59, 265.38, -99999.0, -99999.0, -99999.0, -99999.0, -99999.0, 0.143532264205, 416.54344715, 1.941228016, 1.0360933553, -50.744836339, -5.6015587935, 1.942797215479, 424.8758762989, -99999.0, -99999.0, 26.88, 2.79, 29.67, -1.398, 3.125, 1.727, 326.0, 681.0, 296.0, 322.0, 483.0, 466.0, 419.0, 6.07, 6.07, 0.0
4932.0, 40.78069650933333, -111.94099017133334, 1286.487, 0.05, 13.6, 0.0, 0.0, -99999.0, -99999.0, -99999.0, -99999.0, -99999.0, 0.14353506591, 418.00781837, 1.941228016, 1.0360933553, -50.744836339, -6.556474563649999, 1.942797215479, 425.02389556845003, -99999.0, 58.8, 26.88, 2.68, 29.56, -1.398, 3.125, 1.727, 434.0, 341.0, 261.0, 107.0, 452.0, 181.0, 487.0, 5.82, 6.4, 0.0
4933.0, 40.780696498, -111.940990205, 1286.496, 0.11, 13.6, 0.27, 170.6, -99999.0, -99999.0, -99999.0, -99999.0, -99999.0, 0.14194681506, 418.00781837, 1.941228016, 1.0360933553, -99999.0, -99999.0, -99999.0, -99999.0, -99999.0, -99999.0, 26.82, 2.58, 29.4, -1.398, 3.125, 1.727, 527.0, 574.0, 727.0, 511.0, 508.0, 285.0, 8.0, 5.52, 5.52, 0.0
4934.0, 40.78069650333333, -111.94099025516668, 1286.499, 0.06, 13.6, 0.55, 165.39, -99999.0, -99999.0, -99999.0, -99999.0, -99999.0, 0.14194898176, 418.01351134, 1.9423563313, 1.0370737111, -52.610517195, -7.5113903338, 1.934665882759, 425.0193851677, -99999.0, -99999.0, 26.79, 2.49, 29.28, -1.398, 3.125, 1.727, 605.0, 499.0, 682.0, 565.0, 383.0, 439.0, 436.0, 5.85, 7.38, 0.0
4935.0, 40.78069653, -111.9409902975, 1286.502, 0.06, 13.6, 0.0, 0.0, -99999.0, -99999.0, -99999.0, -99999.0, -99999.0, 0.14195114846, 419.24996094, 1.9423563313, 1.0370737111, -52.610517195, -7.5113903338, 1.934665882759, 425.0193851677, -99999.0, 60.6, 26.77, 2.41, 29.19, -1.398, 3.125, 1.727, 264.0, 481.0, 737.0, 204.0, 377.0, 439.0, 113.0, 5.84, 8.15, 0.0
4936.0, 40.780696563666666, -111.94099035283334, 1286.506, 0.08, 13.6, 0.37, 16.78, -99999.0, -99999.0, -99999.0, -99999.0, -99999.0, 0.15805949934, 419.29474989, 1.94229263235, 1.050209739, -52.610517195, -6.892996674, 1.934665882759, 424.6750059123, -99999.0, 60.5, 26.69, 2.35, 29.05, -1.398, 3.125, 1.727, 388.0, 630.0, 211.0, 564.0, 301.0, 593.0, 273.0, 6.16, 8.29, 0.0
4937.0, 40.78069656266667, -111.9409903965, 1286.51, 0.1, 13.7, 0.0, 0.0, -99999.0, -99999.0, -99999.0, -99999.0, -99999.0, 0.15805596341, 418.88573562, 1.9422289334, 1.0633457669, -49.157869489, -6.2746030142, 1.941147776519, 424.6779244148, -99999.0, -99999.0, 26.64, 2.31, 28.95, -1.398, 3.125, 1.727, 744.0, 518.0, 336.0, 296.0, 621.0, 882.0, 75.0, 5.19, 6.65, 0.0
4938.0, 40.78069656816666, -111.940990461, 1286.515, 0.08, 13.7, 0.29, 140.57, -99999.0, -99999.0, -99999.0, -99999.0, -99999.0, 0.14898160333, 418.4319324, 1.9422289334, 1.0633457669, -99999.0, -99999.0, -99999.0, -99999.0, -99999.0, -99999.0, 26.6, 2.25, 28.85, -1.398, 3.125, 1.727, 440.0, 526.0, 520.0, 321.0, 138.0, 668.0, 426.0, 6.0, 8.04, 0.0
4939.0, 40.7806965955, -111.94099052000001, 1286.516, 0.12, 13.7, 0.0, 0.0, -99999.0, -99999.0, -99999.0, -99999.0, -99999.0, 0.14898160333, 418.56043381, 1.9416272496, 1.0762146368, -49.157869489, -6.2746030142, 1.941147776519, 424.880815158, -99999.0, 59.1, 26.64, 2.22, 28.86, -1.398, 3.125, 1.727, 581.0, 345.0, 461.0, 365.0, 615.0, 208.0, -75.0, 6.24, 8.15, 0.0
4940.0, 40.7806965985, -111.94099058833332, 1286.522, 0.1, 13.8, 0.0, 0.0, -99999.0, -99999.0, -99999.0, -99999.0, -99999.0, 0.14897741783, 418.012347565, 1.9416272496, 1.0762146368, -49.157869489, -6.5125961051, 1.941147776519, 425.082581622, -99999.0, 57.2, 26.59, 2.19, 28.78, -1.398, 3.125, 1.727, 481.0, 359.0, 476.0, 467.0, 132.0, 720.0, 533.0, 6.04, 6.62, 0.0
4941.0, 40.78069662783333, -111.94099063950001, 1286.525, 0.05, 13.8, 0.0, 0.0, -99999.0, -99999.0, -99999.0, -99999.0, -99999.0, 0.14314638211, 417.46426132, 1.9416272496, 1.0762146368, -49.767405643, -6.5125961051, 1.940677371016, 425.082581622, -99999.0, -99999.0, 26.56, 2.19, 28.76, -1.398, 3.125, 1.727, 636.0, 378.0, 241.0, 365.0, 301.0, 570.0, 398.0, 5.69, 7.22, 0.0
4942.0, 40.780696627000005, -111.94099068666668, 1286.53, 0.09, 13.8, 0.0, 0.0, -99999.0, -99999.0, -99999.0, -99999.0, -99999.0, 0.14314779115499998, 417.4521807, 1.941847453, 1.0596580695, -99999.0, -99999.0, -99999.0, -99999.0, -99999.0, -99999.0, 26.52, 2.19, 28.7, -1.398, 3.125, 1.727, 504.0, 355.0, 401.0, 340.0, 577.0, 493.0, 138.0, 6.09, 6.67, 0.0
4943.0, 40.780696641000006, -111.94099072433333, 1286.53, 0.15, 13.9, 0.38, 170.53, -99999.0, -99999.0, -99999.0, -99999.0, -99999.0, 0.1431492002, 418.18978948, 1.941847453, 1.0596580695, -49.767405643, -6.5125961051, 1.940677371016, 425.05303848840003, -99999.0, 55.9, 26.48, 2.17, 28.66, -1.398, 3.125, 1.727, 581.0, 737.0, 196.0, 368.0, 38.0, 281.0, 327.0, 5.63, 5.63, 0.0
4944.0, 40.78069667149999, -111.94099072533332, 1286.522, 0.13, 13.9, 0.34, 177.83, -99999.0, -99999.0, -99999.0, -99999.0, -99999.0, 0.14934784064, 418.18978948, 1.941847453, 1.0596580695, -49.767405643, -6.040648349, 1.940677371016, 425.0257245258, -99999.0, 56.1, 26.47, 2.14, 28.61, -1.609, 3.375, 1.773, 636.0, 257.0, 652.0, 322.0, 446.0, 416.0, 403.0, 6.82, 8.28, 0.0
4945.0, 40.7806966635, -111.94099073133333, 1286.523, 0.02, 13.9, 0.0, 0.0, -99999.0, -99999.0, -99999.0, -99999.0, -99999.0, 0.14934870648999998, 418.18239835, 1.9414452315, 1.0739603866, -43.613947993, -6.040648349, 1.945007843187, 425.0257245258, -99999.0, -99999.0, 26.52, 2.09, 28.61, -1.609, 3.375, 1.773, 481.0, 387.0, 506.0, 268.0, 333.0, -208.0, 243.0, 5.94, 6.52, 0.0
