arc_raw/USOS-ARL-Suite_ARC_20240716_RA.ict
71,1001
Xinrong Ren
NOAA Air Resources Lab
ARC-Suite
USOS: Utah Summer Ozone Study
1,1
2024,07,16,2024,07,16
1
StartTime_seconds, seconds, Start time in UTC seconds since midnight
38
1,1,1,1,1,1,1,1,1,1,1,1,1,1,1,1,1,1,1,1,1,1,1,1,1,1,1,1,1,1,1,1,1,1,1,1,1,1
-99999,-99999,-99999,-99999,-99999,-99999,-99999,-99999,-99999,-99999,-99999,-99999,-99999,-99999,-99999,-99999,-99999,-99999,-99999,-99999,-99999,-99999,-99999,-99999,-99999,-99999,-99999,-99999,-99999,-99999,-99999,-99999,-99999,-99999,-99999,-99999,-99999,-99999
lat_DGPS_deg, degrees, Latitude in decimal by Hemisphere VS1100 Differential GPS
lon_DGPS_deg, degrees, Longitude in decimal by Hemisphere VS1100 Differential GPS
alt_msl_m, meters, GPS Altitude MSL
speed_km_h, km/s, vehicle speed
RH, percent, relative humidity
true_WS_m_s, m/s, wind speed by 2D sonic sensor
true_WD_deg, degree, wind direction by 2D sonic sensor
CH4_aeris313_ppm, ppm, CH4 mixing ratio by Aeris
H2O_aeris313_ppm, ppm, H2O mixing ratio by Aeris
C2H6_aeris313_ppb, ppb, C2H6 mixing ratio by Aeris
r_aeris313, 1, relavence between CH4 and C2H6 by Aeris
C2C1_aeris313, 1, C2H6 to CH4 ratio by Aeris
CO_g2401m_ppm, ppm, CO mixing ratio by Picarro G2401m
CO2_g2401m_ppm, ppm, CO2 mixing ratio by Picarro G2401m
CH4_g2401m_ppm, ppm, CH4 mixing ratio by Picarro G2401m
H2O_g2401m, ppm, H2O mixing ratio by Picarro G2401m
delta13C_CH4_raw, permill, delta 13C of CH4 by Picarro G2201i
delta13C_CO2_raw, permill, delta 13C of CO2 by Picarro G2201i
CH4_g2201i_ppm, ppm, CH4 mixing ratio by Picarro G2201i
CO2_g2201i_ppm, ppm, CO2 mixing ratio by Picarro G2201i
NH3_g2301_ppb, ppb, NH3 mixing ratio by Picarro G2301
O3_2B_ppm, ppm, O3 mixing ratio by 2B
NO_G60_ppb, ppb, NO mixing ratio by G60
NO2_G60_ppb, ppb, NO2 mixing ratio by G60
NOx_G60_ppb, ppb, NOx mixing ratio by G60
NO_N500_ppb, ppb, NO mixing ratio by N500
NO2_N500_ppb, ppb, NO2 mixing ratio by N500
NOx_N500_ppb, ppb, NOx mixing ratio by N500
BC370_AE43_ng_m3, ng/m3, Black Carbon at 370 nm by AE43
BC470_AE43_ng_m3, ng/m3, Black Carbon at 470 nm by AE43
BC520_AE43_ng_m3, ng/m3, Black Carbon at 520 nm by AE43
BC590_AE43_ng_m3, ng/m3, Black Carbon at 590 nm by AE43
BC660_AE43_ng_m3, ng/m3, Black Carbon at 660 nm by AE43
BC880_AE43_ng_m3, ng/m3, Black Carbon at 880 nm by AE43
BC950_AE43_ng_m3, ng/m3, Black Carbon at 950 nm by AE43
PM25, ug/m3, PM2.5 by particle sensor
PM10, ug/m3, PM10 by particle sensor
Valve, boolian, indicator of valve conditions;0 is measurement; 10 is zeroing; 11 is spanning
1
SPECIAL COMMENTS, N/A
18
PI_CONTACT_INFO: xinrong.ren@noaa.gov, 301-683-1391, NOAA/ARL, 5830 University Research Court, College Park, MD 20740
PLATFORM: NOAA Air Resources Car
LOCATION: Salt Lake City
ASSOCIATED_DATA: N/A
INSTRUMENT_INFO: Hemisphere VS1100 differential GPS (Latitude, Longitude, GPS Altitude, speed), meteorological sensor (RH, WS, WD), 2B (O3), G60 CRDS (NO-NOx), Teledyne N500 (NO-NOx), Picarro G2401-m (CO2, CH4, CO, H2O), Picarro G2201i (CO2, CH4, d13C_CO2, d13C_CH4, H2O), Picarro 2301 (NH3), Aeris Ultra MIRA (CH4, C2H6, H2O, r, C2/C1), AE43 (Black Carbon), Partical sensor (PM2.5, PM10)
DATA_INFO: Records are reported at 1-second intervals. Hemisphere VS1100 differential GPS has 1-second ntervals. 2B O3 values are reported 2-second averages. G60 Cavity Rong Down NO-NO2-NO2 has 1-second average. Teledyne CAPS NO2 analyzer has 10-second time resolution. Picarro 2401m (CO2, CH4, CO, H2O) data has 2.5-second time resolution. Picarro 2201i (isotope) has ~5 second time resolution. Aeris Ultra MIRA has 1-second integration time. AE43 data are 10-second moving averages. Partical sensor has 10-second time resolution.
UNCERTAINTY: -99999, -99999, -99999, 15 m, -99999, -99999, -99999, -99999, 1 ppb, 100 ppm, 0.2 ppb, -99999, -99999, 5 ppb, 0.1 ppm, 1 ppb, 100 ppm, -99999, -99999, -99999, -99999, 2 ppb, 0.3 ppb, -99999, -99999, -99999, 0.05 ppb, 0.05 ppb, 0.05 ppb, 10 ng/m3, 10 ng/m3, 10 ng/m3, 10 ng/m3, 10 ng/m3, 10 ng/m3, 10 ng/m3, 10 ng/m3, 0
ULOD_FLAG: -77777
ULOD_VALUE: N/A
LLOD_FLAG: -88888
LLOD_VALUE: N/A
DM_CONTACT_INFO: Jiayang Sun; University of Maryland; jiayangs@umd.edu
PROJECT_INFO: USOS July - Aug 2024 https://deq.utah.gov/air-quality/utah-summer-ozone-study-usos
STIPULATIONS_ON_USE: Use of these data requires prior ok from PI.
OTHER_COMMENTS: N/A
REVISION: RA
RA: Preliminary Data for in-field use only.
StartTime_seconds, lat_DGPS_deg, lon_DGPS_deg, alt_msl_m, speed_km_h, RH, true_WS_m_s, true_WD_deg, CH4_aeris313_ppm, H2O_aeris313_ppm, C2H6_aeris313_ppb, r_aeris313, C2C1_aeris313, CO_g2401m_ppm, CO2_g2401m_ppm, CH4_g2401m_ppm, H2O_g2401m, delta13C_CH4_raw, delta13C_CO2_raw, CH4_g2201i_ppm, CO2_g2201i_ppm, NH3_g2301_ppb, O3_2B_ppm, NO_G60_ppb, NO2_G60_ppb, NOx_G60_ppb, NO_N500_ppb, NO2_N500_ppb, NOx_N500_ppb, BC370_AE43_ng_m3, BC470_AE43_ng_m3, BC520_AE43_ng_m3, BC590_AE43_ng_m3, BC660_AE43_ng_m3, BC880_AE43_ng_m3, BC950_AE43_ng_m3, PM25, PM10, Valve
[from data line 3004]
3004.0, 40.78066072083333, -111.94101716116666, 1286.59, 0.04, 19.7, 1.5, 298.88, 1.98714, 13619.3, 15.8495, 0.0965608, -99999.0, 0.13030370246, 424.42704262999996, 1.9585252486, 1.1835077954, -99999.0, -99999.0, -99999.0, -99999.0, -99999.0, -99999.0, 16.51, 1.16, 17.67, -0.785, 0.013, -0.77, -99999.0, -99999.0, -99999.0, -99999.0, -99999.0, -99999.0, -99999.0, -99999.0, -99999.0, 0.0
3005.0, 40.78066076783333, -111.94101712349999, 1286.589, 0.07, 19.7, 1.06, 274.89, 1.98927, 13577.3, 15.6218, 0.0494785, -99999.0, 0.13030344014, 424.38801080999997, 1.9584907818, 1.1741895665, -99999.0, -99999.0, -99999.0, -99999.0, -99999.0, -99999.0, 16.49, 1.18, 17.67, -0.785, 0.013, -0.77, -99999.0, -99999.0, -99999.0, -99999.0, -99999.0, -99999.0, -99999.0, 2.44, 9.34, 0.0
3006.0, 40.78066080366666, -111.94101709366666, 1286.582, 0.07, 19.7, 0.81, 307.49, 1.98854, 13525.8, 15.4927, 0.0389679, -99999.0, 0.13967218616, 424.36437352, 1.9584907818, 1.1741895665, -99999.0, -99999.0, -99999.0, -99999.0, -99999.0, -99999.0, 16.48, 1.18, 17.66, -0.785, 0.013, -0.77, -99999.0, -99999.0, -99999.0, -99999.0, -99999.0, -99999.0, -99999.0, 1.82, 1.82, 0.0
3007.0, 40.780660847, -111.94101707616667, 1286.582, 0.09, 19.6, 0.35, 307.5, 1.98822, 13470.7, 15.7582, -0.114438, -99999.0, 0.139672757445, 424.26348928, 1.9583533628, 1.1625426028, -99999.0, -99999.0, -99999.0, -99999.0, -99999.0, -99999.0, 16.51, 1.1, 17.62, -0.719, -0.064, -0.785, -99999.0, -99999.0, -99999.0, -99999.0, -99999.0, -99999.0, -99999.0, -99999.0, -99999.0, 0.0
3008.0, 40.78066089433333, -111.94101706466667, 1286.577, 0.14, 19.6, 0.57, 282.89, 1.99204, 13440.3, 15.8097, -0.0861521, -99999.0, 0.13967332873, 424.48236445, 1.9583533628, 1.1625426028, -99999.0, -99999.0, -99999.0, -99999.0, -99999.0, -99999.0, 16.53, 1.07, 17.59, -0.719, -0.064, -0.785, -99999.0, -99999.0, -99999.0, -99999.0, -99999.0, -99999.0, -99999.0, 2.02, 2.02, 0.0
3009.0, 40.780660943, -111.94101702949999, 1286.573, 0.12, 19.6, 0.87, 300.18, 1.98884, 13457.6, 15.8334, -0.0742872, -99999.0, 0.14173524724, 424.48236445, 1.9583533628, 1.1625426028, -99999.0, -99999.0, -99999.0, -99999.0, -99999.0, -99999.0, 16.53, 1.03, 17.56, -0.719, -0.064, -0.785, -99999.0, -99999.0, -99999.0, -99999.0, -99999.0, -99999.0, -99999.0, -99999.0, -99999.0, 0.0
3010.0, 40.78066099666666, -111.94101700966667, 1286.567, 0.09, 19.6, 0.29, 270.69, 1.98714, 13480.3, 15.8891, -0.0452059, -99999.0, 0.14173616089333332, 424.49446308666666, 1.9583608149, 1.1616735102, -99999.0, -99999.0, -99999.0, -99999.0, -99999.0, -99999.0, 16.58, 1.0, 17.58, -0.719, -0.064, -0.785, -99999.0, -99999.0, -99999.0, -99999.0, -99999.0, -99999.0, -99999.0, 2.44, 18.61, 0.0
3011.0, 40.78066105816667, -111.94101697616667, 1286.557, 0.14, 19.6, 0.31, 205.87, 1.98838, 13493.9, 15.7149, -0.06142, -99999.0, 0.13057828956, 424.6020668, 1.9583608149, 1.1616735102, -99999.0, -99999.0, -99999.0, -99999.0, -99999.0, -99999.0, 16.61, 0.98, 17.59, -0.719, -0.064, -0.785, -99999.0, -99999.0, -99999.0, -99999.0, -99999.0, -99999.0, -99999.0, -99999.0, -99999.0, 0.0
3012.0, 40.780661100166675, -111.94101695550002, 1286.553, 0.09, 19.7, 0.25, 147.67, 1.98692, 13502.4, 15.9091, -0.0624851, -99999.0, 0.1305779128, 424.60745849, 1.9583529945, 1.1641600926, -99999.0, -99999.0, -99999.0, -99999.0, -99999.0, -99999.0, 16.61, 0.94, 17.56, -0.719, -0.064, -0.785, -99999.0, -99999.0, -99999.0, -99999.0, -99999.0, -99999.0, -99999.0, 2.01, 2.59, 0.0
3013.0, 40.78066116316666, -111.9410169305, 1286.545, 0.03, 19.8, 0.34, 248.88, 1.98706, 13514.1, 15.6899, -0.0724366, -99999.0, 0.13057753604, 424.55007827, 1.9583529945, 1.1641600926, -99999.0, -99999.0, -99999.0, -99999.0, -99999.0, -99999.0, 16.65, 0.91, 17.56, -0.719, -0.064, -0.785, -99999.0, -99999.0, -99999.0, -99999.0, -99999.0, -99999.0, -99999.0, -99999.0, -99999.0, 0.0
3014.0, 40.78066124000001, -111.94101688733332, 1286.538, 0.09, 19.9, 0.25, 198.69, 1.98876, 13556.4, 15.9964, -0.0390089, -99999.0, 0.13620313479, 424.55007827, 1.9583529945, 1.1641600926, -99999.0, -99999.0, -99999.0, -99999.0, -99999.0, -99999.0, 16.61, 0.9, 17.51, -0.719, -0.064, -0.785, -99999.0, -99999.0, -99999.0, -99999.0, -99999.0, -99999.0, -99999.0, 2.15, 2.15, 0.0
3015.0, 40.78066131366666, -111.94101683833333, 1286.534, 0.09, 19.9, 1.02, 187.19, 1.98888, 13603.8, 15.49, -0.0703256, -99999.0, 0.13620322292, 424.60754567, 1.9583200952, 1.1789160185, -99999.0, -99999.0, -99999.0, -99999.0, -99999.0, -99999.0, 16.61, 0.88, 17.49, -0.719, -0.064, -0.785, -99999.0, -99999.0, -99999.0, -99999.0, -99999.0, -99999.0, -99999.0, -99999.0, -99999.0, 0.0
3016.0, 40.78066138966667, -111.94101677649999, 1286.53, 0.08, 19.9, 1.1, 162.28, 1.98653, 13599.7, 15.778, -0.0667417, -99999.0, 0.13572780919, 424.64944509, 1.9583200952, 1.1789160185, -99999.0, -99999.0, -99999.0, -99999.0, -99999.0, -99999.0, 16.6, 0.87, 17.46, -0.719, -0.064, -0.785, -99999.0, -99999.0, -99999.0, -99999.0, -99999.0, -99999.0, -99999.0, 2.24, 2.24, 0.0
3017.0, 40.780661464, -111.94101673483334, 1286.529, 0.03, 19.9, 1.38, 287.29, -99999.0, -99999.0, -99999.0, -99999.0, -99999.0, 0.13525230733, 424.67134258, 1.9586063872, 1.1707253005, -99999.0, -99999.0, -99999.0, -99999.0, -99999.0, -99999.0, 16.62, 0.83, 17.45, -0.719, -0.064, -0.785, -99999.0, -99999.0, -99999.0, -99999.0, -99999.0, -99999.0, -99999.0, -99999.0, -99999.0, 0.0
3018.0, 40.78066154116667, -111.94101668350001, 1286.528, 0.07, 19.9, 1.24, 264.4, 1.98539, 13544.8, 15.7424, -0.0737348, -99999.0, 0.13525307825, 424.714331535, 1.9586063872, 1.1707253005, -99999.0, -99999.0, -99999.0, -99999.0, -99999.0, -99999.0, 16.6, 0.81, 17.41, -0.719, -0.064, -0.785, -99999.0, -99999.0, -99999.0, -99999.0, -99999.0, -99999.0, -99999.0, 1.72, 4.7, 0.0
3019.0, 40.780661614833335, -111.94101664983333, 1286.524, 0.06, 19.8, 1.77, 268.09, 1.98724, 13518.6, 15.7188, -0.0308426, -99999.0, 0.13199998214, 424.75732049, 1.9586063872, 1.1707253005, -99999.0, -99999.0, -99999.0, -99999.0, -99999.0, -99999.0, 16.65, 0.8, 17.45, -0.719, -0.064, -0.785, -99999.0, -99999.0, -99999.0, -99999.0, -99999.0, -99999.0, -99999.0, 2.52, 3.98, 0.0
3020.0, 40.780661677, -111.9410165935, 1286.525, 0.09, 19.7, 1.47, 265.91, 1.98937, 13481.6, 15.6428, -0.0571539, -99999.0, 0.13199972772000002, 424.73452354, 1.9587076767, 1.1720793607, -99999.0, -99999.0, -99999.0, -99999.0, -99999.0, -99999.0, 16.65, 0.79, 17.45, -0.719, -0.064, -0.785, -99999.0, -99999.0, -99999.0, -99999.0, -99999.0, -99999.0, -99999.0, -99999.0, -99999.0, 0.0
3021.0, 40.780661729, -111.941016552, 1286.528, 0.14, 19.7, 1.94, 254.92, 1.98625, 13443.4, 15.6763, -0.0101555, -99999.0, 0.1319994733, 424.66878796, 1.9587076767, 1.1720793607, -99999.0, -99999.0, -99999.0, -99999.0, -99999.0, -99999.0, 16.64, 0.78, 17.42, -0.719, -0.064, -0.785, -99999.0, -99999.0, -99999.0, -99999.0, -99999.0, -99999.0, -99999.0, 2.21, 3.74, 0.0
3022.0, 40.780661794000004, -111.941016488, 1286.533, 0.05, 19.6, 2.21, 243.01, 1.98687, 13427.5, 15.5677, 0.0048543, -99999.0, 0.12607686066, 424.67069025, 1.9588174735, 1.17197283365, -99999.0, -99999.0, -99999.0, -99999.0, -99999.0, -99999.0, 16.65, 0.74, 17.39, -0.719, -0.064, -0.785, -99999.0, -99999.0, -99999.0, -99999.0, -99999.0, -99999.0, -99999.0, -99999.0, -99999.0, 0.0
3023.0, 40.780661837833335, -111.94101644216668, 1286.531, 0.07, 19.6, 2.12, 261.02, 1.98824, 13395.8, 15.6323, 0.00437719, -99999.0, 0.12607671884, 424.676990865, 1.9589272703, 1.1718663066, -99999.0, -99999.0, -99999.0, -99999.0, -99999.0, -99999.0, 16.63, 0.74, 17.37, -0.719, -0.064, -0.785, -99999.0, -99999.0, -99999.0, -99999.0, -99999.0, -99999.0, -99999.0, 2.65, 5.06, 0.0
3024.0, 40.78066188100001, -111.94101641800002, 1286.535, 0.1, 19.6, 2.34, 262.03, -99999.0, -99999.0, -99999.0, -99999.0, -99999.0, 0.14068179931, 424.68138919, 1.9589272703, 1.1718663066, -99999.0, -99999.0, -99999.0, -99999.0, -99999.0, -99999.0, 16.64, 0.71, 17.35, -0.719, -0.064, -0.785, -99999.0, -99999.0, -99999.0, -99999.0, -99999.0, -99999.0, -99999.0, -99999.0, -99999.0, 0.0
3025.0, 40.78066192266667, -111.94101636666667, 1286.536, 0.07, 19.5, 1.92, 291.93, 1.987, 13388.0, 15.8446, -0.083388, -99999.0, 0.140681779, 424.6956182, 1.9581389401, 1.1763468377, -99999.0, -99999.0, -99999.0, -99999.0, -99999.0, -99999.0, 16.65, 0.72, 17.36, -0.719, -0.064, -0.785, -99999.0, -99999.0, -99999.0, -99999.0, -99999.0, -99999.0, -99999.0, 2.37, 2.37, 0.0
3026.0, 40.78066197933333, -111.941016339, 1286.535, 0.03, 19.5, 1.5, 291.14, -99999.0, -99999.0, -99999.0, -99999.0, -99999.0, 0.14068175869, 424.6509852, 1.9581389401, 1.1763468377, -99999.0, -99999.0, -99999.0, -99999.0, -99999.0, -99999.0, 16.7, 0.7, 17.4, -0.719, -0.064, -0.785, -99999.0, -99999.0, -99999.0, -99999.0, -99999.0, -99999.0, -99999.0, -99999.0, -99999.0, 0.0
3027.0, 40.78066200533333, -111.94101631283333, 1286.532, 0.06, 19.5, 1.9, 262.54, 1.98969, 13402.7, 15.7228, -0.135815, -99999.0, 0.13375113103, 424.6509852, 1.9581389401, 1.1763468377, -99999.0, -99999.0, -99999.0, -99999.0, -99999.0, -99999.0, 16.7, 0.72, 17.42, -0.719, -0.064, -0.785, -99999.0, -99999.0, -99999.0, -99999.0, -99999.0, -99999.0, -99999.0, 2.41, 2.41, 0.0
3028.0, 40.780662024, -111.9410163175, 1286.529, 0.06, 19.5, 1.3, 248.15, -99999.0, -99999.0, -99999.0, -99999.0, -99999.0, 0.13375083441666666, 424.59520666000003, 1.9588540511, 1.1638021723, -99999.0, -99999.0, -99999.0, -99999.0, -99999.0, -99999.0, 16.76, 0.72, 17.49, -0.719, -0.064, -0.785, -99999.0, -99999.0, -99999.0, -99999.0, -99999.0, -99999.0, -99999.0, -99999.0, -99999.0, 0.0
3029.0, 40.78066204166666, -111.94101631666666, 1286.527, 0.09, 19.5, 1.34, 243.45, 1.99015, 13466.0, 15.8239, -0.145199, -99999.0, 0.13771901207, 424.53743558, 1.9588540511, 1.1638021723, -99999.0, -99999.0, -99999.0, -99999.0, -99999.0, -99999.0, 16.76, 0.73, 17.48, -0.891, -0.064, -0.957, -99999.0, -99999.0, -99999.0, -99999.0, -99999.0, -99999.0, -99999.0, 2.46, 3.04, 0.0
3030.0, 40.78066205133334, -111.94101632466666, 1286.523, 0.13, 19.5, 0.94, 210.65, 1.9898, 13453.2, 16.0349, -0.0406143, -99999.0, 0.13771908415, 424.50284552, 1.959097127, 1.1659666722, -99999.0, -99999.0, -99999.0, -99999.0, -99999.0, -99999.0, 16.8, 0.7, 17.5, -0.891, -0.064, -0.957, -99999.0, -99999.0, -99999.0, -99999.0, -99999.0, -99999.0, -99999.0, -99999.0, -99999.0, 0.0
3031.0, 40.78066205066667, -111.94101633183332, 1286.529, 0.07, 19.5, 0.6, 160.54, 1.98846, 13442.7, 15.8047, -0.011002, -99999.0, 0.13771915623, 424.51465615, 1.959097127, 1.1659666722, -99999.0, -99999.0, -99999.0, -99999.0, -99999.0, -99999.0, 16.83, 0.7, 17.52, -0.891, -0.064, -0.957, -99999.0, -99999.0, -99999.0, -99999.0, -99999.0, -99999.0, -99999.0, 2.22, 4.83, 0.0
3032.0, 40.780662040333326, -111.94101631416667, 1286.535, 0.11, 19.4, 0.33, 20.55, -99999.0, -99999.0, -99999.0, -99999.0, -99999.0, 0.1305934867, 424.51465615, 1.959097127, 1.1659666722, -99999.0, -99999.0, -99999.0, -99999.0, -99999.0, -99999.0, 16.87, 0.68, 17.55, -0.891, -0.064, -0.957, -99999.0, -99999.0, -99999.0, -99999.0, -99999.0, -99999.0, -99999.0, -99999.0, -99999.0, 0.0
3033.0, 40.7806620305, -111.94101633433333, 1286.536, 0.06, 19.4, 0.0, 0.0, 1.98978, 13443.9, 15.606, -0.0412387, -99999.0, 0.13059318183333332, 424.51841685666665, 1.9588487073000003, 1.1686648799, -99999.0, -99999.0, -99999.0, -99999.0, -99999.0, -99999.0, 16.85, 0.68, 17.53, -0.891, -0.064, -0.957, -99999.0, -99999.0, -99999.0, -99999.0, -99999.0, -99999.0, -99999.0, 2.44, 2.44, 0.0
3034.0, 40.78066203099999, -111.94101633316669, 1286.545, 0.17, 19.4, 0.69, 1.95, 1.98604, 13432.0, 15.7649, -0.0120827, -99999.0, 0.14260755124, 424.49352377, 1.9588487073, 1.1686648799, -99999.0, -99999.0, -99999.0, -99999.0, -99999.0, -99999.0, 16.89, 0.64, 17.53, -0.891, -0.064, -0.957, -99999.0, -99999.0, -99999.0, -99999.0, -99999.0, -99999.0, -99999.0, 2.86, 5.94, 0.0
3035.0, 40.780662040333326, -111.94101633883335, 1286.55, 0.13, 19.3, 1.69, 300.26, 1.98896, 13419.2, 16.198, 0.067811, -99999.0, 0.14260755124, 424.51404411, 1.9589487583, 1.1721235813, -99999.0, -99999.0, -99999.0, -99999.0, -99999.0, -99999.0, 16.93, 0.61, 17.54, -0.891, -0.064, -0.957, -99999.0, -99999.0, -99999.0, -99999.0, -99999.0, -99999.0, -99999.0, -99999.0, -99999.0, 0.0
3036.0, 40.78066204466667, -111.94101634216668, 1286.553, 0.06, 19.3, 1.98, 295.35, 1.98889, 13435.7, 15.6727, 0.0529433, -99999.0, 0.14260713473, 424.480131305, 1.9589487583, 1.1721235813, -99999.0, -99999.0, -99999.0, -99999.0, -99999.0, -99999.0, 16.93, 0.63, 17.56, -0.891, -0.064, -0.957, -99999.0, -99999.0, -99999.0, -99999.0, -99999.0, -99999.0, -99999.0, 1.82, 8.6, 0.0
3037.0, 40.7806620705, -111.94101635283332, 1286.553, 0.08, 19.3, 1.69, 293.84, 1.98869, 13460.5, 15.7572, 0.0418181, -99999.0, 0.13779692222, 424.4462185, 1.9589487583, 1.1721235813, -99999.0, -99999.0, -99999.0, -99999.0, -99999.0, -99999.0, 16.96, 0.62, 17.58, -0.891, -0.064, -0.957, -99999.0, -99999.0, -99999.0, -99999.0, -99999.0, -99999.0, -99999.0, -99999.0, -99999.0, 0.0
3038.0, 40.78066208516667, -111.9410163425, 1286.557, 0.07, 19.3, 1.31, 329.95, 1.98849, 13464.6, 15.6496, 0.0222343, -99999.0, 0.137797384805, 424.44739991, 1.9593264389, 1.1690193549, -99999.0, -99999.0, -99999.0, -99999.0, -99999.0, -99999.0, 16.95, 0.62, 17.58, -0.891, -0.064, -0.957, -99999.0, -99999.0, -99999.0, -99999.0, -99999.0, -99999.0, -99999.0, 2.63, 4.67, 0.0
3039.0, 40.78066212416667, -111.94101635399998, 1286.562, 0.06, 19.3, 0.76, 318.05, 1.98834, 13456.9, 15.7169, 0.03638, -99999.0, 0.13779784739, 424.63178709, 1.9593264389, 1.1690193549, -99999.0, -99999.0, -99999.0, -99999.0, -99999.0, -99999.0, 16.95, 0.63, 17.59, -0.891, -0.064, -0.957, -99999.0, -99999.0, -99999.0, -99999.0, -99999.0, -99999.0, -99999.0, -99999.0, -99999.0, 0.0
3040.0, 40.78066215916666, -111.94101633566667, 1286.566, 0.11, 19.3, 1.07, 300.95, 1.98721, 13430.6, 15.7221, 0.047969, -99999.0, 0.13644791483, 424.644711485, 1.9595353908000002, 1.1744485988500002, -99999.0, -99999.0, -99999.0, -99999.0, -99999.0, -99999.0, 16.93, 0.64, 17.56, -0.891, -0.064, -0.957, -99999.0, -99999.0, -99999.0, -99999.0, -99999.0, -99999.0, -99999.0, 2.02, 4.43, 0.0
3041.0, 40.78066219550001, -111.94101634233333, 1286.573, 0.04, 19.3, 0.64, 319.64, 1.98733, 13414.0, 15.6473, 0.090589, -99999.0, 0.13644775925, 424.61557325499996, 1.9597443427, 1.1798778428, -99999.0, -99999.0, -99999.0, -99999.0, -99999.0, -99999.0, 16.96, 0.64, 17.6, -0.891, -0.064, -0.957, -99999.0, -99999.0, -99999.0, -99999.0, -99999.0, -99999.0, -99999.0, -99999.0, -99999.0, 0.0
3042.0, 40.780662204, -111.941016347, 1286.575, 0.04, 19.3, 1.25, 306.63, 1.99014, 13403.8, 15.6872, 0.0448324, -99999.0, 0.13575632724, 424.57351063, 1.9597443427, 1.1798778428, -99999.0, -99999.0, -99999.0, -99999.0, -99999.0, -99999.0, 16.93, 0.67, 17.59, -0.891, -0.064, -0.957, -99999.0, -99999.0, -99999.0, -99999.0, -99999.0, -99999.0, -99999.0, 2.0, 2.0, 0.0
3043.0, 40.780662209166664, -111.94101632149999, 1286.595, 0.16, 19.3, 0.72, 318.04, 1.98798, 13400.2, 15.7145, 0.0193055, -99999.0, 0.135755969245, 424.67612033, 1.9596989797, 1.1997972685, -99999.0, -99999.0, -99999.0, -99999.0, -99999.0, -99999.0, 16.97, 0.66, 17.63, -0.891, -0.064, -0.957, -99999.0, -99999.0, -99999.0, -99999.0, -99999.0, -99999.0, -99999.0, -99999.0, -99999.0, 0.0
3044.0, 40.78066222733332, -111.94101629116668, 1286.607, 0.06, 19.3, 1.07, 290.05, 1.98945, 13392.6, 15.77, 0.0641347, -99999.0, 0.13575561125, 424.57217147, 1.9596989797, 1.1997972685, -99999.0, -99999.0, -99999.0, -99999.0, -99999.0, -99999.0, 17.0, 0.67, 17.67, -0.891, -0.064, -0.957, -99999.0, -99999.0, -99999.0, -99999.0, -99999.0, -99999.0, -99999.0, 1.73, 4.44, 0.0
