arc_raw/USOS-ARL-Suite_ARC_20240802_RA.ict
71,1001
Xinrong Ren
NOAA Air Resources Lab
ARC-Suite
USOS: Utah Summer Ozone Study
1,1
2024,08,02,2024,08,02
1
StartTime_seconds, seconds, Start time in UTC seconds since midnight
38
1,1,1,1,1,1,1,1,1,1,1,1,1,1,1,1,1,1,1,1,1,1,1,1,1,1,1,1,1,1,1,1,1,1,1,1,1,1
-99999,-99999,-99999,-99999,-99999,-99999,-99999,-99999,-99999,-99999,-99999,-99999,-99999,-99999,-99999,-99999,-99999,-99999,-99999,-99999,-99999,-99999,-99999,-99999,-99999,-99999,-99999,-99999,-99999,-99999,-99999,-99999,-99999,-99999,-99999,-99999,-99999,-99999
lat_DGPS_deg, degrees, Latitude in decimal by Hemisphere VS1100 Differential GPS
lon_DGPS_deg, degrees, Longitude in decimal by Hemisphere VS1100 Differential GPS
alt_msl_m, meters, GPS Altitude MSL
speed_km_h, km/s, vehicle speed
RH, percent, relative humidity
true_WS_m_s, m/s, wind speed by 2D sonic sensor
true_WD_deg, degree, wind direction by 2D sonic sensor
CH4_aeris313_ppm, ppm, CH4 mixing ratio by Aeris
H2O_aeris313_ppm, ppm, H2O mixing ratio by Aeris
C2H6_aeris313_ppb, ppb, C2H6 mixing ratio by Aeris
r_aeris313, 1, relavence between CH4 and C2H6 by Aeris
C2C1_aeris313, 1, C2H6 to CH4 ratio by Aeris
CO_g2401m_ppm, ppm, CO mixing ratio by Picarro G2401m
CO2_g2401m_ppm, ppm, CO2 mixing ratio by Picarro G2401m
CH4_g2401m_ppm, ppm, CH4 mixing ratio by Picarro G2401m
H2O_g2401m, ppm, H2O mixing ratio by Picarro G2401m
delta13C_CH4_raw, permill, delta 13C of CH4 by Picarro G2201i
delta13C_CO2_raw, permill, delta 13C of CO2 by Picarro G2201i
CH4_g2201i_ppm, ppm, CH4 mixing ratio by Picarro G2201i
CO2_g2201i_ppm, ppm, CO2 mixing ratio by Picarro G2201i
NH3_g2301_ppb, ppb, NH3 mixing ratio by Picarro G2301
O3_2B_ppm, ppm, O3 mixing ratio by 2B
NO_G60_ppb, ppb, NO mixing ratio by G60
NO2_G60_ppb, ppb, NO2 mixing ratio by G60
NOx_G60_ppb, ppb, NOx mixing ratio by G60
NO_N500_ppb, ppb, NO mixing ratio by N500
NO2_N500_ppb, ppb, NO2 mixing ratio by N500
NOx_N500_ppb, ppb, NOx mixing ratio by N500
BC370_AE43_ng_m3, ng/m3, Black Carbon at 370 nm by AE43
BC470_AE43_ng_m3, ng/m3, Black Carbon at 470 nm by AE43
BC520_AE43_ng_m3, ng/m3, Black Carbon at 520 nm by AE43
BC590_AE43_ng_m3, ng/m3, Black Carbon at 590 nm by AE43
BC660_AE43_ng_m3, ng/m3, Black Carbon at 660 nm by AE43
BC880_AE43_ng_m3, ng/m3, Black Carbon at 880 nm by AE43
BC950_AE43_ng_m3, ng/m3, Black Carbon at 950 nm by AE43
PM25, ug/m3, PM2.5 by particle sensor
PM10, ug/m3, PM10 by particle sensor
Valve, boolian, indicator of valve conditions;0 is measurement; 10 is zeroing; 11 is spanning
1
SPECIAL COMMENTS, N/A
18
PI_CONTACT_INFO: xinrong.ren@noaa.gov, 301-683-1391, NOAA/ARL, 5830 University Research Court, College Park, MD 20740
PLATFORM: NOAA Air Resources Car
LOCATION: Salt Lake City
ASSOCIATED_DATA: N/A
INSTRUMENT_INFO: Hemisphere VS1100 differential GPS (Latitude, Longitude, GPS Altitude, speed), meteorological sensor (RH, WS, WD), 2B (O3), G60 CRDS (NO-NOx), Teledyne N500 (NO-NOx), Picarro G2401-m (CO2, CH4, CO, H2O), Picarro G2201i (CO2, CH4, d13C_CO2, d13C_CH4, H2O), Picarro 2301 (NH3), Aeris Ultra MIRA (CH4, C2H6, H2O, r, C2/C1), AE43 (Black Carbon), Partical sensor (PM2.5, PM10)
DATA_INFO: Records are reported at 1-second intervals. Hemisphere VS1100 differential GPS has 1-second ntervals. 2B O3 values are reported 2-second averages. G60 Cavity Rong Down NO-NO2-NO2 has 1-second average. Teledyne CAPS NO2 analyzer has 10-second time resolution. Picarro 2401m (CO2, CH4, CO, H2O) data has 2.5-second time resolution. Picarro 2201i (isotope) has ~5 second time resolution. Aeris Ultra MIRA has 1-second integration time. AE43 data are 10-second moving averages. Partical sensor has 10-second time resolution.
UNCERTAINTY: -99999, -99999, -99999, 15 m, -99999, -99999, -99999, -99999, 1 ppb, 100 ppm, 0.2 ppb, -99999, -99999, 5 ppb, 0.1 ppm, 1 ppb, 100 ppm, -99999, -99999, -99999, -99999, 2 ppb, 0.3 ppb, -99999, -99999, -99999, 0.05 ppb, 0.05 ppb, 0.05 ppb, 10 ng/m3, 10 ng/m3, 10 ng/m3, 10 ng/m3, 10 ng/m3, 10 ng/m3, 10 ng/m3, 10 ng/m3, 0
ULOD_FLAG: -77777
ULOD_VALUE: N/A
LLOD_FLAG: -88888
LLOD_VALUE: N/A
DM_CONTACT_INFO: Jiayang Sun; University of Maryland; jiayangs@umd.edu
PROJECT_INFO: USOS July - Aug 2024 https://deq.utah.gov/air-quality/utah-summer-ozone-study-usos
STIPULATIONS_ON_USE: Use of these data requires prior ok from PI.
OTHER_COMMENTS: N/A
REVISION: RA
RA: Preliminary Data for in-field use only.
StartTime_seconds, lat_DGPS_deg, lon_DGPS_deg, alt_msl_m, speed_km_h, RH, true_WS_m_s, true_WD_deg, CH4_aeris313_ppm, H2O_aeris313_ppm, C2H6_aeris313_ppb, r_aeris313, C2C1_aeris313, CO_g2401m_ppm, CO2_g2401m_ppm, CH4_g2401m_ppm, H2O_g2401m, delta13C_CH4_raw, delta13C_CO2_raw, CH4_g2201i_ppm, CO2_g2201i_ppm, NH3_g2301_ppb, O3_2B_ppm, NO_G60_ppb, NO2_G60_ppb, NOx_G60_ppb, NO_N500_ppb, NO2_N500_ppb, NOx_N500_ppb, BC370_AE43_ng_m3, BC470_AE43_ng_m3, BC520_AE43_ng_m3, BC590_AE43_ng_m3, BC660_AE43_ng_m3, BC880_AE43_ng_m3, BC950_AE43_ng_m3, PM25, PM10, Valve
[from data line 4013]
4013.0, 40.78069729966666, -111.94096488166666, 1291.768, 0.07, 12.6, 0.0, 0.0, 2.03025, 10386.2, 1.4263, 0.581492, -99999.0, 0.18135466474, 422.61822251, 1.9923324193, 0.87055346939, -99999.0, -99999.0, -99999.0, -99999.0, -99999.0, -99999.0, 7.52, 1.09, 8.61, -0.291, 2.547, 2.25, 667.0, 428.0, 401.0, 632.0, 585.0, 769.0, 719.0, -99999.0, -99999.0, 0.0
4014.0, 40.7806972135, -111.94096522299999, 1291.763, 0.17, 12.6, 0.71, 19.92, 2.0317, 10381.1, 0.674603, 0.610936, -99999.0, 0.18135473794, 422.632377265, 1.9923324193, 0.87055346939, -99999.0, -99999.0, -99999.0, -99999.0, -99999.0, 62.0, 7.52, 1.11, 8.63, -0.291, 2.547, 2.25, 652.0, 506.0, 439.0, 377.0, 708.0, 686.0, 530.0, -99999.0, -99999.0, 0.0
4015.0, 40.78069720650001, -111.940965584, 1291.748, 0.08, 12.6, 0.64, 40.3, 2.03108, 10334.6, 0.75512, 0.695321, -99999.0, 0.189627624, 422.64653202, 1.9923324193, 0.87055346939, -33.459466218, -6.8265364113, 1.932830833669, 423.5951526013, -99999.0, -99999.0, 7.52, 1.13, 8.65, -0.291, 2.547, 2.25, 1019.0, 434.0, 533.0, 451.0, 782.0, 471.0, 454.0, -99999.0, -99999.0, 0.0
4016.0, 40.78069723866667, -111.94096586433334, 1291.738, 0.04, 12.6, 0.0, 0.0, 2.03249, 10277.5, 0.748176, 0.654678, -99999.0, 0.189628706805, 422.6119285, 1.992206828, 0.89224831195, -33.459466218, -6.3729648968, 1.932830833669, 423.55082438529996, -99999.0, 60.9, 7.46, 1.17, 8.63, -0.291, 2.547, 2.25, 740.0, 268.0, 458.0, 558.0, 402.0, 545.0, 622.0, -99999.0, -99999.0, 0.0
4017.0, 40.780697250833335, -111.940966134, 1291.727, 0.04, 12.6, 0.0, 0.0, 2.03158, 10221.3, 0.810713, 0.571758, -99999.0, 0.18962978961, 423.33081583, 1.992206828, 0.89224831195, -99999.0, -99999.0, -99999.0, -99999.0, -99999.0, -99999.0, 7.47, 1.16, 8.63, -0.291, 2.547, 2.25, 807.0, 262.0, 533.0, 256.0, 257.0, 728.0, 82.0, -99999.0, -99999.0, 0.0
4018.0, 40.780697204166664, -111.9409663415, 1291.72, 0.15, 12.6, 0.25, 60.4, 2.03174, 10197.9, 1.40182, 0.450069, -99999.0, 0.19442527193, 423.36192999499997, 1.9924968546500001, 0.890782631695, -35.746979763, -6.3729648968, 1.9261394771390001, 423.55082438529996, -99999.0, 60.0, 7.45, 1.17, 8.62, -0.291, 2.547, 2.25, 807.0, 928.0, 546.0, 579.0, 704.0, 746.0, 688.0, -99999.0, -99999.0, 0.0
4019.0, 40.78069707766667, -111.94096655, 1291.728, 0.02, 12.6, 0.25, 346.24, 2.0318, 10213.5, 1.15569, 0.460299, -99999.0, 0.19442454681, 423.30393559, 1.9927868813, 0.88931695144, -99999.0, -99999.0, -99999.0, -99999.0, -99999.0, -99999.0, 7.43, 1.19, 8.62, -0.291, 2.547, 2.25, 497.0, 767.0, 590.0, 229.0, 667.0, 156.0, 339.0, -99999.0, -99999.0, 0.0
4020.0, 40.78069697150001, -111.94096673116668, 1291.734, 0.13, 12.7, 0.29, 33.02, 2.0321, 10237.1, 1.85256, 0.383421, -99999.0, 0.19118192004, 423.21482702, 1.9927868813, 0.88931695144, -35.746979763, -6.3729648968, 1.9261394771390001, 423.82805501185, -99999.0, 56.5, 7.42, 1.18, 8.6, -0.291, 2.547, 2.25, 874.0, 767.0, 565.0, 538.0, 879.0, 513.0, 301.0, -99999.0, -99999.0, 0.0
4021.0, 40.78069688033333, -111.94096691733333, 1291.737, 0.11, 12.7, 0.0, 0.0, 2.03154, 10252.3, 2.09078, 0.228928, -99999.0, 0.19118227974000002, 423.23694415, 1.9926842094, 0.89892260376, -35.746979763, -7.7433247817, 1.9261394771390001, 424.0988269527, -99999.0, -99999.0, 7.41, 1.18, 8.59, -0.291, 2.547, 2.25, 797.0, 595.0, 702.0, 209.0, 443.0, 293.0, -61.0, -99999.0, -99999.0, 0.0
4022.0, 40.78069678516666, -111.94096708466668, 1291.751, 0.07, 12.7, 0.0, 0.0, 2.03021, 10254.7, 1.57181, 0.181986, -99999.0, 0.19118263944, 423.45514803, 1.9926842094, 0.89892260376, -99999.0, -99999.0, -99999.0, -99999.0, -99999.0, 50.5, 7.39, 1.19, 8.58, -0.291, 2.547, 2.25, 657.0, 714.0, 420.0, 740.0, 149.0, 18.0, 311.0, -99999.0, -99999.0, 0.0
4023.0, 40.780696731499994, -111.94096732216667, 1291.755, 0.06, 12.7, 0.0, 0.0, 2.03, 10258.0, 1.82867, -0.0193325, -99999.0, 0.19636682186, 423.489189785, 1.9927497541, 0.9043838523400001, -38.786005064, -7.7433247817, 1.942001085535, 424.0988269527, -99999.0, -99999.0, 7.4, 1.21, 8.61, -0.291, 2.547, 2.25, 440.0, 761.0, 715.0, 316.0, 373.0, 513.0, 813.0, -99999.0, -99999.0, 0.0
4024.0, 40.78069664583334, -111.94096752416665, 1291.754, 0.11, 12.8, 0.0, 0.0, 2.03259, 10269.3, 1.93298, -0.0776314, -99999.0, 0.19636726923, 423.60797497, 1.9928152988, 0.90984510092, -99999.0, -99999.0, -99999.0, -99999.0, -99999.0, 49.6, 7.35, 1.22, 8.57, -0.291, 2.547, 2.25, 502.0, 666.0, 56.0, 646.0, 294.0, 526.0, 214.0, -99999.0, -99999.0, 0.0
4025.0, 40.78069650816667, -111.94096771150001, 1291.767, 0.12, 12.8, 0.0, 0.0, -99999.0, -99999.0, -99999.0, -99999.0, -99999.0, 0.19003443147, 423.6927184, 1.9928152988, 0.90984510092, -38.786005064, -7.7433247817, 1.942001085535, 424.0988269527, -99999.0, -99999.0, 7.27, 1.23, 8.51, -0.291, 2.547, 2.25, 1019.0, 678.0, 420.0, 585.0, 484.0, 197.0, 191.0, -99999.0, -99999.0, 0.0
4026.0, 40.78069641216667, -111.94096784433334, 1291.771, 0.1, 12.8, 0.0, 0.0, 2.03464, 10339.5, 1.95777, 0.0958525, -99999.0, 0.190033956095, 423.73834263, 1.9932971143, 0.9126686452, -38.786005064, -8.07554303845, 1.942001085535, 424.10123246234997, -99999.0, 52.8, 7.28, 1.21, 8.5, -0.281, 2.547, 2.266, 1097.0, 256.0, 151.0, 336.0, 488.0, -78.0, 46.0, -99999.0, -99999.0, 0.0
4027.0, 40.78069635133333, -111.9409679555, 1291.775, 0.08, 12.8, 0.43, 250.48, 2.0315, 10370.6, 2.77824, 0.0706335, -99999.0, 0.19003348072, 423.42172339, 1.9932971143, 0.9126686452, -99999.0, -99999.0, -99999.0, -99999.0, -99999.0, -99999.0, 7.24, 1.22, 8.45, -0.281, 2.547, 2.266, 885.0, 732.0, 734.0, 505.0, 45.0, 389.0, 686.0, -99999.0, -99999.0, 0.0
4028.0, 40.78069631383334, -111.94096811850001, 1291.783, 0.16, 12.8, 0.0, 0.0, 2.03355, 10390.9, 2.99901, 0.20161, -99999.0, 0.190741969, 423.410992695, 1.9928142151000001, 0.90802176045, -26.645708647, -8.4077612952, 1.920794636343, 424.0996666595, -99999.0, 54.7, 7.25, 1.22, 8.47, -0.281, 2.547, 2.266, 662.0, 280.0, 314.0, 666.0, 190.0, 632.0, 584.0, -99999.0, -99999.0, 0.0
4029.0, 40.7806962645, -111.94096822866668, 1291.787, 0.06, 12.8, 0.32, 5.79, 2.03204, 10408.7, 2.64642, 0.196473, -99999.0, 0.19074012711, 423.13057056, 1.9923313159, 0.9033748757, -99999.0, -99999.0, -99999.0, -99999.0, -99999.0, -99999.0, 7.24, 1.24, 8.48, -0.281, 2.547, 2.266, 875.0, 821.0, 213.0, 518.0, 596.0, 430.0, 362.0, -99999.0, -99999.0, 0.0
4030.0, 40.78069612066667, -111.940968315, 1291.798, 0.13, 12.8, 0.0, 0.0, 2.03095, 10424.2, 2.67396, 0.149591, -99999.0, 0.19406488729, 422.86087912, 1.9923313159, 0.9033748757, -26.645708647, -8.4077612952, 1.920794636343, 424.0996666595, -99999.0, 57.5, 7.27, 1.23, 8.5, -0.281, 2.547, 2.266, 792.0, 767.0, 458.0, 377.0, 339.0, 448.0, 449.0, -99999.0, -99999.0, 0.0
4031.0, 40.78069594883333, -111.94096842266666, 1291.805, 0.06, 12.8, 0.29, 80.8, 2.03031, 10425.4, 2.31426, 0.0877796, -99999.0, 0.19406637529499998, 422.86096581, 1.992771515, 0.91269482731, -26.645708647, -7.9596670626, 1.920794636343, 423.60463192699996, -99999.0, -99999.0, 7.25, 1.22, 8.47, -0.281, 2.547, 2.266, 724.0, 464.0, 445.0, 552.0, 410.0, 549.0, 303.0, -99999.0, -99999.0, 0.0
4032.0, 40.78069578133333, -111.94096849416668, 1291.822, 0.23, 12.8, 0.38, 59.0, 2.03204, 10405.4, 2.27832, 0.0992935, -99999.0, 0.1940678633, 423.77021345, 1.992771515, 0.91269482731, -99999.0, -99999.0, -99999.0, -99999.0, -99999.0, 58.1, 7.2, 1.24, 8.44, -0.281, 2.547, 2.266, 497.0, 297.0, 822.0, 323.0, 749.0, 160.0, 268.0, -99999.0, -99999.0, 0.0
4033.0, 40.780695634666664, -111.94096862500001, 1291.837, 0.18, 12.8, 0.34, 49.6, 2.03176, 10389.7, 2.3918, 0.137769, -99999.0, 0.19082444161, 423.77021345, 1.992771515, 0.91269482731, -43.319936477, -7.51157283, 1.9395349941159998, 423.60674139789995, -99999.0, -99999.0, 7.16, 1.24, 8.4, -0.281, 2.547, 2.266, 569.0, 750.0, 571.0, 491.0, 604.0, 311.0, 209.0, -99999.0, -99999.0, 0.0
4034.0, 40.78069544416666, -111.940968712, 1291.857, 0.24, 12.8, 0.4, 46.81, 2.03321, 10405.7, 2.58074, 0.23034, -99999.0, 0.19082368349666667, 423.68406473333334, 1.9931505307000001, 0.90669289373, -99999.0, -99999.0, -99999.0, -99999.0, -99999.0, 52.5, 7.2, 1.23, 8.44, -0.281, 2.547, 2.266, 647.0, 720.0, 496.0, 754.0, 410.0, 668.0, 510.0, -99999.0, -99999.0, 0.0
4035.0, 40.780695289499995, -111.94096879883334, 1291.871, 0.05, 12.8, 0.28, 38.02, 2.03235, 10433.8, 2.74158, 0.231192, -99999.0, 0.19597551604, 423.4897361, 1.9931505307, 0.90669289373, -43.319936477, -7.51157283, 1.9395349941159998, 423.60674139789995, -99999.0, -99999.0, 7.14, 1.27, 8.41, -0.281, 2.547, 2.266, 652.0, 678.0, 420.0, 276.0, 850.0, 334.0, -3.0, -99999.0, -99999.0, 0.0
4036.0, 40.7806952175, -111.94096892399999, 1291.872, 0.21, 12.8, 0.36, 18.63, 2.02905, 10436.1, 2.34211, 0.166764, -99999.0, 0.19597525392499998, 423.47507563, 1.9930944245, 0.90827438671, -43.319936477, -7.268265656600001, 1.9395349941159998, 423.67533884435, -99999.0, 50.7, 7.16, 1.28, 8.44, -0.281, 2.547, 2.266, 1019.0, 666.0, 753.0, 303.0, 529.0, 471.0, 466.0, -99999.0, -99999.0, 0.0
4037.0, 40.78069511, -111.940969052, 1291.879, 0.16, 12.8, 0.29, 254.04, 2.0311, 10427.5, 2.3862, 0.197832, -99999.0, 0.19597499181, 423.26736168, 1.9930944245, 0.90827438671, -99999.0, -99999.0, -99999.0, -99999.0, -99999.0, -99999.0, 7.16, 1.31, 8.47, -0.281, 2.547, 2.266, 662.0, 482.0, 734.0, 451.0, 302.0, 233.0, 834.0, -99999.0, -99999.0, 0.0
4038.0, 40.780695055, -111.94096917333333, 1291.885, 0.07, 12.8, 0.31, 267.45, 2.03098, 10413.8, 1.7609, 0.207999, -99999.0, 0.18642973168, 423.26736168, 1.9930944245, 0.90827438671, -33.854327031, -7.0249584832, 1.935942438071, 423.6764844318, -99999.0, 55.7, 7.17, 1.31, 8.49, -0.281, 2.547, 2.266, 880.0, 434.0, 552.0, 478.0, 630.0, 453.0, 477.0, -99999.0, -99999.0, 0.0
4039.0, 40.78069496883334, -111.940969294, 1291.89, 0.1, 12.8, 0.0, 0.0, 2.03303, 10406.0, 1.52678, 0.17244, -99999.0, 0.18642904849, 423.21084837, 1.9922447477, 0.88964923855, -99999.0, -99999.0, -99999.0, -99999.0, -99999.0, -99999.0, 7.17, 1.32, 8.48, -0.281, 2.547, 2.266, 590.0, 750.0, 659.0, 451.0, 708.0, 490.0, 548.0, -99999.0, -99999.0, 0.0
4040.0, 40.780694910166666, -111.9409694145, 1291.893, 0.1, 12.8, 0.0, 0.0, 2.03062, 10418.8, 1.36735, 0.179352, -99999.0, 0.1864283653, 422.66137673, 1.9922447477, 0.88964923855, -33.854327031, -7.0249584832, 1.935942438071, 423.6764844318, -99999.0, 57.7, 7.16, 1.32, 8.48, -0.281, 2.547, 2.266, 957.0, 446.0, 477.0, 101.0, 298.0, 490.0, 270.0, -99999.0, -99999.0, 0.0
4041.0, 40.78069483116666, -111.94096951266665, 1291.903, 0.11, 12.8, 0.0, 0.0, -99999.0, -99999.0, -99999.0, -99999.0, -99999.0, 0.19671563452, 422.645478785, 1.9922214928500002, 0.89415681696, -33.854327031, -6.88610139995, 1.935942438071, 423.957623141, -99999.0, -99999.0, 7.16, 1.32, 8.48, -0.281, 2.547, 2.266, 880.0, 708.0, 514.0, 585.0, 373.0, 764.0, 683.0, -99999.0, -99999.0, 0.0
4042.0, 40.78069479516666, -111.94096963733334, 1291.898, 0.13, 12.8, 0.0, 0.0, 2.03032, 10377.4, 1.22845, 0.226155, -99999.0, 0.19671603998, 422.71144548, 1.992198238, 0.89866439537, -99999.0, -99999.0, -99999.0, -99999.0, -99999.0, 56.3, 7.12, 1.34, 8.47, -0.281, 2.547, 2.266, 590.0, 375.0, 420.0, 417.0, 335.0, 668.0, 619.0, -99999.0, -99999.0, 0.0
4043.0, 40.78069476966667, -111.94096974966666, 1291.895, 0.11, 12.8, 0.3, 120.49, 2.02978, 10340.0, 0.929261, 0.258553, -99999.0, 0.19708807783, 422.79331012, 1.992198238, 0.89866439537, -37.470919006, -6.7472443167, 1.945102473097, 423.9582773685, -99999.0, -99999.0, 7.16, 1.33, 8.49, -0.281, 2.547, 2.266, 580.0, 1083.0, 408.0, 592.0, 488.0, 233.0, 862.0, -99999.0, -99999.0, 0.0
4044.0, 40.78069475133333, -111.94096986366667, 1291.891, 0.1, 12.8, 0.44, 168.69, 2.03233, 10326.2, 0.951005, 0.242052, -99999.0, 0.19708788455, 422.81348532, 1.9920932919, 0.89574123385, -99999.0, -99999.0, -99999.0, -99999.0, -99999.0, 55.7, 7.18, 1.35, 8.53, -0.281, 2.547, 2.266, 585.0, 143.0, 238.0, 659.0, 302.0, 764.0, 41.0, -99999.0, -99999.0, 0.0
4045.0, 40.780694737666664, -111.94096998900001, 1291.887, 0.08, 12.8, 0.29, 158.3, 2.03105, 10321.9, 1.48025, 0.239077, -99999.0, 0.19708769127, 422.79638106, 1.9920932919, 0.89574123385, -37.470919006, -6.7472443167, 1.945102473097, 423.9582773685, -99999.0, -99999.0, 7.17, 1.36, 8.53, -0.281, 2.547, 2.266, 445.0, 1029.0, 734.0, 478.0, 637.0, 316.0, 214.0, -99999.0, -99999.0, 0.0
4046.0, 40.78069469833333, -111.94097009366666, 1291.886, 0.1, 12.8, 0.36, 145.01, 2.03119, 10324.0, 1.33215, 0.273827, -99999.0, 0.18958458317, 422.79638106, 1.9920932919, 0.89574123385, -37.470919006, -6.7472443167, 1.945102473097, 423.4801409736, -99999.0, 56.3, 7.24, 1.38, 8.62, -0.281, 2.547, 2.266, 512.0, 464.0, 464.0, 464.0, 592.0, 334.0, 563.0, -99999.0, -99999.0, 0.0
4047.0, 40.78069468766666, -111.94097020933334, 1291.883, 0.05, 12.8, 0.0, 0.0, -99999.0, -99999.0, -99999.0, -99999.0, -99999.0, 0.18958454266333336, 422.7682210166667, 1.9925186606, 0.89822683551, -37.470919006, -7.3570079655, 1.945102473097, 423.47727130190003, -99999.0, -99999.0, 7.23, 1.38, 8.61, -0.281, 2.547, 2.266, 735.0, 744.0, 659.0, 976.0, 298.0, 137.0, 755.0, -99999.0, -99999.0, 0.0
4048.0, 40.78069466783333, -111.94097029849999, 1291.882, 0.14, 12.8, 0.32, 140.12, 2.03248, 10321.8, 1.24728, 0.247369, -99999.0, 0.19694304874, 422.71479837, 1.9925186606, 0.89822683551, -34.071686375, -7.3570079655, 1.94255593317, 423.47727130190003, -99999.0, -99999.0, 7.21, 1.39, 8.6, -0.324, 2.594, 2.281, 569.0, 571.0, 94.0, 794.0, 335.0, 609.0, 212.0, -99999.0, -99999.0, 0.0
4049.0, 40.78069463833332, -111.9409703905, 1291.881, 0.1, 12.8, 0.35, 119.73, 2.03308, 10324.9, 1.08795, 0.217437, -99999.0, 0.19694247592, 422.71803425, 1.9923421164, 0.89671862445, -99999.0, -99999.0, -99999.0, -99999.0, -99999.0, 57.0, 7.24, 1.38, 8.62, -0.324, 2.594, 2.281, 497.0, 589.0, 533.0, 397.0, 596.0, 586.0, 497.0, -99999.0, -99999.0, 0.0
4050.0, 40.78069459066667, -111.94097045966667, 1291.88, 0.13, 12.8, 0.0, 0.0, 2.03013, 10332.8, 1.03345, 0.251824, -99999.0, 0.1969419031, 422.33643769, 1.9923421164, 0.89671862445, -34.071686375, -7.3570079655, 1.94255593317, 423.47727130190003, -99999.0, 58.3, 7.22, 1.38, 8.6, -0.324, 2.594, 2.281, 807.0, 333.0, 401.0, 606.0, 298.0, -78.0, 283.0, -99999.0, -99999.0, 0.0
4051.0, 40.780694546, -111.940970544, 1291.884, 0.23, 12.8, 0.27, 125.64, 2.03061, 10341.0, 1.10099, 0.260898, -99999.0, 0.18961865214, 422.33643769, 1.9923421164, 0.89671862445, -34.071686375, -7.3570079655, 1.94255593317, 423.8616038577, -99999.0, -99999.0, 7.26, 1.39, 8.65, -0.324, 2.594, 2.281, 792.0, 178.0, 803.0, -141.0, 149.0, 709.0, -135.0, -99999.0, -99999.0, 0.0
4052.0, 40.78069451300001, -111.94097060483334, 1291.882, 0.08, 12.8, 0.32, 122.75, -99999.0, -99999.0, -99999.0, -99999.0, -99999.0, 0.18961867083999998, 422.2792800033333, 1.9920393098, 0.88360306961, -34.071686375, -8.2694284988, 1.94255593317, 423.857305924, -99999.0, 59.7, 7.29, 1.38, 8.68, -0.324, 2.594, 2.281, 880.0, 643.0, 408.0, 464.0, 704.0, 197.0, 709.0, -99999.0, -99999.0, 0.0
4053.0, 40.780694534, -111.940970695, 1291.877, 0.04, 12.8, 0.31, 127.15, 2.03274, 10303.3, 1.02396, 0.260411, -99999.0, 0.19845459432, 422.26171071, 1.9920393098, 0.88360306961, -29.320251354, -8.2694284988, 1.918462868769, 423.857305924, -99999.0, -99999.0, 7.33, 1.4, 8.73, -0.324, 2.594, 2.281, 937.0, 387.0, 458.0, 377.0, 373.0, 508.0, 711.0, -99999.0, -99999.0, 0.0
4054.0, 40.7806945585, -111.94097083483332, 1291.873, 0.02, 12.8, 0.0, 0.0, 2.0308, 10273.7, 0.795948, 0.254026, -99999.0, 0.19845459432, 422.25219024, 1.9926092576, 0.89383850186, -99999.0, -99999.0, -99999.0, -99999.0, -99999.0, 60.3, 7.37, 1.41, 8.78, -0.324, 2.594, 2.281, 869.0, 494.0, 627.0, 579.0, 302.0, 609.0, 247.0, -99999.0, -99999.0, 0.0
