arc_raw/USOS-ARL-Suite_ARC_20240719_RA.ict
71,1001
Xinrong Ren
NOAA Air Resources Lab
ARC-Suite
USOS: Utah Summer Ozone Study
1,1
2024,07,19,2024,07,19
1
StartTime_seconds, seconds, Start time in UTC seconds since midnight
38
1,1,1,1,1,1,1,1,1,1,1,1,1,1,1,1,1,1,1,1,1,1,1,1,1,1,1,1,1,1,1,1,1,1,1,1,1,1
-99999,-99999,-99999,-99999,-99999,-99999,-99999,-99999,-99999,-99999,-99999,-99999,-99999,-99999,-99999,-99999,-99999,-99999,-99999,-99999,-99999,-99999,-99999,-99999,-99999,-99999,-99999,-99999,-99999,-99999,-99999,-99999,-99999,-99999,-99999,-99999,-99999,-99999
lat_DGPS_deg, degrees, Latitude in decimal by Hemisphere VS1100 Differential GPS
lon_DGPS_deg, degrees, Longitude in decimal by Hemisphere VS1100 Differential GPS
alt_msl_m, meters, GPS Altitude MSL
speed_km_h, km/s, vehicle speed
RH, percent, relative humidity
true_WS_m_s, m/s, wind speed by 2D sonic sensor
true_WD_deg, degree, wind direction by 2D sonic sensor
CH4_aeris313_ppm, ppm, CH4 mixing ratio by Aeris
H2O_aeris313_ppm, ppm, H2O mixing ratio by Aeris
C2H6_aeris313_ppb, ppb, C2H6 mixing ratio by Aeris
r_aeris313, 1, relavence between CH4 and C2H6 by Aeris
C2C1_aeris313, 1, C2H6 to CH4 ratio by Aeris
CO_g2401m_ppm, ppm, CO mixing ratio by Picarro G2401m
CO2_g2401m_ppm, ppm, CO2 mixing ratio by Picarro G2401m
CH4_g2401m_ppm, ppm, CH4 mixing ratio by Picarro G2401m
H2O_g2401m, ppm, H2O mixing ratio by Picarro G2401m
delta13C_CH4_raw, permill, delta 13C of CH4 by Picarro G2201i
delta13C_CO2_raw, permill, delta 13C of CO2 by Picarro G2201i
CH4_g2201i_ppm, ppm, CH4 mixing ratio by Picarro G2201i
CO2_g2201i_ppm, ppm, CO2 mixing ratio by Picarro G2201i
NH3_g2301_ppb, ppb, NH3 mixing ratio by Picarro G2301
O3_2B_ppm, ppm, O3 mixing ratio by 2B
NO_G60_ppb, ppb, NO mixing ratio by G60
NO2_G60_ppb, ppb, NO2 mixing ratio by G60
NOx_G60_ppb, ppb, NOx mixing ratio by G60
NO_N500_ppb, ppb, NO mixing ratio by N500
NO2_N500_ppb, ppb, NO2 mixing ratio by N500
NOx_N500_ppb, ppb, NOx mixing ratio by N500
BC370_AE43_ng_m3, ng/m3, Black Carbon at 370 nm by AE43
BC470_AE43_ng_m3, ng/m3, Black Carbon at 470 nm by AE43
BC520_AE43_ng_m3, ng/m3, Black Carbon at 520 nm by AE43
BC590_AE43_ng_m3, ng/m3, Black Carbon at 590 nm by AE43
BC660_AE43_ng_m3, ng/m3, Black Carbon at 660 nm by AE43
BC880_AE43_ng_m3, ng/m3, Black Carbon at 880 nm by AE43
BC950_AE43_ng_m3, ng/m3, Black Carbon at 950 nm by AE43
PM25, ug/m3, PM2.5 by particle sensor
PM10, ug/m3, PM10 by particle sensor
Valve, boolian, indicator of valve conditions;0 is measurement; 10 is zeroing; 11 is spanning
1
SPECIAL COMMENTS, N/A
18
PI_CONTACT_INFO: xinrong.ren@noaa.gov, 301-683-1391, NOAA/ARL, 5830 University Research Court, College Park, MD 20740
PLATFORM: NOAA Air Resources Car
LOCATION: Salt Lake City
ASSOCIATED_DATA: N/A
INSTRUMENT_INFO: Hemisphere VS1100 differential GPS (Latitude, Longitude, GPS Altitude, speed), meteorological sensor (RH, WS, WD), 2B (O3), G60 CRDS (NO-NOx), Teledyne N500 (NO-NOx), Picarro G2401-m (CO2, CH4, CO, H2O), Picarro G2201i (CO2, CH4, d13C_CO2, d13C_CH4, H2O), Picarro 2301 (NH3), Aeris Ultra MIRA (CH4, C2H6, H2O, r, C2/C1), AE43 (Black Carbon), Partical sensor (PM2.5, PM10)
DATA_INFO: Records are reported at 1-second intervals. Hemisphere VS1100 differential GPS has 1-second ntervals. 2B O3 values are reported 2-second averages. G60 Cavity Rong Down NO-NO2-NO2 has 1-second average. Teledyne CAPS NO2 analyzer has 10-second time resolution. Picarro 2401m (CO2, CH4, CO, H2O) data has 2.5-second time resolution. Picarro 2201i (isotope) has ~5 second time resolution. Aeris Ultra MIRA has 1-second integration time. AE43 data are 10-second moving averages. Partical sensor has 10-second time resolution.
UNCERTAINTY: -99999, -99999, -99999, 15 m, -99999, -99999, -99999, -99999, 1 ppb, 100 ppm, 0.2 ppb, -99999, -99999, 5 ppb, 0.1 ppm, 1 ppb, 100 ppm, -99999, -99999, -99999, -99999, 2 ppb, 0.3 ppb, -99999, -99999, -99999, 0.05 ppb, 0.05 ppb, 0.05 ppb, 10 ng/m3, 10 ng/m3, 10 ng/m3, 10 ng/m3, 10 ng/m3, 10 ng/m3, 10 ng/m3, 10 ng/m3, 0
ULOD_FLAG: -77777
ULOD_VALUE: N/A
LLOD_FLAG: -88888
LLOD_VALUE: N/A
DM_CONTACT_INFO: Jiayang Sun; University of Maryland; jiayangs@umd.edu
PROJECT_INFO: USOS July - Aug 2024 https://deq.utah.gov/air-quality/utah-summer-ozone-study-usos
STIPULATIONS_ON_USE: Use of these data requires prior ok from PI.
OTHER_COMMENTS: N/A
REVISION: RA
RA: Preliminary Data for in-field use only.
StartTime_seconds, lat_DGPS_deg, lon_DGPS_deg, alt_msl_m, speed_km_h, RH, true_WS_m_s, true_WD_deg, CH4_aeris313_ppm, H2O_aeris313_ppm, C2H6_aeris313_ppb, r_aeris313, C2C1_aeris313, CO_g2401m_ppm, CO2_g2401m_ppm, CH4_g2401m_ppm, H2O_g2401m, delta13C_CH4_raw, delta13C_CO2_raw, CH4_g2201i_ppm, CO2_g2201i_ppm, NH3_g2301_ppb, O3_2B_ppm, NO_G60_ppb, NO2_G60_ppb, NOx_G60_ppb, NO_N500_ppb, NO2_N500_ppb, NOx_N500_ppb, BC370_AE43_ng_m3, BC470_AE43_ng_m3, BC520_AE43_ng_m3, BC590_AE43_ng_m3, BC660_AE43_ng_m3, BC880_AE43_ng_m3, BC950_AE43_ng_m3, PM25, PM10, Valve
[from data line 3187]
3187.0, 40.780690555666666, -111.94099184483333, 1287.845, 0.06, 27.7, 1.61, 262.17, 1.97216, 16985.0, 17.9075, 0.0165846, -99999.0, 0.12451477089999999, 427.06940341, 1.9574456226, 1.5345793383, -41.870156336, -7.2141843853, 1.892770678063, 428.6652019435, -99999.0, -99999.0, 20.15, 1.36, 21.51, -0.598, 2.922, 2.328, -99999.0, -99999.0, -99999.0, -99999.0, -99999.0, -99999.0, -99999.0, 1.14, 1.14, 0.0
3188.0, 40.78069052716666, -111.94099181949998, 1287.843, 0.05, 27.6, 1.42, 303.68, 1.97084, 16952.1, 17.6627, -0.00787582, -99999.0, 0.12451920449, 428.02226007, 1.9574456226, 1.5345793383, -99999.0, -99999.0, -99999.0, -99999.0, -99999.0, 57.3, 20.14, 1.36, 21.5, -0.598, 2.922, 2.328, -99999.0, -99999.0, -99999.0, -99999.0, -99999.0, -99999.0, -99999.0, -99999.0, -99999.0, 0.0
3189.0, 40.78069051416667, -111.94099182633333, 1287.843, 0.02, 27.6, 1.61, 221.29, 1.96811, 16942.6, 17.7231, 0.0116042, -99999.0, 0.12193364946, 428.08857711, 1.9580543376000001, 1.54505995855, -41.870156336, -7.2141843853, 1.892770678063, 428.79981150205, -99999.0, 58.6, 20.12, 1.34, 21.46, -0.598, 2.922, 2.328, -99999.0, -99999.0, -99999.0, -99999.0, -99999.0, -99999.0, -99999.0, -99999.0, -99999.0, 0.0
3190.0, 40.78069055266667, -111.94099184299999, 1287.844, 0.08, 27.6, 2.36, 228.98, 1.97051, 16956.0, 17.4359, -0.0584943, -99999.0, 0.12194254318, 428.650264875, 1.9586630526, 1.5555405788, -41.870156336, -7.8897205572, 1.892770678063, 428.9312008861, -99999.0, -99999.0, 20.17, 1.33, 21.49, -0.598, 2.922, 2.328, -99999.0, -99999.0, -99999.0, -99999.0, -99999.0, -99999.0, -99999.0, 1.48, 2.63, 0.0
3191.0, 40.780690588166664, -111.94099183283333, 1287.843, 0.11, 27.6, 1.47, 241.38, 1.97003, 16980.4, 17.8233, -0.0512936, -99999.0, 0.13215807696, 429.1456356, 1.9586630526, 1.5555405788, -49.08830004, -7.8897205572, 1.907883058924, 428.9312008861, -99999.0, -99999.0, 20.24, 1.3, 21.54, -0.598, 2.922, 2.328, -99999.0, -99999.0, -99999.0, -99999.0, -99999.0, -99999.0, -99999.0, -99999.0, -99999.0, 0.0
3192.0, 40.780690626500004, -111.94099181649999, 1287.838, 0.09, 27.6, 1.07, 265.45, 1.97036, 17013.8, 17.7747, 0.0148777, -99999.0, 0.132158305675, 429.23636443, 1.9598769331, 1.5613990226, -99999.0, -99999.0, -99999.0, -99999.0, -99999.0, 56.3, 20.21, 1.3, 21.51, -0.598, 2.922, 2.328, -99999.0, -99999.0, -99999.0, -99999.0, -99999.0, -99999.0, -99999.0, -99999.0, -99999.0, 0.0
3193.0, 40.7806906545, -111.940991808, 1287.839, 0.07, 27.6, 2.03, 256.67, 1.97276, 17074.1, 17.9248, 0.0595614, -99999.0, 0.13215853439, 429.25716328, 1.9598769331, 1.5613990226, -49.08830004, -7.8897205572, 1.907883058924, 428.80826087605, -99999.0, 54.7, 20.24, 1.31, 21.55, -0.598, 2.922, 2.328, -99999.0, -99999.0, -99999.0, -99999.0, -99999.0, -99999.0, -99999.0, 1.37, 1.95, 0.0
3194.0, 40.780690684999996, -111.94099181600001, 1287.845, 0.13, 27.6, 1.22, 265.45, 1.96877, 17125.9, 17.7777, 0.100409, -99999.0, 0.13127422403, 429.237906465, 1.959421735, 1.55277889145, -49.08830004, -8.0802136763, 1.907883058924, 428.6844133358, -99999.0, -99999.0, 20.27, 1.31, 21.57, -0.598, 2.922, 2.328, -99999.0, -99999.0, -99999.0, -99999.0, -99999.0, -99999.0, -99999.0, -99999.0, -99999.0, 0.0
3195.0, 40.78069072416666, -111.94099182816666, 1287.85, 0.05, 27.6, 2.24, 284.65, 1.9695, 17167.1, 17.9638, 0.0906085, -99999.0, 0.1312621745, 428.588938795, 1.9589665369, 1.5441587603, -54.688179072, -8.0802136763, 1.911199829528, 428.6844133358, -99999.0, -99999.0, 20.25, 1.31, 21.56, -0.598, 2.922, 2.328, -99999.0, -99999.0, -99999.0, -99999.0, -99999.0, -99999.0, -99999.0, 2.28, 4.69, 0.0
3196.0, 40.780690775000004, -111.94099184500001, 1287.85, 0.06, 27.6, 1.31, 262.14, 1.96932, 17173.8, 17.883, 0.0886387, -99999.0, 0.11588809219, 427.95922794, 1.9589665369, 1.5441587603, -99999.0, -99999.0, -99999.0, -99999.0, -99999.0, 55.5, 20.23, 1.31, 21.54, -0.598, 2.922, 2.328, -99999.0, -99999.0, -99999.0, -99999.0, -99999.0, -99999.0, -99999.0, -99999.0, -99999.0, 0.0
3197.0, 40.7806908285, -111.94099183483334, 1287.856, 0.03, 27.6, 1.54, 289.05, 1.97241, 17176.6, 17.5869, 0.00132907, -99999.0, 0.115888703025, 427.90682998, 1.959032544, 1.5458568823, -54.688179072, -8.0802136763, 1.911199829528, 428.8240237097, -99999.0, 55.2, 20.19, 1.32, 21.52, -0.598, 2.922, 2.328, -99999.0, -99999.0, -99999.0, -99999.0, -99999.0, -99999.0, -99999.0, -99999.0, -99999.0, 0.0
3198.0, 40.780690833499996, -111.94099181416665, 1287.861, 0.14, 27.7, 1.62, 284.45, 1.96939, 17155.3, 17.8922, -0.00913139, -99999.0, 0.11588931386, 427.92261884, 1.959032544, 1.5458568823, -54.688179072, -7.8405778695, 1.911199829528, 428.9647764785, -99999.0, -99999.0, 20.22, 1.32, 21.54, -0.598, 2.922, 2.328, -99999.0, -99999.0, -99999.0, -99999.0, -99999.0, -99999.0, -99999.0, 2.15, 3.3, 0.0
3199.0, 40.78069088616667, -111.94099181499999, 1287.871, 0.14, 27.7, 1.2, 289.05, 1.96805, 17131.0, 17.5653, 0.061786, -99999.0, 0.12548968292, 427.92261884, 1.959032544, 1.5458568823, -50.194940497, -7.8405778695, 1.9017054156030002, 428.9647764785, -99999.0, -99999.0, 20.17, 1.33, 21.5, -0.598, 2.922, 2.328, -99999.0, -99999.0, -99999.0, -99999.0, -99999.0, -99999.0, -99999.0, -99999.0, -99999.0, 0.0
3200.0, 40.78069091766667, -111.94099180116667, 1287.88, 0.08, 27.7, 0.32, 102.35, 1.9729, 17101.5, 17.7525, 0.0641902, -99999.0, 0.12549091392, 428.03565355666666, 1.958969218, 1.5574163269, -50.194940497, -7.8405778695, 1.9017054156030002, 428.9647764785, -99999.0, 54.4, 20.29, 1.31, 21.6, -0.598, 2.922, 2.328, -99999.0, -99999.0, -99999.0, -99999.0, -99999.0, -99999.0, -99999.0, -99999.0, -99999.0, 0.0
3201.0, 40.780690939, -111.94099181916665, 1287.887, 0.2, 27.7, 0.78, 62.55, 1.97012, 17101.7, 18.0031, 0.0544719, -99999.0, 0.11497838436, 428.17231825, 1.958969218, 1.5574163269, -50.194940497, -7.8405778695, 1.9017054156030002, 429.0455837628, -99999.0, 56.3, 20.29, 1.29, 21.58, -0.598, 2.922, 2.328, -99999.0, -99999.0, -99999.0, -99999.0, -99999.0, -99999.0, -99999.0, 1.47, 4.84, 0.0
3202.0, 40.78069096716666, -111.94099181816667, 1287.893, 0.13, 27.7, 0.88, 70.14, 1.97247, 17129.7, 18.0723, 0.148621, -99999.0, 0.11497847179500001, 428.21287917, 1.958528095, 1.5578750708, -50.194940497, -7.4459950678, 1.9017054156030002, 429.04746517729996, -99999.0, -99999.0, 20.3, 1.27, 21.56, -0.598, 2.922, 2.328, -99999.0, -99999.0, -99999.0, -99999.0, -99999.0, -99999.0, -99999.0, -99999.0, -99999.0, 0.0
3203.0, 40.780690948499995, -111.94099182266667, 1287.9, 0.08, 27.7, 0.35, 76.35, 1.96873, 17158.1, 17.7569, 0.197462, -99999.0, 0.11497855923, 428.31746815, 1.958528095, 1.5578750708, -50.791090389, -7.4459950678, 1.904808052189, 429.04746517729996, -99999.0, -99999.0, 20.29, 1.26, 21.55, -0.598, 2.922, 2.328, -99999.0, -99999.0, -99999.0, -99999.0, -99999.0, -99999.0, -99999.0, 1.71, 1.71, 0.0
3204.0, 40.780690930666665, -111.94099181649999, 1287.907, 0.07, 27.7, 0.0, 0.0, 1.97127, 17160.1, 17.9883, 0.236539, -99999.0, 0.12551620679, 428.31746815, 1.958528095, 1.5578750708, -50.791090389, -7.4459950678, 1.904808052189, 429.04746517729996, -99999.0, 57.2, 20.24, 1.26, 21.49, -0.598, 2.922, 2.328, -99999.0, -99999.0, -99999.0, -99999.0, -99999.0, -99999.0, -99999.0, -99999.0, -99999.0, 0.0
3205.0, 40.7806909115, -111.94099184483333, 1287.915, 0.09, 27.7, 0.35, 323.29, 1.97022, 17168.7, 17.8122, 0.226333, -99999.0, 0.125515045735, 428.30183175, 1.9585455695, 1.5527842673, -50.791090389, -7.4459950678, 1.904808052189, 428.6488872135, -99999.0, 54.8, 20.2, 1.25, 21.45, -0.598, 2.922, 2.328, -99999.0, -99999.0, -99999.0, -99999.0, -99999.0, -99999.0, -99999.0, -99999.0, -99999.0, 0.0
3206.0, 40.78069093583333, -111.94099186416666, 1287.923, 0.03, 27.7, 0.75, 269.86, 1.96877, 17187.1, 17.7452, 0.204426, -99999.0, 0.125001926795, 427.97998703, 1.9585455695, 1.5527842673, -50.791090389, -6.8173755622, 1.904808052189, 428.6518817566, -99999.0, -99999.0, 20.19, 1.26, 21.44, -0.598, 2.922, 2.328, -99999.0, -99999.0, -99999.0, -99999.0, -99999.0, -99999.0, -99999.0, 2.65, 8.07, 0.0
3207.0, 40.780690955500006, -111.940991894, 1287.926, 0.09, 27.8, 0.72, 266.78, 1.96996, 17183.5, 17.9823, 0.19131, -99999.0, 0.12448996891, 427.94265748, 1.9583986363, 1.5468065946, -53.934346582, -6.8173755622, 1.9093356226070002, 428.6518817566, -99999.0, -99999.0, 20.23, 1.25, 21.48, -0.598, 2.922, 2.328, -99999.0, -99999.0, -99999.0, -99999.0, -99999.0, -99999.0, -99999.0, -99999.0, -99999.0, 0.0
3208.0, 40.780690922, -111.94099190983334, 1287.935, 0.11, 27.8, 0.93, 262.88, 1.97151, 17176.6, 18.0667, 0.236579, -99999.0, 0.12448808209, 427.86201409, 1.9583986363, 1.5468065946, -53.934346582, -6.8173755622, 1.9093356226070002, 428.6518817566, -99999.0, 53.5, 20.26, 1.22, 21.48, -0.598, 2.922, 2.328, -99999.0, -99999.0, -99999.0, -99999.0, -99999.0, -99999.0, -99999.0, -99999.0, -99999.0, 0.0
3209.0, 40.780690910333334, -111.9409919215, 1287.935, 0.04, 27.8, 0.59, 244.89, 1.96991, 17162.2, 18.075, 0.215126, -99999.0, 0.12048059466, 427.7813707, 1.9583986363, 1.5468065946, -53.934346582, -6.8173755622, 1.9093356226070002, 429.0435115139, -99999.0, 54.3, 20.22, 1.21, 21.44, -0.723, 3.078, 2.359, -99999.0, -99999.0, -99999.0, -99999.0, -99999.0, -99999.0, -99999.0, 1.99, 1.99, 0.0
3210.0, 40.78069093366666, -111.94099194233334, 1287.943, 0.12, 27.8, 1.04, 283.99, 1.9695, 17166.4, 17.5783, 0.198822, -99999.0, 0.12048073305, 427.75882231, 1.95841875, 1.5460946691, -53.934346582, -8.321480565, 1.9093356226070002, 429.0363398906, -99999.0, -99999.0, 20.22, 1.2, 21.43, -0.723, 3.078, 2.359, -99999.0, -99999.0, -99999.0, -99999.0, -99999.0, -99999.0, -99999.0, -99999.0, -99999.0, 0.0
3211.0, 40.780690967333335, -111.94099195550001, 1287.948, 0.08, 27.8, 0.29, 156.89, 1.9695, 17151.2, 17.5876, 0.219749, -99999.0, 0.12048087144, 427.74325422, 1.95841875, 1.5460946691, -53.794842645, -8.321480565, 1.907562790331, 429.0363398906, -99999.0, -99999.0, 20.24, 1.2, 21.44, -0.723, 3.078, 2.359, -99999.0, -99999.0, -99999.0, -99999.0, -99999.0, -99999.0, -99999.0, -99999.0, -99999.0, 0.0
3212.0, 40.78069099533332, -111.94099198583332, 1287.954, 0.02, 27.8, 0.82, 258.59, 1.96755, 17138.1, 17.8319, 0.176749, -99999.0, 0.11560526098, 427.739381585, 1.9585719327, 1.54530169625, -53.794842645, -8.321480565, 1.907562790331, 429.0363398906, -99999.0, 54.6, 20.22, 1.2, 21.42, -0.723, 3.078, 2.359, -99999.0, -99999.0, -99999.0, -99999.0, -99999.0, -99999.0, -99999.0, 1.57, 8.2, 0.0
3213.0, 40.78069101883333, -111.94099198866667, 1287.959, 0.12, 27.8, 1.12, 282.48, 1.96856, 17118.2, 18.2698, 0.148907, -99999.0, 0.11560527936, 427.75389569000004, 1.9587251154, 1.5445087234, -53.794842645, -8.321480565, 1.907562790331, 429.0509282876, -99999.0, 54.4, 20.23, 1.2, 21.43, -0.723, 3.078, 2.359, -99999.0, -99999.0, -99999.0, -99999.0, -99999.0, -99999.0, -99999.0, -99999.0, -99999.0, 0.0
3214.0, 40.78069105000001, -111.94099197683333, 1287.957, 0.14, 27.8, 0.68, 283.58, 1.97081, 17117.5, 17.5896, 0.114983, -99999.0, 0.1240529982, 427.77228243, 1.9587251154, 1.5445087234, -53.794842645, -8.0470567865, 1.907562790331, 429.0522367939, -99999.0, -99999.0, 20.24, 1.2, 21.44, -0.723, 3.078, 2.359, -99999.0, -99999.0, -99999.0, -99999.0, -99999.0, -99999.0, -99999.0, 1.91, 2.49, 0.0
3215.0, 40.78069109300001, -111.94099196766668, 1287.959, 0.15, 27.8, 0.81, 297.36, 1.96844, 17109.8, 17.7655, 0.0962683, -99999.0, 0.12405391493500001, 427.8000933, 1.9583116262, 1.5543459669, -49.185052111, -8.0470567865, 1.904412749624, 429.0522367939, -99999.0, -99999.0, 20.26, 1.22, 21.48, -0.723, 3.078, 2.359, -99999.0, -99999.0, -99999.0, -99999.0, -99999.0, -99999.0, -99999.0, -99999.0, -99999.0, 0.0
3216.0, 40.7806911065, -111.94099196183333, 1287.966, 0.15, 27.8, 2.04, 245.07, 1.96973, 17111.5, 18.0002, 0.088856, -99999.0, 0.12405483167, 428.01298897, 1.9583116262, 1.5543459669, -49.185052111, -8.0470567865, 1.904412749624, 429.0522367939, -99999.0, 55.6, 20.24, 1.24, 21.48, -0.723, 3.078, 2.359, -99999.0, -99999.0, -99999.0, -99999.0, -99999.0, -99999.0, -99999.0, -99999.0, -99999.0, 0.0
3217.0, 40.780691152, -111.94099195700001, 1287.971, 0.07, 27.8, 1.64, 221.88, 1.97018, 17119.1, 17.9383, 0.072131, -99999.0, 0.11389500997, 428.05617453, 1.9585496199999999, 1.5622301018, -49.185052111, -8.0470567865, 1.904412749624, 428.4930068833, -99999.0, 56.2, 20.22, 1.24, 21.46, -0.723, 3.078, 2.359, -99999.0, -99999.0, -99999.0, -99999.0, -99999.0, -99999.0, -99999.0, 2.48, 6.07, 0.0
3218.0, 40.78069118016666, -111.94099193933334, 1287.979, 0.07, 27.8, 2.82, 235.97, 1.96943, 17113.3, 17.7847, 0.0951588, -99999.0, 0.11389566798, 428.14611586, 1.9587876138, 1.5701142367, -49.185052111, -6.3968301199, 1.904412749624, 428.50086523119995, -99999.0, -99999.0, 20.21, 1.25, 21.46, -0.723, 3.078, 2.359, -99999.0, -99999.0, -99999.0, -99999.0, -99999.0, -99999.0, -99999.0, -99999.0, -99999.0, 0.0
3219.0, 40.78069120116666, -111.94099192116667, 1287.981, 0.24, 27.8, 0.31, 161.74, 1.97084, 17127.6, 17.5356, 0.0368777, -99999.0, 0.12414822734, 428.19287163, 1.9587876138, 1.5701142367, -50.137129871, -6.3968301199, 1.9098948097350001, 428.50086523119995, -99999.0, -99999.0, 20.13, 1.3, 21.43, -0.723, 3.078, 2.359, -99999.0, -99999.0, -99999.0, -99999.0, -99999.0, -99999.0, -99999.0, -99999.0, -99999.0, 0.0
3220.0, 40.78069120850001, -111.94099190816665, 1287.992, 0.06, 27.8, 2.77, 247.15, 1.96644, 17181.2, 18.1007, -0.0536249, -99999.0, 0.12414843684, 428.23159703, 1.9596231337, 1.565817183, -50.137129871, -6.3968301199, 1.9098948097350001, 428.50086523119995, -99999.0, 55.7, 20.14, 1.3, 21.44, -0.723, 3.078, 2.359, -99999.0, -99999.0, -99999.0, -99999.0, -99999.0, -99999.0, -99999.0, 2.13, 3.28, 0.0
3221.0, 40.78069120466667, -111.94099189900001, 1287.998, 0.02, 27.8, 3.39, 253.06, 1.96875, 17228.0, 17.6587, -0.0266292, -99999.0, 0.12414864634, 428.25111251, 1.9596231337, 1.565817183, -50.137129871, -6.70612919305, 1.9098948097350001, 428.84616414045, -99999.0, -99999.0, 20.18, 1.28, 21.46, -0.723, 3.078, 2.359, -99999.0, -99999.0, -99999.0, -99999.0, -99999.0, -99999.0, -99999.0, -99999.0, -99999.0, 0.0
3222.0, 40.780691203, -111.9409918985, 1288.006, 0.26, 27.8, 2.57, 245.96, 1.97081, 17250.7, 17.6207, -0.0460515, -99999.0, 0.11470896244, 428.25111251, 1.9596231337, 1.565817183, -99999.0, -99999.0, -99999.0, -99999.0, -99999.0, 55.9, 20.15, 1.3, 21.45, -0.723, 3.078, 2.359, -99999.0, -99999.0, -99999.0, -99999.0, -99999.0, -99999.0, -99999.0, -99999.0, -99999.0, 0.0
3223.0, 40.780691194666666, -111.94099187116666, 1288.01, 0.08, 27.8, 2.31, 245.27, 1.97078, 17262.9, 17.8339, -0.0810354, -99999.0, 0.11470875150666666, 428.18288479333336, 1.9594662466, 1.55847221, -53.390279709, -7.0154282662, 1.903354910629, 428.8446900722, -99999.0, -99999.0, 20.14, 1.31, 21.45, -0.723, 3.078, 2.359, -99999.0, -99999.0, -99999.0, -99999.0, -99999.0, -99999.0, -99999.0, 1.87, 8.1, 0.0
3224.0, 40.7806912095, -111.94099186650001, 1288.016, 0.06, 27.8, 0.68, 293.64, 1.96946, 17284.9, 18.0215, -0.0967972, -99999.0, 0.1240300676, 428.12501876, 1.9594662466, 1.55847221, -53.390279709, -7.0154282662, 1.903354910629, 428.8446900722, -99999.0, 54.9, 20.16, 1.34, 21.5, -0.723, 3.078, 2.359, -99999.0, -99999.0, -99999.0, -99999.0, -99999.0, -99999.0, -99999.0, -99999.0, -99999.0, 0.0
3225.0, 40.78069123699999, -111.94099186183333, 1288.022, 0.12, 27.8, 1.53, 219.36, 1.96964, 17263.7, 17.7187, -0.0887218, -99999.0, 0.12403023692500001, 428.0946052, 1.9590761627, 1.5568023254, -53.390279709, -6.4159503711, 1.903354910629, 428.67837663520004, -99999.0, -99999.0, 20.16, 1.34, 21.5, -0.723, 3.078, 2.359, -99999.0, -99999.0, -99999.0, -99999.0, -99999.0, -99999.0, -99999.0, 1.72, 5.86, 0.0
