arc_raw/USOS-ARL-Suite_ARC_20240804_RA.ict
71,1001
Xinrong Ren
NOAA Air Resources Lab
ARC-Suite
USOS: Utah Summer Ozone Study
1,1
2024,08,04,2024,08,04
1
StartTime_seconds, seconds, Start time in UTC seconds since midnight
38
1,1,1,1,1,1,1,1,1,1,1,1,1,1,1,1,1,1,1,1,1,1,1,1,1,1,1,1,1,1,1,1,1,1,1,1,1,1
-99999,-99999,-99999,-99999,-99999,-99999,-99999,-99999,-99999,-99999,-99999,-99999,-99999,-99999,-99999,-99999,-99999,-99999,-99999,-99999,-99999,-99999,-99999,-99999,-99999,-99999,-99999,-99999,-99999,-99999,-99999,-99999,-99999,-99999,-99999,-99999,-99999,-99999
lat_DGPS_deg, degrees, Latitude in decimal by Hemisphere VS1100 Differential GPS
lon_DGPS_deg, degrees, Longitude in decimal by Hemisphere VS1100 Differential GPS
alt_msl_m, meters, GPS Altitude MSL
speed_km_h, km/s, vehicle speed
RH, percent, relative humidity
true_WS_m_s, m/s, wind speed by 2D sonic sensor
true_WD_deg, degree, wind direction by 2D sonic sensor
CH4_aeris313_ppm, ppm, CH4 mixing ratio by Aeris
H2O_aeris313_ppm, ppm, H2O mixing ratio by Aeris
C2H6_aeris313_ppb, ppb, C2H6 mixing ratio by Aeris
r_aeris313, 1, relavence between CH4 and C2H6 by Aeris
C2C1_aeris313, 1, C2H6 to CH4 ratio by Aeris
CO_g2401m_ppm, ppm, CO mixing ratio by Picarro G2401m
CO2_g2401m_ppm, ppm, CO2 mixing ratio by Picarro G2401m
CH4_g2401m_ppm, ppm, CH4 mixing ratio by Picarro G2401m
H2O_g2401m, ppm, H2O mixing ratio by Picarro G2401m
delta13C_CH4_raw, permill, delta 13C of CH4 by Picarro G2201i
delta13C_CO2_raw, permill, delta 13C of CO2 by Picarro G2201i
CH4_g2201i_ppm, ppm, CH4 mixing ratio by Picarro G2201i
CO2_g2201i_ppm, ppm, CO2 mixing ratio by Picarro G2201i
NH3_g2301_ppb, ppb, NH3 mixing ratio by Picarro G2301
O3_2B_ppm, ppm, O3 mixing ratio by 2B
NO_G60_ppb, ppb, NO mixing ratio by G60
NO2_G60_ppb, ppb, NO2 mixing ratio by G60
NOx_G60_ppb, ppb, NOx mixing ratio by G60
NO_N500_ppb, ppb, NO mixing ratio by N500
NO2_N500_ppb, ppb, NO2 mixing ratio by N500
NOx_N500_ppb, ppb, NOx mixing ratio by N500
BC370_AE43_ng_m3, ng/m3, Black Carbon at 370 nm by AE43
BC470_AE43_ng_m3, ng/m3, Black Carbon at 470 nm by AE43
BC520_AE43_ng_m3, ng/m3, Black Carbon at 520 nm by AE43
BC590_AE43_ng_m3, ng/m3, Black Carbon at 590 nm by AE43
BC660_AE43_ng_m3, ng/m3, Black Carbon at 660 nm by AE43
BC880_AE43_ng_m3, ng/m3, Black Carbon at 880 nm by AE43
BC950_AE43_ng_m3, ng/m3, Black Carbon at 950 nm by AE43
PM25, ug/m3, PM2.5 by particle sensor
PM10, ug/m3, PM10 by particle sensor
Valve, boolian, indicator of valve conditions;0 is measurement; 10 is zeroing; 11 is spanning
1
SPECIAL COMMENTS, N/A
18
PI_CONTACT_INFO: xinrong.ren@noaa.gov, 301-683-1391, NOAA/ARL, 5830 University Research Court, College Park, MD 20740
PLATFORM: NOAA Air Resources Car
LOCATION: Salt Lake City
ASSOCIATED_DATA: N/A
INSTRUMENT_INFO: Hemisphere VS1100 differential GPS (Latitude, Longitude, GPS Altitude, speed), meteorological sensor (RH, WS, WD), 2B (O3), G60 CRDS (NO-NOx), Teledyne N500 (NO-NOx), Picarro G2401-m (CO2, CH4, CO, H2O), Picarro G2201i (CO2, CH4, d13C_CO2, d13C_CH4, H2O), Picarro 2301 (NH3), Aeris Ultra MIRA (CH4, C2H6, H2O, r, C2/C1), AE43 (Black Carbon), Partical sensor (PM2.5, PM10)
DATA_INFO: Records are reported at 1-second intervals. Hemisphere VS1100 differential GPS has 1-second ntervals. 2B O3 values are reported 2-second averages. G60 Cavity Rong Down NO-NO2-NO2 has 1-second average. Teledyne CAPS NO2 analyzer has 10-second time resolution. Picarro 2401m (CO2, CH4, CO, H2O) data has 2.5-second time resolution. Picarro 2201i (isotope) has ~5 second time resolution. Aeris Ultra MIRA has 1-second integration time. AE43 data are 10-second moving averages. Partical sensor has 10-second time resolution.
UNCERTAINTY: -99999, -99999, -99999, 15 m, -99999, -99999, -99999, -99999, 1 ppb, 100 ppm, 0.2 ppb, -99999, -99999, 5 ppb, 0.1 ppm, 1 ppb, 100 ppm, -99999, -99999, -99999, -99999, 2 ppb, 0.3 ppb, -99999, -99999, -99999, 0.05 ppb, 0.05 ppb, 0.05 ppb, 10 ng/m3, 10 ng/m3, 10 ng/m3, 10 ng/m3, 10 ng/m3, 10 ng/m3, 10 ng/m3, 10 ng/m3, 0
ULOD_FLAG: -77777
ULOD_VALUE: N/A
LLOD_FLAG: -88888
LLOD_VALUE: N/A
DM_CONTACT_INFO: Jiayang Sun; University of Maryland; jiayangs@umd.edu
PROJECT_INFO: USOS July - Aug 2024 https://deq.utah.gov/air-quality/utah-summer-ozone-study-usos
STIPULATIONS_ON_USE: Use of these data requires prior ok from PI.
OTHER_COMMENTS: N/A
REVISION: RA
RA: Preliminary Data for in-field use only.
StartTime_seconds, lat_DGPS_deg, lon_DGPS_deg, alt_msl_m, speed_km_h, RH, true_WS_m_s, true_WD_deg, CH4_aeris313_ppm, H2O_aeris313_ppm, C2H6_aeris313_ppb, r_aeris313, C2C1_aeris313, CO_g2401m_ppm, CO2_g2401m_ppm, CH4_g2401m_ppm, H2O_g2401m, delta13C_CH4_raw, delta13C_CO2_raw, CH4_g2201i_ppm, CO2_g2201i_ppm, NH3_g2301_ppb, O3_2B_ppm, NO_G60_ppb, NO2_G60_ppb, NOx_G60_ppb, NO_N500_ppb, NO2_N500_ppb, NOx_N500_ppb, BC370_AE43_ng_m3, BC470_AE43_ng_m3, BC520_AE43_ng_m3, BC590_AE43_ng_m3, BC660_AE43_ng_m3, BC880_AE43_ng_m3, BC950_AE43_ng_m3, PM25, PM10, Valve
[from data line 4096]
4096.0, 40.78067502133333, -111.94098300433333, 1291.57, 0.09, 25.2, -99999.0, -99999.0, 1.99699, 15760.4, -0.471188, -0.0217293, -99999.0, 0.15774377419, 428.7949731, 1.9743944188, 1.4162720647, -44.570883537, -7.8343481177, 1.910415802121, 428.9463638073, -99999.0, 52.4, 15.13, 1.61, 16.73, -0.574, 0.668, 0.094, 503.0, 250.0, 475.0, 366.0, 107.0, -8.0, 349.0, -99999.0, -99999.0, 0.0
4097.0, 40.780675224666666, -111.9409829195, 1291.526, 0.04, 25.2, -99999.0, -99999.0, 1.99577, 15819.6, -0.623894, -0.0678882, -99999.0, 0.157743357405, 428.91250919, 1.9740941286, 1.4246648126, -99999.0, -99999.0, -99999.0, -99999.0, -99999.0, -99999.0, 15.13, 1.62, 16.75, -0.574, 0.668, 0.094, 224.0, 156.0, 421.0, 72.0, 286.0, 212.0, -240.0, -99999.0, -99999.0, 0.0
4098.0, 40.780675688166674, -111.94098286616666, 1291.48, 0.08, 25.2, -99999.0, -99999.0, 1.99703, 15860.2, -0.941204, -0.0512335, -99999.0, 0.15774294062, 428.80084898, 1.9740941286, 1.4246648126, -44.570883537, -7.8343481177, 1.910415802121, 428.9463638073, -99999.0, 52.2, 15.16, 1.62, 16.78, -0.574, 0.668, 0.094, 247.0, 262.0, 362.0, -81.0, 54.0, -42.0, 584.0, -99999.0, -99999.0, 0.0
4099.0, 40.780676273999994, -111.94098277116667, 1291.425, 0.06, 25.3, -99999.0, -99999.0, 1.99813, 15891.4, -0.756002, -0.0296125, -99999.0, 0.14953575387, 428.80084898, 1.9740941286, 1.4246648126, -44.570883537, -8.31079059835, 1.910415802121, 428.63618219335, -99999.0, -99999.0, 15.17, 1.61, 16.78, -0.574, 0.668, 0.094, 384.0, 334.0, 516.0, 47.0, -189.0, 445.0, 613.0, -99999.0, -99999.0, 0.0
4100.0, 40.7806771345, -111.94098274699999, 1291.377, 0.14, 25.2, -99999.0, -99999.0, 1.99788, 15839.4, -0.903021, -0.0436847, -99999.0, 0.14952628521666667, 427.97596360666665, 1.9741501240000001, 1.3522048453, -99999.0, -99999.0, -99999.0, -99999.0, -99999.0, 50.4, 15.19, 1.63, 16.82, -0.574, 0.668, 0.094, 242.0, 6.0, 516.0, 141.0, 404.0, 407.0, 190.0, -99999.0, -99999.0, 0.0
4101.0, 40.78067791833334, -111.94098280499999, 1291.316, 0.18, 25.2, -99999.0, -99999.0, 1.99613, 15718.4, -0.958632, -0.052775, -99999.0, 0.14046324856, 426.75892858, 1.974150124, 1.3522048453, -41.938224235, -8.787233079, 1.906266093467, 428.6339126186, -99999.0, -99999.0, 15.17, 1.63, 16.8, -0.574, 0.668, 0.094, 247.0, 401.0, 659.0, 513.0, 404.0, 670.0, -221.0, -99999.0, -99999.0, 0.0
4102.0, 40.78067845649999, -111.940982902, 1291.248, 0.06, 25.1, -99999.0, -99999.0, 1.99765, 15575.8, -0.787125, -0.0405329, -99999.0, 0.140464812095, 426.49143893, 1.9725642731, 1.3448876709, -99999.0, -99999.0, -99999.0, -99999.0, -99999.0, -99999.0, 15.16, 1.65, 16.81, -0.574, 0.668, 0.094, 452.0, 340.0, 154.0, -153.0, 518.0, 297.0, 339.0, -99999.0, -99999.0, 0.0
4103.0, 40.78067906650001, -111.94098302666667, 1291.151, 0.26, 25.1, -99999.0, -99999.0, 1.99749, 15438.9, -0.925313, -0.0525369, -99999.0, 0.14046637563, 426.92650961, 1.9725642731, 1.3448876709, -41.938224235, -8.787233079, 1.906266093467, 428.6339126186, -99999.0, 50.8, 15.12, 1.66, 16.78, -0.574, 0.668, 0.094, 471.0, 562.0, 766.0, 441.0, -54.0, -64.0, 346.0, -99999.0, -99999.0, 0.0
4104.0, 40.780679599166675, -111.94098311666667, 1291.068, 0.12, 25.0, -99999.0, -99999.0, 1.99585, 15402.0, -1.09505, -0.00671293, -99999.0, 0.14008943649, 426.92650961, 1.9725642731, 1.3448876709, -41.938224235, -8.4943112968, 1.906266093467, 428.1565486183, -99999.0, 53.6, 15.11, 1.65, 16.76, -0.574, 0.668, 0.094, 18.0, 640.0, 327.0, 69.0, 286.0, 611.0, 70.0, -99999.0, -99999.0, 0.0
4105.0, 40.780680589999996, -111.94098317349999, 1290.962, 0.15, 25.0, -99999.0, -99999.0, 1.99654, 15401.7, -0.68758, -0.0155966, -99999.0, 0.14009359329, 427.2642335466667, 1.9729482484, 1.3692695534, -99999.0, -99999.0, -99999.0, -99999.0, -99999.0, -99999.0, 15.12, 1.65, 16.76, -0.574, 0.668, 0.094, 471.0, 490.0, 178.0, 488.0, 114.0, 178.0, 589.0, -99999.0, -99999.0, 0.0
4106.0, 40.78068163300001, -111.94098319016666, 1290.858, 0.07, 25.0, -99999.0, -99999.0, 1.99941, 15406.4, -1.1192, -0.104738, -99999.0, 0.14489378238, 427.82512278, 1.9729482484, 1.3692695534, -41.520162199, -8.2013895146, 1.905310315582, 428.15794241789996, -99999.0, -99999.0, 15.11, 1.66, 16.77, -0.574, 0.668, 0.094, 247.0, 284.0, 220.0, 663.0, 475.0, 411.0, -286.0, -99999.0, -99999.0, 0.0
4107.0, 40.780683214499994, -111.940983323, 1290.689, 0.02, 24.9, -99999.0, -99999.0, 2.00028, 15449.7, -0.690771, -0.0101174, -99999.0, 0.14489330165, 427.95513275, 1.9732559338, 1.3835080673, -99999.0, -99999.0, -99999.0, -99999.0, -99999.0, 53.4, 15.06, 1.63, 16.7, -0.574, 0.668, 0.094, 247.0, 122.0, 166.0, 22.0, 475.0, -99999.0, -84.0, -99999.0, -99999.0, 0.0
4108.0, 40.78068499216666, -111.94098367566667, 1290.424, 0.09, 24.9, -99999.0, -99999.0, 1.99516, 15501.9, -0.74606, -0.0420723, -99999.0, 0.14489282092, 427.8456715, 1.9732559338, 1.3835080673, -41.520162199, -8.2013895146, 1.905310315582, 428.15794241789996, -99999.0, 51.9, 15.08, 1.62, 16.71, -0.574, 0.668, 0.094, 361.0, 646.0, 101.0, 516.0, 222.0, 85.0, 241.0, -99999.0, -99999.0, 0.0
4109.0, 40.78068689383333, -111.94098374066668, 1290.225, 0.11, 24.9, -99999.0, -99999.0, 1.99914, 15537.1, -1.07668, -0.090963, -99999.0, 0.16106869006, 427.8456715, 1.9732559338, 1.3835080673, -41.520162199, -7.658895180150001, 1.905310315582, 428.24527165325003, -99999.0, -99999.0, 15.12, 1.62, 16.74, -0.574, 0.668, 0.094, 279.0, 139.0, -18.0, 338.0, 404.0, 68.0, 370.0, -99999.0, -99999.0, 0.0
4110.0, 40.78068869966666, -111.94098386866666, 1290.017, 0.12, 24.9, -99999.0, -99999.0, 1.99559, 15572.5, -0.692245, -0.120692, -99999.0, 0.16106540621999998, 427.73524388333334, 1.9732256397, 1.3986097942999998, -99999.0, -99999.0, -99999.0, -99999.0, -99999.0, -99999.0, 15.08, 1.64, 16.72, -0.574, 0.668, 0.094, 224.0, 167.0, 368.0, 166.0, -64.0, 263.0, 361.0, -99999.0, -99999.0, 0.0
4111.0, 40.78069007049999, -111.94098402183333, 1289.87, 0.06, 24.9, -99999.0, -99999.0, 1.99438, 15613.7, -1.13514, -0.0203862, -99999.0, 0.15248511197, 427.31684473, 1.9732256397, 1.3986097943, -37.189168218, -7.1164008457, 1.905885887082, 428.2478534962, -99999.0, 52.0, 15.1, 1.64, 16.74, -0.527, 0.668, 0.141, 416.0, -11.0, -83.0, 269.0, 518.0, 458.0, 195.0, -99999.0, -99999.0, 0.0
4112.0, 40.78069130800001, -111.94098415633334, 1289.776, 0.09, 24.9, -99999.0, -99999.0, 1.99585, 15642.4, -0.544024, -0.0399885, -99999.0, 0.15248511197, 427.31235191, 1.9725052509, 1.3821723487, -99999.0, -99999.0, -99999.0, -99999.0, -99999.0, 52.3, 15.1, 1.66, 16.76, -0.527, 0.668, 0.141, 471.0, 234.0, 374.0, 513.0, 236.0, 68.0, 632.0, -99999.0, -99999.0, 0.0
4113.0, 40.78069994983333, -111.94098611383333, 1288.85, 0.15, 24.9, -99999.0, -99999.0, 1.99822, 15655.4, -0.813833, -0.0502765, -99999.0, 0.15248711296, 427.439067785, 1.9725052509, 1.3821723487, -37.189168218, -7.1164008457, 1.905885887082, 428.2478534962, -99999.0, -99999.0, 15.04, 1.68, 16.72, -0.527, 0.668, 0.141, 155.0, 328.0, 451.0, -125.0, 490.0, 534.0, 361.0, -99999.0, -99999.0, 0.0
4114.0, 40.78070393966667, -111.94098743283332, 1288.959, 0.19, 24.9, -99999.0, -99999.0, 1.99358, 15632.9, -0.896089, -0.02859, -99999.0, 0.149748763, 427.56578366, 1.9725052509, 1.3821723487, -37.189168218, -7.1164008457, 1.905885887082, 428.41421948880003, -99999.0, -99999.0, 14.99, 1.68, 16.67, -0.527, 0.668, 0.141, 50.0, 339.0, 279.0, -106.0, 286.0, 534.0, 596.0, -99999.0, -99999.0, 0.0
4115.0, 40.78070449416666, -111.94098764133332, 1289.177, 0.15, 24.9, -99999.0, -99999.0, 1.99671, 15626.9, -0.719473, -0.0208049, -99999.0, 0.14974985216, 427.54966005, 1.9720329097, 1.3938149396, -37.189168218, -9.0087561899, 1.905885887082, 428.4052098789, -99999.0, 52.4, 14.97, 1.69, 16.67, -0.527, 0.668, 0.141, 534.0, 417.0, 267.0, 366.0, 286.0, 229.0, 375.0, -99999.0, -99999.0, 0.0
4116.0, 40.78070442816667, -111.94098770166666, 1289.327, 0.1, 24.9, -99999.0, -99999.0, 1.99721, 15624.7, -1.03355, -0.0532657, -99999.0, 0.14566324228, 427.78439567, 1.9720329097, 1.3938149396, -38.879437092, -9.0087561899, 1.901356333577, 428.4052098789, -99999.0, 52.6, 15.04, 1.68, 16.72, -0.527, 0.668, 0.141, 205.0, 83.0, 201.0, 165.0, 103.0, 101.0, 280.0, -99999.0, -99999.0, 0.0
4117.0, 40.780703970666664, -111.94098780466666, 1289.487, 0.11, 25.0, -99999.0, -99999.0, 1.99623, 15645.2, -1.00279, -0.0420298, -99999.0, 0.14157554324, 427.87626213, 1.9725213483, 1.4094636874, -99999.0, -99999.0, -99999.0, -99999.0, -99999.0, -99999.0, 15.0, 1.66, 16.66, -0.527, 0.668, 0.141, 503.0, 245.0, 148.0, 22.0, 350.0, 310.0, 231.0, -99999.0, -99999.0, 0.0
4118.0, 40.780703626333334, -111.94098795266667, 1289.608, 0.07, 25.1, -99999.0, -99999.0, 1.99691, 15686.1, -0.453904, -0.0392771, -99999.0, 0.14157437825, 427.84706595, 1.9725213483, 1.4094636874, -38.879437092, -9.0087561899, 1.901356333577, 428.4052098789, -99999.0, -99999.0, 15.05, 1.66, 16.71, -0.527, 0.668, 0.141, 297.0, 495.0, 457.0, 366.0, 393.0, 356.0, -493.0, -99999.0, -99999.0, 0.0
4119.0, 40.78070334816667, -111.9409880915, 1289.691, 0.23, 25.1, -99999.0, -99999.0, 1.99457, 15738.6, -0.78189, -0.0657883, -99999.0, 0.15261186651, 427.81786977, 1.9725213483, 1.4094636874, -38.879437092, -9.0087561899, 1.901356333577, 427.9855790794, -99999.0, 51.8, 15.06, 1.62, 16.68, -0.527, 0.668, 0.141, 69.0, 412.0, 671.0, 438.0, 232.0, 492.0, 72.0, -99999.0, -99999.0, 0.0
4120.0, 40.78070309216667, -111.940987989, 1289.719, 0.07, 25.1, -99999.0, -99999.0, 1.9959, 15765.5, -0.799868, -0.0585766, -99999.0, 0.15260976569, 427.74841534, 1.9722567582, 1.3731956922, -38.879437092, -7.730214355, 1.901356333577, 427.99166032619996, -99999.0, 50.6, 14.99, 1.62, 16.61, -0.527, 0.668, 0.141, 416.0, 234.0, 142.0, 194.0, 340.0, 276.0, -344.0, -99999.0, -99999.0, 0.0
4121.0, 40.78070266866666, -111.94098764099999, 1289.663, 0.14, 25.1, -99999.0, -99999.0, 1.99606, 15737.9, -1.01282, -0.0226033, -99999.0, 0.15260766487, 427.13243406, 1.9722567582, 1.3731956922, -34.345900146, -7.730214355, 1.8930427591560002, 427.99166032619996, -99999.0, -99999.0, 14.98, 1.6, 16.57, -0.527, 0.668, 0.141, 238.0, 95.0, 119.0, 685.0, 243.0, 280.0, 214.0, -99999.0, -99999.0, 0.0
4122.0, 40.780702459, -111.94098733583333, 1289.621, 0.06, 25.1, -99999.0, -99999.0, 1.99742, 15641.2, -1.017, -0.021453, -99999.0, 0.14205161852, 427.044736855, 1.97332250295, 1.36521893245, -99999.0, -99999.0, -99999.0, -99999.0, -99999.0, -99999.0, 14.99, 1.58, 16.56, -0.527, 0.668, 0.141, 434.0, 95.0, 208.0, 441.0, 96.0, 254.0, 144.0, -99999.0, -99999.0, 0.0
4123.0, 40.78070255066667, -111.940987159, 1289.582, 0.08, 25.1, -99999.0, -99999.0, 1.99734, 15572.8, -0.59078, -0.00525312, -99999.0, 0.14205263354, 426.9936429, 1.9743882477, 1.3572421727, -34.345900146, -7.730214355, 1.8930427591560002, 427.99166032619996, -99999.0, 51.5, 15.01, 1.55, 16.56, -0.527, 0.668, 0.141, 274.0, 184.0, 297.0, 166.0, 222.0, 305.0, 635.0, -99999.0, -99999.0, 0.0
4124.0, 40.780702465666664, -111.9409869515, 1289.568, 0.2, 25.0, -99999.0, -99999.0, 1.99949, 15511.7, -0.905452, -0.0498596, -99999.0, 0.15018305764, 427.03024615, 1.9743882477, 1.3572421727, -34.345900146, -7.730214355, 1.8930427591560002, 428.0154438258, -99999.0, 52.6, 15.02, 1.54, 16.56, -0.527, 0.668, 0.141, 384.0, 234.0, 226.0, 269.0, 411.0, 556.0, 409.0, -99999.0, -99999.0, 0.0
4125.0, 40.780702335, -111.94098675483335, 1289.54, 0.11, 25.0, -99999.0, -99999.0, 1.99909, 15466.0, -0.521269, 0.0234976, -99999.0, 0.150181521275, 426.93033714, 1.9746588335, 1.3434461056, -34.345900146, -6.9068877239, 1.8930427591560002, 428.0193601081, -99999.0, -99999.0, 15.04, 1.52, 16.56, -0.527, 0.668, 0.141, 87.0, 167.0, 148.0, 316.0, 225.0, 93.0, 375.0, -99999.0, -99999.0, 0.0
4126.0, 40.780702228833334, -111.94098661633333, 1289.516, 0.06, 24.9, -99999.0, -99999.0, 1.99751, 15417.9, -0.46297, 0.0436456, -99999.0, 0.15017998491, 426.53951416, 1.9746588335, 1.3434461056, -44.413930915, -6.9068877239, 1.915399953703, 428.0193601081, -99999.0, 51.5, 15.05, 1.5, 16.55, -0.527, 0.668, 0.141, 640.0, 301.0, 214.0, 541.0, 297.0, 475.0, 859.0, -99999.0, -99999.0, 0.0
4127.0, 40.780702101500005, -111.9409864835, 1289.5, 0.1, 24.9, -99999.0, -99999.0, 2.00031, 15355.1, -0.949004, 0.027377, -99999.0, 0.14800974265, 426.519201595, 1.97502592385, 1.3442874597499999, -99999.0, -99999.0, -99999.0, -99999.0, -99999.0, -99999.0, 15.03, 1.47, 16.5, -0.527, 0.668, 0.141, 247.0, 228.0, 24.0, 69.0, 579.0, 344.0, 272.0, -99999.0, -99999.0, 0.0
4128.0, 40.780701974, -111.9409863375, 1289.496, 0.1, 24.8, -99999.0, -99999.0, 1.99703, 15314.1, -0.720012, 0.0257586, -99999.0, 0.14800935113, 426.478472635, 1.9753930142, 1.3451288139, -99999.0, -99999.0, -99999.0, -99999.0, -99999.0, 51.4, 15.03, 1.47, 16.5, -0.527, 0.668, 0.141, 334.0, 417.0, 12.0, 344.0, 350.0, 81.0, 286.0, -99999.0, -99999.0, 0.0
4129.0, 40.78070197383333, -111.94098622066667, 1289.49, 0.08, 24.8, -99999.0, -99999.0, 1.99719, 15307.2, -1.00794, 0.0156452, -99999.0, 0.15228106034, 426.45805624, 1.9753930142, 1.3451288139, -44.413930915, -6.9068877239, 1.915399953703, 428.0477016676, -99999.0, -99999.0, 14.96, 1.47, 16.43, -0.527, 0.668, 0.141, 576.0, 323.0, 356.0, 294.0, 411.0, 157.0, 10.0, -99999.0, -99999.0, 0.0
4130.0, 40.78070191249999, -111.94098610799999, 1289.493, 0.15, 24.8, -99999.0, -99999.0, 1.99955, 15304.5, -0.563226, 0.0837464, -99999.0, 0.152281089385, 426.48397623, 1.9746168098, 1.3511745358, -44.413930915, -9.2647911612, 1.915399953703, 428.0648260043, -99999.0, 53.2, 14.95, 1.45, 16.4, -0.527, 0.668, 0.141, 384.0, 484.0, 499.0, 416.0, 350.0, 271.0, 390.0, -99999.0, -99999.0, 0.0
4131.0, 40.78070186149999, -111.94098603599998, 1289.498, 0.1, 24.8, -99999.0, -99999.0, 2.00202, 15299.3, -0.809745, 0.0671158, -99999.0, 0.15228111843, 426.52831318, 1.9746168098, 1.3511745358, -36.654308613, -9.2647911612, 1.908587108398, 428.0648260043, -99999.0, -99999.0, 14.95, 1.45, 16.39, -0.527, 0.668, 0.141, 487.0, 305.0, 172.0, 268.0, 598.0, 224.0, -105.0, -99999.0, -99999.0, 0.0
4132.0, 40.780701783999994, -111.94098594383334, 1289.501, 0.11, 24.8, -99999.0, -99999.0, 2.00007, 15311.0, -0.461389, 0.138214, -99999.0, 0.15016767011, 426.52831318, 1.9746168098, 1.3511745358, -99999.0, -99999.0, -99999.0, -99999.0, -99999.0, 53.0, 14.99, 1.42, 16.41, -0.527, 0.668, 0.141, 279.0, 484.0, 641.0, 635.0, 347.0, 568.0, 418.0, -99999.0, -99999.0, 0.0
4133.0, 40.780701730000004, -111.94098589900001, 1289.492, 0.14, 24.8, -99999.0, -99999.0, 2.00025, 15348.6, -0.836985, 0.128128, -99999.0, 0.15016727801000002, 426.55803435, 1.9747919589, 1.3631170221, -99999.0, -99999.0, -99999.0, -99999.0, -99999.0, -99999.0, 14.93, 1.43, 16.36, -0.586, 0.742, 0.153, 365.0, 740.0, 522.0, 44.0, -7.0, 229.0, -212.0, -99999.0, -99999.0, 0.0
4134.0, 40.78070167733333, -111.94098586833334, 1289.482, 0.09, 24.8, -99999.0, -99999.0, 2.00115, 15369.0, -0.613113, 0.136756, -99999.0, 0.15298029036, 426.49678753, 1.9747919589, 1.3631170221, -36.654308613, -9.2647911612, 1.908587108398, 427.836490388, -99999.0, 51.7, 14.88, 1.42, 16.31, -0.586, 0.742, 0.153, 174.0, 495.0, 89.0, 538.0, 400.0, -136.0, 447.0, -99999.0, -99999.0, 0.0
4135.0, 40.780701628500005, -111.94098577499999, 1289.472, 0.12, 24.9, -99999.0, -99999.0, 2.00033, 15382.8, -0.583027, 0.181016, -99999.0, 0.15298039746, 426.54812966, 1.9747990155, 1.3664761772, -36.654308613, -6.7294407001, 1.908587108398, 427.62020329340004, -99999.0, -99999.0, 14.88, 1.43, 16.31, -0.586, 0.742, 0.153, 274.0, 512.0, 380.0, 363.0, 257.0, 433.0, -127.0, -99999.0, -99999.0, 0.0
