arc_raw/USOS-ARL-Suite_ARC_20240721_RA.ict
71,1001
Xinrong Ren
NOAA Air Resources Lab
ARC-Suite
USOS: Utah Summer Ozone Study
1,1
2024,07,21,2024,07,21
1
StartTime_seconds, seconds, Start time in UTC seconds since midnight
38
1,1,1,1,1,1,1,1,1,1,1,1,1,1,1,1,1,1,1,1,1,1,1,1,1,1,1,1,1,1,1,1,1,1,1,1,1,1
-99999,-99999,-99999,-99999,-99999,-99999,-99999,-99999,-99999,-99999,-99999,-99999,-99999,-99999,-99999,-99999,-99999,-99999,-99999,-99999,-99999,-99999,-99999,-99999,-99999,-99999,-99999,-99999,-99999,-99999,-99999,-99999,-99999,-99999,-99999,-99999,-99999,-99999
lat_DGPS_deg, degrees, Latitude in decimal by Hemisphere VS1100 Differential GPS
lon_DGPS_deg, degrees, Longitude in decimal by Hemisphere VS1100 Differential GPS
alt_msl_m, meters, GPS Altitude MSL
speed_km_h, km/s, vehicle speed
RH, percent, relative humidity
true_WS_m_s, m/s, wind speed by 2D sonic sensor
true_WD_deg, degree, wind direction by 2D sonic sensor
CH4_aeris313_ppm, ppm, CH4 mixing ratio by Aeris
H2O_aeris313_ppm, ppm, H2O mixing ratio by Aeris
C2H6_aeris313_ppb, ppb, C2H6 mixing ratio by Aeris
r_aeris313, 1, relavence between CH4 and C2H6 by Aeris
C2C1_aeris313, 1, C2H6 to CH4 ratio by Aeris
CO_g2401m_ppm, ppm, CO mixing ratio by Picarro G2401m
CO2_g2401m_ppm, ppm, CO2 mixing ratio by Picarro G2401m
CH4_g2401m_ppm, ppm, CH4 mixing ratio by Picarro G2401m
H2O_g2401m, ppm, H2O mixing ratio by Picarro G2401m
delta13C_CH4_raw, permill, delta 13C of CH4 by Picarro G2201i
delta13C_CO2_raw, permill, delta 13C of CO2 by Picarro G2201i
CH4_g2201i_ppm, ppm, CH4 mixing ratio by Picarro G2201i
CO2_g2201i_ppm, ppm, CO2 mixing ratio by Picarro G2201i
NH3_g2301_ppb, ppb, NH3 mixing ratio by Picarro G2301
O3_2B_ppm, ppm, O3 mixing ratio by 2B
NO_G60_ppb, ppb, NO mixing ratio by G60
NO2_G60_ppb, ppb, NO2 mixing ratio by G60
NOx_G60_ppb, ppb, NOx mixing ratio by G60
NO_N500_ppb, ppb, NO mixing ratio by N500
NO2_N500_ppb, ppb, NO2 mixing ratio by N500
NOx_N500_ppb, ppb, NOx mixing ratio by N500
BC370_AE43_ng_m3, ng/m3, Black Carbon at 370 nm by AE43
BC470_AE43_ng_m3, ng/m3, Black Carbon at 470 nm by AE43
BC520_AE43_ng_m3, ng/m3, Black Carbon at 520 nm by AE43
BC590_AE43_ng_m3, ng/m3, Black Carbon at 590 nm by AE43
BC660_AE43_ng_m3, ng/m3, Black Carbon at 660 nm by AE43
BC880_AE43_ng_m3, ng/m3, Black Carbon at 880 nm by AE43
BC950_AE43_ng_m3, ng/m3, Black Carbon at 950 nm by AE43
PM25, ug/m3, PM2.5 by particle sensor
PM10, ug/m3, PM10 by particle sensor
Valve, boolian, indicator of valve conditions;0 is measurement; 10 is zeroing; 11 is spanning
1
SPECIAL COMMENTS, N/A
18
PI_CONTACT_INFO: xinrong.ren@noaa.gov, 301-683-1391, NOAA/ARL, 5830 University Research Court, College Park, MD 20740
PLATFORM: NOAA Air Resources Car
LOCATION: Salt Lake City
ASSOCIATED_DATA: N/A
INSTRUMENT_INFO: Hemisphere VS1100 differential GPS (Latitude, Longitude, GPS Altitude, speed), meteorological sensor (RH, WS, WD), 2B (O3), G60 CRDS (NO-NOx), Teledyne N500 (NO-NOx), Picarro G2401-m (CO2, CH4, CO, H2O), Picarro G2201i (CO2, CH4, d13C_CO2, d13C_CH4, H2O), Picarro 2301 (NH3), Aeris Ultra MIRA (CH4, C2H6, H2O, r, C2/C1), AE43 (Black Carbon), Partical sensor (PM2.5, PM10)
DATA_INFO: Records are reported at 1-second intervals. Hemisphere VS1100 differential GPS has 1-second ntervals. 2B O3 values are reported 2-second averages. G60 Cavity Rong Down NO-NO2-NO2 has 1-second average. Teledyne CAPS NO2 analyzer has 10-second time resolution. Picarro 2401m (CO2, CH4, CO, H2O) data has 2.5-second time resolution. Picarro 2201i (isotope) has ~5 second time resolution. Aeris Ultra MIRA has 1-second integration time. AE43 data are 10-second moving averages. Partical sensor has 10-second time resolution.
UNCERTAINTY: -99999, -99999, -99999, 15 m, -99999, -99999, -99999, -99999, 1 ppb, 100 ppm, 0.2 ppb, -99999, -99999, 5 ppb, 0.1 ppm, 1 ppb, 100 ppm, -99999, -99999, -99999, -99999, 2 ppb, 0.3 ppb, -99999, -99999, -99999, 0.05 ppb, 0.05 ppb, 0.05 ppb, 10 ng/m3, 10 ng/m3, 10 ng/m3, 10 ng/m3, 10 ng/m3, 10 ng/m3, 10 ng/m3, 10 ng/m3, 0
ULOD_FLAG: -77777
ULOD_VALUE: N/A
LLOD_FLAG: -88888
LLOD_VALUE: N/A
DM_CONTACT_INFO: Jiayang Sun; University of Maryland; jiayangs@umd.edu
PROJECT_INFO: USOS July - Aug 2024 https://deq.utah.gov/air-quality/utah-summer-ozone-study-usos
STIPULATIONS_ON_USE: Use of these data requires prior ok from PI.
OTHER_COMMENTS: N/A
REVISION: RA
RA: Preliminary Data for in-field use only.
StartTime_seconds, lat_DGPS_deg, lon_DGPS_deg, alt_msl_m, speed_km_h, RH, true_WS_m_s, true_WD_deg, CH4_aeris313_ppm, H2O_aeris313_ppm, C2H6_aeris313_ppb, r_aeris313, C2C1_aeris313, CO_g2401m_ppm, CO2_g2401m_ppm, CH4_g2401m_ppm, H2O_g2401m, delta13C_CH4_raw, delta13C_CO2_raw, CH4_g2201i_ppm, CO2_g2201i_ppm, NH3_g2301_ppb, O3_2B_ppm, NO_G60_ppb, NO2_G60_ppb, NOx_G60_ppb, NO_N500_ppb, NO2_N500_ppb, NOx_N500_ppb, BC370_AE43_ng_m3, BC470_AE43_ng_m3, BC520_AE43_ng_m3, BC590_AE43_ng_m3, BC660_AE43_ng_m3, BC880_AE43_ng_m3, BC950_AE43_ng_m3, PM25, PM10, Valve
[from data line 2425]
4867.0, 40.7806957985, -111.94099008183333, 1287.342, 0.11, 17.2, 0.61, 161.4, 1.98287, 12435.3, 19.2732, -0.0608554, -99999.0, 0.12020529561, 420.71006427, 1.9362694802, 1.12480746, -50.108289422, -6.2986603428, 1.915741183329, 424.9450854992, -99999.0, 52.3, 19.18, 3.09, 22.27, -0.103, 1.359, 1.258, -99999.0, -99999.0, -99999.0, -99999.0, -99999.0, -99999.0, -99999.0, 3.39, 9.11, 0.0
4868.0, 40.780695845, -111.94099004016668, 1287.325, 0.13, 17.3, 0.48, 147.8, 1.98052, 12448.9, 19.2345, -0.0715641, -99999.0, 0.12020618893, 420.74906271, 1.9361727472, 1.1344304222, -50.108289422, -6.2986603428, 1.915741183329, 425.4038009741, -99999.0, -99999.0, 19.2, 3.1, 22.29, -0.103, 1.359, 1.258, -99999.0, -99999.0, -99999.0, -99999.0, -99999.0, -99999.0, -99999.0, 3.52, 5.05, 0.0
4869.0, 40.780695881499994, -111.940990005, 1287.308, 0.05, 17.4, 0.52, 153.49, 1.97952, 12451.8, 19.3813, -0.115953, -99999.0, 0.12020708225, 421.20452105, 1.9361727472, 1.1344304222, -50.108289422, -6.3126080134, 1.915741183329, 425.40373503570004, -99999.0, 54.6, 19.25, 3.08, 22.33, -0.103, 1.359, 1.258, -99999.0, -99999.0, -99999.0, -99999.0, -99999.0, -99999.0, -99999.0, -99999.0, -99999.0, 0.0
4870.0, 40.78069590133334, -111.94098997133332, 1287.297, 0.07, 17.4, 0.4, 130.69, 1.98124, 12441.7, 19.0987, -0.116594, -99999.0, 0.11801544341, 421.23102855499997, 1.93652106435, 1.13763623505, -54.226022209, -6.3126080134, 1.9287596730049998, 425.40373503570004, -99999.0, -99999.0, 19.23, 3.07, 22.29, -0.103, 1.359, 1.258, -99999.0, -99999.0, -99999.0, -99999.0, -99999.0, -99999.0, -99999.0, 3.5700000000000003, 5.84, 0.0
4871.0, 40.780695867999995, -111.94098995283333, 1287.284, 0.09, 17.5, 0.31, 106.17, 1.97944, 12464.9, 19.0879, -0.11988, -99999.0, 0.11801319241, 421.03974129, 1.9368693815, 1.1408420479, -99999.0, -99999.0, -99999.0, -99999.0, -99999.0, 53.0, 19.27, 3.07, 22.34, -0.103, 1.359, 1.258, -99999.0, -99999.0, -99999.0, -99999.0, -99999.0, -99999.0, -99999.0, 3.93, 5.08, 0.0
4872.0, 40.780695843833335, -111.94098992466667, 1287.277, 0.06, 17.6, 0.65, 100.77, 1.9804, 12489.3, 19.5036, -0.164889, -99999.0, 0.1313864054, 420.82194652, 1.9368693815, 1.1408420479, -54.226022209, -6.3126080134, 1.9287596730049998, 425.3399102211, -99999.0, -99999.0, 19.27, 3.08, 22.36, -0.103, 1.359, 1.258, -99999.0, -99999.0, -99999.0, -99999.0, -99999.0, -99999.0, -99999.0, -99999.0, -99999.0, 0.0
4873.0, 40.78069579300001, -111.94098988483331, 1287.269, 0.06, 17.6, 0.77, 80.46, 1.97974, 12500.9, 19.1578, -0.16396, -99999.0, 0.13138973543, 420.91288973, 1.9372330456, 1.1619644931, -54.226022209, -6.1220263609, 1.9287596730049998, 425.2769861219, -99999.0, 48.5, 19.25, 3.09, 22.33, -0.103, 1.359, 1.258, -99999.0, -99999.0, -99999.0, -99999.0, -99999.0, -99999.0, -99999.0, 3.175, 4.42, 0.0
4874.0, 40.78069573666667, -111.94098982833333, 1287.254, 0.1, 17.6, 0.33, 94.96, 1.98129, 12511.6, 18.9371, -0.199933, -99999.0, 0.13139306546, 422.13932579, 1.9372330456, 1.1619644931, -45.902963785, -6.1220263609, 1.911375416832, 425.2769861219, -99999.0, -99999.0, 19.28, 3.06, 22.33, -0.103, 1.359, 1.258, -99999.0, -99999.0, -99999.0, -99999.0, -99999.0, -99999.0, -99999.0, 3.32, 3.32, 0.0
4875.0, 40.78069569, -111.94098976816667, 1287.232, 0.04, 17.7, 0.64, 93.85, 1.98176, 12525.4, 19.3124, -0.176369, -99999.0, 0.11442198954, 422.13932579, 1.9372330456, 1.1619644931, -99999.0, -99999.0, -99999.0, -99999.0, -99999.0, 45.4, 19.28, 3.05, 22.34, -0.103, 1.359, 1.258, -99999.0, -99999.0, -99999.0, -99999.0, -99999.0, -99999.0, -99999.0, 3.26, 4.21, 0.0
4876.0, 40.780695612833334, -111.94098969966666, 1287.217, 0.06, 17.8, 0.7, 87.43, 1.97982, 12559.6, 19.2673, -0.196905, -99999.0, 0.11442197693333334, 422.24874357, 1.9368982462, 1.1727916266, -45.902963785, -6.1220263609, 1.911375416832, 425.2769861219, -99999.0, -99999.0, 19.31, 3.05, 22.36, -0.103, 1.359, 1.258, -99999.0, -99999.0, -99999.0, -99999.0, -99999.0, -99999.0, -99999.0, 3.84, 7.92, 0.0
4877.0, 40.780695572000006, -111.940989638, 1287.198, 0.04, 17.8, 0.77, 80.83, 1.9813, 12610.3, 19.1304, -0.179592, -99999.0, 0.12690053806, 422.25575511, 1.9368982462, 1.1727916266, -45.902963785, -6.468895206399999, 1.911375416832, 425.1153859358, -99999.0, 46.1, 19.31, 3.03, 22.33, -0.103, 1.359, 1.258, -99999.0, -99999.0, -99999.0, -99999.0, -99999.0, -99999.0, -99999.0, -99999.0, -99999.0, 0.0
4878.0, 40.78069551316666, -111.94098959850001, 1287.185, 0.1, 17.8, 0.83, 85.45, 1.97974, 12666.2, 19.1346, -0.165177, -99999.0, 0.126900606465, 422.33934087, 1.9373649877, 1.187174374, -99999.0, -99999.0, -99999.0, -99999.0, -99999.0, -99999.0, 19.25, 3.03, 22.28, -0.103, 1.359, 1.258, -99999.0, -99999.0, -99999.0, -99999.0, -99999.0, -99999.0, -99999.0, 3.12, 3.12, 0.0
4879.0, 40.780695453, -111.94098954183333, 1287.166, 0.01, 17.8, 1.05, 91.84, 1.98002, 12713.4, 19.4605, -0.162473, -99999.0, 0.12690067487, 422.2974868, 1.9373649877, 1.187174374, -44.79404819, -6.8157640519, 1.925317859201, 425.113747202, -99999.0, 47.5, 19.24, 3.04, 22.29, -0.103, 1.359, 1.258, -99999.0, -99999.0, -99999.0, -99999.0, -99999.0, -99999.0, -99999.0, 3.27, 5.24, 0.0
4880.0, 40.78069540016666, -111.94098950216667, 1287.154, 0.02, 17.9, 1.02, 84.63, 1.9796, 12752.6, 18.9884, -0.0274711, -99999.0, 0.11780676353, 422.2974868, 1.9373649877, 1.187174374, -44.79404819, -6.8157640519, 1.925317859201, 425.113747202, -99999.0, -99999.0, 19.3, 3.05, 22.34, -0.089, 1.359, 1.273, -99999.0, -99999.0, -99999.0, -99999.0, -99999.0, -99999.0, -99999.0, 3.65, 3.65, 0.0
4881.0, 40.780695327833335, -111.94098945533332, 1287.142, 0.14, 17.9, 1.15, 96.52, 1.98036, 12790.1, 19.167, -0.0104817, -99999.0, 0.11780378421, 422.42574196, 1.9377911891, 1.2114657777, -44.79404819, -6.8157640519, 1.925317859201, 424.880838995, -99999.0, 47.9, 19.25, 3.06, 22.31, -0.089, 1.359, 1.273, -99999.0, -99999.0, -99999.0, -99999.0, -99999.0, -99999.0, -99999.0, -99999.0, -99999.0, 0.0
4882.0, 40.780695277333336, -111.94098940549999, 1287.128, 0.07, 18.0, 1.09, 91.63, 1.97896, 12833.3, 19.0758, -0.154241, -99999.0, 0.12068135184, 421.46697518, 1.9377911891, 1.2114657777, -44.79404819, -6.808883353, 1.925317859201, 424.8808714841, -99999.0, -99999.0, 19.21, 3.06, 22.27, -0.089, 1.359, 1.273, -99999.0, -99999.0, -99999.0, -99999.0, -99999.0, -99999.0, -99999.0, 3.52, 4.98, 0.0
4883.0, 40.78069519649999, -111.94098937266666, 1287.12, 0.07, 18.1, 1.24, 85.84, 1.9798, 12875.5, 18.6304, -0.0602154, -99999.0, 0.12356189879, 421.53270561, 1.937491074, 1.2070217047, -56.203442412, -6.808883353, 1.930962276574, 424.8808714841, -99999.0, 49.5, 19.18, 3.08, 22.26, -0.089, 1.359, 1.273, -99999.0, -99999.0, -99999.0, -99999.0, -99999.0, -99999.0, -99999.0, 3.675, 3.965, 0.0
4884.0, 40.7806951425, -111.94098931633334, 1287.11, 0.03, 18.1, 1.58, 93.24, 1.98262, 12932.4, 19.1917, -0.0377763, -99999.0, 0.12355475199, 420.861322795, 1.937491074, 1.2070217047, -99999.0, -99999.0, -99999.0, -99999.0, -99999.0, -99999.0, 19.2, 3.08, 22.28, -0.089, 1.359, 1.273, -99999.0, -99999.0, -99999.0, -99999.0, -99999.0, -99999.0, -99999.0, 3.43, 3.43, 0.0
4885.0, 40.78069509266667, -111.94098927616666, 1287.104, 0.15, 18.2, 1.68, 93.84, 1.97982, 12993.6, 19.0776, 0.0190402, -99999.0, 0.12461209907, 420.18993998, 1.937491074, 1.2070217047, -56.203442412, -6.808883353, 1.930962276574, 424.8808714841, -99999.0, 49.2, 19.24, 3.08, 22.32, -0.089, 1.359, 1.273, -99999.0, -99999.0, -99999.0, -99999.0, -99999.0, -99999.0, -99999.0, 3.69, 5.79, 0.0
4886.0, 40.780695064, -111.94098923833332, 1287.099, 0.1, 18.2, 1.07, 125.16, 1.9772, 13077.6, 19.251, -0.0197422, -99999.0, 0.12461227972, 419.76079477, 1.9357114916, 1.0815517159, -56.203442412, -7.85207366975, 1.930962276574, 424.9698278736, -99999.0, -99999.0, 19.25, 3.09, 22.34, -0.089, 1.359, 1.273, -99999.0, -99999.0, -99999.0, -99999.0, -99999.0, -99999.0, -99999.0, 3.45, 3.45, 0.0
4887.0, 40.78069501833333, -111.94098919033334, 1287.087, 0.07, 18.2, 1.66, 91.67, 1.97973, 13140.2, 19.318, -0.0280254, -99999.0, 0.12461246037, 419.78497576, 1.9357114916, 1.0815517159, -99999.0, -99999.0, -99999.0, -99999.0, -99999.0, 47.3, 19.23, 3.1, 22.33, -0.089, 1.359, 1.273, -99999.0, -99999.0, -99999.0, -99999.0, -99999.0, -99999.0, -99999.0, 3.49, 3.49, 0.0
4888.0, 40.78069495833333, -111.94098915533331, 1287.077, 0.06, 17.9, 1.83, 91.6, 1.97895, 13141.9, 19.0914, -0.00716302, -99999.0, 0.13794622367, 419.57309277499996, 1.93532664085, 1.0798207991500002, -50.232460284, -8.8952639865, 1.9211173398330001, 424.9649010772, -99999.0, -99999.0, 19.19, 3.12, 22.31, -0.089, 1.359, 1.273, -99999.0, -99999.0, -99999.0, -99999.0, -99999.0, -99999.0, -99999.0, 3.26, 5.97, 0.0
4889.0, 40.78069491066666, -111.94098909333334, 1287.067, 0.14, 17.8, 1.81, 96.69, 1.97914, 13018.9, 18.8736, 0.152015, -99999.0, 0.13795080458, 419.891539715, 1.9349417901, 1.0780898824, -50.232460284, -8.8952639865, 1.9211173398330001, 424.9649010772, -99999.0, 49.5, 19.16, 3.13, 22.29, -0.089, 1.359, 1.273, -99999.0, -99999.0, -99999.0, -99999.0, -99999.0, -99999.0, -99999.0, -99999.0, -99999.0, 0.0
4890.0, 40.78069485133334, -111.94098906483332, 1287.058, 0.02, 17.6, 1.87, 102.49, 1.9785, 12799.4, 19.0436, 0.162241, -99999.0, 0.1314035186, 420.42186964, 1.9349417901, 1.0780898824, -50.232460284, -8.8952639865, 1.9211173398330001, 424.4396049562, -99999.0, -99999.0, 19.16, 3.15, 22.31, -0.089, 1.359, 1.273, -99999.0, -99999.0, -99999.0, -99999.0, -99999.0, -99999.0, -99999.0, 3.1550000000000002, 3.4450000000000003, 0.0
4891.0, 40.78069486399999, -111.9409890465, 1287.05, 0.15, 17.4, 1.71, 93.8, 1.97958, 12586.3, 19.1062, 0.15966, -99999.0, 0.13140198364, 420.34212654, 1.9356769144, 1.0573757319, -50.232460284, -7.0955259935, 1.9211173398330001, 424.4480942817, -99999.0, 53.6, 19.1, 3.14, 22.24, -0.089, 1.359, 1.273, -99999.0, -99999.0, -99999.0, -99999.0, -99999.0, -99999.0, -99999.0, -99999.0, -99999.0, 0.0
4892.0, 40.78069483883333, -111.94098904783331, 1287.042, 0.12, 17.2, 2.17, 92.99, 1.97879, 12445.7, 18.9226, 0.160761, -99999.0, 0.13140044868, 419.70637622, 1.9356769144, 1.0573757319, -41.01830037, -7.0955259935, 1.8988140878389999, 424.4480942817, -99999.0, -99999.0, 19.1, 3.12, 22.22, -0.089, 1.359, 1.273, -99999.0, -99999.0, -99999.0, -99999.0, -99999.0, -99999.0, -99999.0, 3.61, 3.61, 0.0
4893.0, 40.78069479649999, -111.94098900216667, 1287.038, 0.12, 17.2, 1.67, 91.89, 1.97984, 12343.0, 19.0222, 0.164857, -99999.0, 0.12780925474, 419.68602067999996, 1.9353362456499998, 1.06154667965, -99999.0, -99999.0, -99999.0, -99999.0, -99999.0, 55.6, 19.12, 3.12, 22.23, -0.089, 1.359, 1.273, -99999.0, -99999.0, -99999.0, -99999.0, -99999.0, -99999.0, -99999.0, 3.185, 3.4749999999999996, 0.0
4894.0, 40.780694780666664, -111.94098899066667, 1287.032, 0.08, 17.0, 1.31, 97.59, 1.97915, 12253.7, 18.9415, 0.193197, -99999.0, 0.12781003067, 419.725311495, 1.9349955769, 1.0657176274, -41.01830037, -7.0955259935, 1.8988140878389999, 424.4697932053, -99999.0, -99999.0, 19.09, 3.13, 22.22, -0.089, 1.359, 1.273, -99999.0, -99999.0, -99999.0, -99999.0, -99999.0, -99999.0, -99999.0, 4.43, 5.01, 0.0
4895.0, 40.7806947475, -111.94098898850001, 1287.033, 0.02, 16.9, 1.06, 92.29, 1.98002, 12180.9, 18.9951, 0.140975, -99999.0, 0.13144415226, 419.78495785, 1.9349955769, 1.0657176274, -41.01830037, -7.0070160303, 1.8988140878389999, 424.4919096711, -99999.0, 56.3, 19.07, 3.12, 22.19, -0.089, 1.359, 1.273, -99999.0, -99999.0, -99999.0, -99999.0, -99999.0, -99999.0, -99999.0, 3.5, 3.5, 0.0
4896.0, 40.78069472283333, -111.94098897916668, 1287.032, 0.12, 16.9, 1.03, 107.59, 1.97938, 12112.4, 19.1634, 0.214663, -99999.0, 0.131444212295, 419.85852953, 1.9356986144, 1.0797191952, -51.766517238, -7.0070160303, 1.919748305705, 424.4919096711, -99999.0, -99999.0, 19.09, 3.1, 22.19, -0.089, 1.359, 1.273, -99999.0, -99999.0, -99999.0, -99999.0, -99999.0, -99999.0, -99999.0, 3.57, 3.57, 0.0
4897.0, 40.780694682000004, -111.94098895733332, 1287.033, 0.08, 16.8, 0.95, 110.7, 1.97888, 12062.0, 18.9772, 0.185809, -99999.0, 0.13144427233, 419.86360087, 1.9356986144, 1.0797191952, -99999.0, -99999.0, -99999.0, -99999.0, -99999.0, 54.9, 19.13, 3.08, 22.21, -0.089, 1.359, 1.273, -99999.0, -99999.0, -99999.0, -99999.0, -99999.0, -99999.0, -99999.0, -99999.0, -99999.0, 0.0
4898.0, 40.7806946495, -111.94098895116667, 1287.031, 0.12, 16.8, 1.02, 86.81, 1.97983, 12040.0, 19.2469, 0.172433, -99999.0, 0.12884830857, 419.900030415, 1.93637520425, 1.0837768975, -51.766517238, -7.0070160303, 1.919748305705, 424.32643128865004, -99999.0, -99999.0, 19.11, 3.08, 22.19, -0.089, 1.359, 1.273, -99999.0, -99999.0, -99999.0, -99999.0, -99999.0, -99999.0, -99999.0, 3.135, 3.715, 0.0
4899.0, 40.780694618333335, -111.94098892816668, 1287.031, 0.05, 16.7, 1.14, 82.32, 1.98126, 12045.0, 18.8746, 0.125328, -99999.0, 0.12884839681, 419.95033493, 1.9370517941, 1.0878345998, -51.766517238, -6.4861001456, 1.919748305705, 424.1634083905, -99999.0, 52.8, 19.12, 3.05, 22.17, -0.089, 1.359, 1.273, -99999.0, -99999.0, -99999.0, -99999.0, -99999.0, -99999.0, -99999.0, -99999.0, -99999.0, 0.0
4900.0, 40.780694581666665, -111.940988916, 1287.032, 0.03, 16.7, 1.11, 77.31, 1.98011, 12060.8, 19.0301, 0.125735, -99999.0, 0.12343633045, 419.9642099, 1.9370517941, 1.0878345998, -48.772730743, -6.4861001456, 1.915027893426, 424.1634083905, -99999.0, -99999.0, 19.11, 3.03, 22.14, -0.089, 1.359, 1.273, -99999.0, -99999.0, -99999.0, -99999.0, -99999.0, -99999.0, -99999.0, 4.175, 4.9399999999999995, 0.0
4901.0, 40.78069457783334, -111.94098891866666, 1287.031, 0.04, 16.7, 1.34, 73.81, 1.98059, 12081.1, 19.2949, 0.146772, -99999.0, 0.12343602106000001, 420.03740113, 1.9368444493, 1.1019331352, -99999.0, -99999.0, -99999.0, -99999.0, -99999.0, 54.1, 19.09, 3.01, 22.1, -0.089, 1.359, 1.273, -99999.0, -99999.0, -99999.0, -99999.0, -99999.0, -99999.0, -99999.0, 3.74, 5.78, 0.0
4902.0, 40.780694563, -111.94098891683333, 1287.027, 0.1, 16.7, 1.19, 72.11, 1.97992, 12091.4, 19.2498, 0.119782, -99999.0, 0.12343571167, 419.9555431, 1.9368444493, 1.1019331352, -48.772730743, -6.4861001456, 1.915027893426, 424.1634083905, -99999.0, -99999.0, 19.08, 2.99, 22.07, -0.017, 1.273, 1.258, -99999.0, -99999.0, -99999.0, -99999.0, -99999.0, -99999.0, -99999.0, 3.68, 4.63, 0.0
4903.0, 40.7806945685, -111.94098891249999, 1287.019, 0.08, 16.7, 1.19, 82.29, 1.98125, 12109.5, 19.1511, 0.131827, -99999.0, 0.13138865767, 420.02151799, 1.936870409, 1.1149053753, -48.772730743, -7.27228873855, 1.915027893426, 424.5655232284, -99999.0, 54.9, 19.04, 3.01, 22.05, -0.017, 1.273, 1.258, -99999.0, -99999.0, -99999.0, -99999.0, -99999.0, -99999.0, -99999.0, -99999.0, -99999.0, 0.0
4904.0, 40.78069455333333, -111.94098889249999, 1287.013, 0.14, 16.7, 1.3, 75.19, 1.98036, 12146.7, 19.0973, 0.181855, -99999.0, 0.13139156788, 420.39183385, 1.9368963687, 1.1278776154, -99999.0, -99999.0, -99999.0, -99999.0, -99999.0, -99999.0, 19.04, 3.0, 22.05, -0.017, 1.273, 1.258, -99999.0, -99999.0, -99999.0, -99999.0, -99999.0, -99999.0, -99999.0, 3.025, 3.5999999999999996, 0.0
4905.0, 40.78069455366666, -111.94098889766668, 1287.003, 0.12, 16.7, 0.97, 93.79, 1.98028, 12186.8, 19.0845, 0.110099, -99999.0, 0.12734982227, 420.69617482, 1.9368963687, 1.1278776154, -54.495935881, -8.0584773315, 1.929449476698, 424.5618137604, -99999.0, 52.3, 19.02, 3.01, 22.03, -0.017, 1.273, 1.258, -99999.0, -99999.0, -99999.0, -99999.0, -99999.0, -99999.0, -99999.0, 3.8, 4.38, 0.0
4906.0, 40.78069454733333, -111.94098890583334, 1286.998, 0.05, 16.8, 0.79, 83.48, 1.97873, 12215.7, 19.2691, 0.0684348, -99999.0, 0.12734869757, 420.84171738, 1.9374432401, 1.1460016434, -54.495935881, -8.0584773315, 1.929449476698, 424.5618137604, -99999.0, -99999.0, 19.01, 3.02, 22.03, -0.017, 1.273, 1.258, -99999.0, -99999.0, -99999.0, -99999.0, -99999.0, -99999.0, -99999.0, 3.35, 3.35, 0.0
