arc_raw/USOS-ARL-Suite_ARC_20240725_RA.ict
71,1001
Xinrong Ren
NOAA Air Resources Lab
ARC-Suite
USOS: Utah Summer Ozone Study
1,1
2024,07,25,2024,07,25
1
StartTime_seconds, seconds, Start time in UTC seconds since midnight
38
1,1,1,1,1,1,1,1,1,1,1,1,1,1,1,1,1,1,1,1,1,1,1,1,1,1,1,1,1,1,1,1,1,1,1,1,1,1
-99999,-99999,-99999,-99999,-99999,-99999,-99999,-99999,-99999,-99999,-99999,-99999,-99999,-99999,-99999,-99999,-99999,-99999,-99999,-99999,-99999,-99999,-99999,-99999,-99999,-99999,-99999,-99999,-99999,-99999,-99999,-99999,-99999,-99999,-99999,-99999,-99999,-99999
lat_DGPS_deg, degrees, Latitude in decimal by Hemisphere VS1100 Differential GPS
lon_DGPS_deg, degrees, Longitude in decimal by Hemisphere VS1100 Differential GPS
alt_msl_m, meters, GPS Altitude MSL
speed_km_h, km/s, vehicle speed
RH, percent, relative humidity
true_WS_m_s, m/s, wind speed by 2D sonic sensor
true_WD_deg, degree, wind direction by 2D sonic sensor
CH4_aeris313_ppm, ppm, CH4 mixing ratio by Aeris
H2O_aeris313_ppm, ppm, H2O mixing ratio by Aeris
C2H6_aeris313_ppb, ppb, C2H6 mixing ratio by Aeris
r_aeris313, 1, relavence between CH4 and C2H6 by Aeris
C2C1_aeris313, 1, C2H6 to CH4 ratio by Aeris
CO_g2401m_ppm, ppm, CO mixing ratio by Picarro G2401m
CO2_g2401m_ppm, ppm, CO2 mixing ratio by Picarro G2401m
CH4_g2401m_ppm, ppm, CH4 mixing ratio by Picarro G2401m
H2O_g2401m, ppm, H2O mixing ratio by Picarro G2401m
delta13C_CH4_raw, permill, delta 13C of CH4 by Picarro G2201i
delta13C_CO2_raw, permill, delta 13C of CO2 by Picarro G2201i
CH4_g2201i_ppm, ppm, CH4 mixing ratio by Picarro G2201i
CO2_g2201i_ppm, ppm, CO2 mixing ratio by Picarro G2201i
NH3_g2301_ppb, ppb, NH3 mixing ratio by Picarro G2301
O3_2B_ppm, ppm, O3 mixing ratio by 2B
NO_G60_ppb, ppb, NO mixing ratio by G60
NO2_G60_ppb, ppb, NO2 mixing ratio by G60
NOx_G60_ppb, ppb, NOx mixing ratio by G60
NO_N500_ppb, ppb, NO mixing ratio by N500
NO2_N500_ppb, ppb, NO2 mixing ratio by N500
NOx_N500_ppb, ppb, NOx mixing ratio by N500
BC370_AE43_ng_m3, ng/m3, Black Carbon at 370 nm by AE43
BC470_AE43_ng_m3, ng/m3, Black Carbon at 470 nm by AE43
BC520_AE43_ng_m3, ng/m3, Black Carbon at 520 nm by AE43
BC590_AE43_ng_m3, ng/m3, Black Carbon at 590 nm by AE43
BC660_AE43_ng_m3, ng/m3, Black Carbon at 660 nm by AE43
BC880_AE43_ng_m3, ng/m3, Black Carbon at 880 nm by AE43
BC950_AE43_ng_m3, ng/m3, Black Carbon at 950 nm by AE43
PM25, ug/m3, PM2.5 by particle sensor
PM10, ug/m3, PM10 by particle sensor
Valve, boolian, indicator of valve conditions;0 is measurement; 10 is zeroing; 11 is spanning
1
SPECIAL COMMENTS, N/A
18
PI_CONTACT_INFO: xinrong.ren@noaa.gov, 301-683-1391, NOAA/ARL, 5830 University Research Court, College Park, MD 20740
PLATFORM: NOAA Air Resources Car
LOCATION: Salt Lake City
ASSOCIATED_DATA: N/A
INSTRUMENT_INFO: Hemisphere VS1100 differential GPS (Latitude, Longitude, GPS Altitude, speed), meteorological sensor (RH, WS, WD), 2B (O3), G60 CRDS (NO-NOx), Teledyne N500 (NO-NOx), Picarro G2401-m (CO2, CH4, CO, H2O), Picarro G2201i (CO2, CH4, d13C_CO2, d13C_CH4, H2O), Picarro 2301 (NH3), Aeris Ultra MIRA (CH4, C2H6, H2O, r, C2/C1), AE43 (Black Carbon), Partical sensor (PM2.5, PM10)
DATA_INFO: Records are reported at 1-second intervals. Hemisphere VS1100 differential GPS has 1-second ntervals. 2B O3 values are reported 2-second averages. G60 Cavity Rong Down NO-NO2-NO2 has 1-second average. Teledyne CAPS NO2 analyzer has 10-second time resolution. Picarro 2401m (CO2, CH4, CO, H2O) data has 2.5-second time resolution. Picarro 2201i (isotope) has ~5 second time resolution. Aeris Ultra MIRA has 1-second integration time. AE43 data are 10-second moving averages. Partical sensor has 10-second time resolution.
UNCERTAINTY: -99999, -99999, -99999, 15 m, -99999, -99999, -99999, -99999, 1 ppb, 100 ppm, 0.2 ppb, -99999, -99999, 5 ppb, 0.1 ppm, 1 ppb, 100 ppm, -99999, -99999, -99999, -99999, 2 ppb, 0.3 ppb, -99999, -99999, -99999, 0.05 ppb, 0.05 ppb, 0.05 ppb, 10 ng/m3, 10 ng/m3, 10 ng/m3, 10 ng/m3, 10 ng/m3, 10 ng/m3, 10 ng/m3, 10 ng/m3, 0
ULOD_FLAG: -77777
ULOD_VALUE: N/A
LLOD_FLAG: -88888
LLOD_VALUE: N/A
DM_CONTACT_INFO: Jiayang Sun; University of Maryland; jiayangs@umd.edu
PROJECT_INFO: USOS July - Aug 2024 https://deq.utah.gov/air-quality/utah-summer-ozone-study-usos
STIPULATIONS_ON_USE: Use of these data requires prior ok from PI.
OTHER_COMMENTS: N/A
REVISION: RA
RA: Preliminary Data for in-field use only.
StartTime_seconds, lat_DGPS_deg, lon_DGPS_deg, alt_msl_m, speed_km_h, RH, true_WS_m_s, true_WD_deg, CH4_aeris313_ppm, H2O_aeris313_ppm, C2H6_aeris313_ppb, r_aeris313, C2C1_aeris313, CO_g2401m_ppm, CO2_g2401m_ppm, CH4_g2401m_ppm, H2O_g2401m, delta13C_CH4_raw, delta13C_CO2_raw, CH4_g2201i_ppm, CO2_g2201i_ppm, NH3_g2301_ppb, O3_2B_ppm, NO_G60_ppb, NO2_G60_ppb, NOx_G60_ppb, NO_N500_ppb, NO2_N500_ppb, NOx_N500_ppb, BC370_AE43_ng_m3, BC470_AE43_ng_m3, BC520_AE43_ng_m3, BC590_AE43_ng_m3, BC660_AE43_ng_m3, BC880_AE43_ng_m3, BC950_AE43_ng_m3, PM25, PM10, Valve
[from data line 4630]
12168.0, 40.78067650816667, -111.94096971299999, 1294.297, 0.22, 24.5, -99999.0, -99999.0, -3.70131, 9613.54, -50.0965, 1.0, 0.00991003, 0.15489659668, 429.26219435, 1.9882234262, 1.3840413156, -62.222490467, -6.1563704829, 1.957046167361, 429.94116727280004, -99999.0, 52.7, 25.85, 8.84, 34.69, -0.095, 8.312, 8.188, 1016.0, 1079.0, 915.0, 885.0, 835.0, 778.0, 613.0, 6.02, 10.55, 0.0
12169.0, 40.780676357500006, -111.9409696565, 1294.277, 0.15, 24.5, -99999.0, -99999.0, -3.70132, 9613.54, -50.0966, 1.0, 0.00991003, 0.15489683816, 429.22956628, 1.9857725739, 1.3827416649, -99999.0, -99999.0, -99999.0, -99999.0, -99999.0, -99999.0, 25.83, 8.92, 34.76, -0.095, 8.312, 8.188, 979.0, 635.0, 710.0, 591.0, 934.0, 288.0, 889.0, 7.39, 12.46, 0.0
12170.0, 40.78067629066666, -111.94096959183335, 1294.254, 0.13, 24.5, -99999.0, -99999.0, -3.70133, 9613.54, -50.0967, 1.0, 0.00991002, 0.15489707964, 429.2326798, 1.9857725739, 1.3827416649, -62.222490467, -6.1563704829, 1.957046167361, 429.99930521740004, -99999.0, 51.9, 25.85, 8.97, 34.83, -0.095, 8.312, 8.188, 839.0, 861.0, 799.0, 597.0, 864.0, 757.0, 1022.0, 7.17, 16.45, 0.0
12171.0, 40.7806761615, -111.94096958016668, 1294.22, 0.06, 24.5, -99999.0, -99999.0, -3.70132, 9613.54, -50.0966, 1.0, 0.00991002, 0.15521817895, 429.2326798, 1.9857725739, 1.3827416649, -62.222490467, -6.1914305392, 1.957046167361, 430.0572756006, -99999.0, -99999.0, 25.82, 9.03, 34.85, -0.095, 8.312, 8.188, 998.0, 858.0, 927.0, 726.0, 761.0, 776.0, 633.0, 6.28, 8.32, 0.0
12172.0, 40.78067611033333, -111.94096950833334, 1294.166, 0.15, 24.4, -99999.0, -99999.0, -3.70132, 9613.54, -50.0966, 1.0, 0.00991001, 0.15521346922333334, 428.92046508333334, 1.9849712474, 1.3753054798, -59.857652682, -6.1914305392, 1.94917884065, 430.0572756006, -99999.0, 51.6, 25.79, 9.1, 34.89, -0.095, 8.312, 8.188, 927.0, 996.0, 793.0, 797.0, 948.0, 1244.0, 880.0, 7.02, 11.34, 0.0
12173.0, 40.78067605533333, -111.94096947066667, 1294.12, 0.01, 24.4, -99999.0, -99999.0, -3.70132, 9613.54, -50.0967, 1.0, 0.00991001, 0.15579993773, 428.35503899, 1.9849712474, 1.3753054798, -99999.0, -99999.0, -99999.0, -99999.0, -99999.0, -99999.0, 25.82, 9.13, 34.95, -0.095, 8.312, 8.188, 1122.0, 955.0, 668.0, 628.0, 781.0, 663.0, 526.0, 7.82, 14.09, 0.0
12174.0, 40.780676000499994, -111.94096947983334, 1294.101, 0.09, 24.3, -99999.0, -99999.0, -3.70133, 9613.54, -50.0967, 1.0, 0.00991, 0.155802580315, 428.36153103, 1.9849586179, 1.3846685447, -59.857652682, -6.1914305392, 1.94917884065, 430.0399442482, -99999.0, 52.6, 25.84, 9.17, 35.01, -0.095, 8.312, 8.188, 1048.0, 829.0, 1075.0, 892.0, 543.0, 696.0, 624.0, 7.33, 25.97, 0.0
12175.0, 40.780675979166666, -111.9409695565, 1294.084, 0.17, 24.3, -99999.0, -99999.0, -3.70133, 9613.54, -50.0967, 1.0, 0.00990999, 0.1558052229, 428.99085035, 1.9849586179, 1.3846685447, -59.857652682, -6.7432814072, 1.94917884065, 430.01997566600005, -99999.0, -99999.0, 25.86, 9.2, 35.05, -0.095, 8.312, 8.188, 929.0, 1054.0, 878.0, 508.0, 667.0, 255.0, 562.0, 6.83, 16.18, 0.0
12176.0, 40.780675908666666, -111.94096946233334, 1294.094, 0.06, 24.3, -99999.0, -99999.0, -3.70134, 9613.54, -50.0968, 1.0, 0.00990998, 0.15126501056, 428.99085035, 1.9849586179, 1.3846685447, -53.064662889, -6.7432814072, 1.9329620086300001, 430.01997566600005, -99999.0, 52.1, 25.87, 9.24, 35.11, -0.095, 8.312, 8.188, 980.0, 719.0, 873.0, 726.0, 746.0, 1020.0, 650.0, 6.33, 10.34, 0.0
12177.0, 40.78067590933333, -111.94096918166666, 1294.068, 0.16, 24.3, -99999.0, -99999.0, -3.70133, 9613.54, -50.0967, 1.0, 0.00990998, 0.15126593314666667, 429.12796006, 1.9861580253, 1.3931642894000003, -99999.0, -99999.0, -99999.0, -99999.0, -99999.0, -99999.0, 25.81, 9.27, 35.08, -0.095, 8.312, 8.188, 980.0, 1052.0, 773.0, 726.0, 539.0, 706.0, 714.0, 5.54, 12.7, 0.0
12178.0, 40.78067589183334, -111.94096904066667, 1294.025, 0.15, 24.3, -99999.0, -99999.0, -3.70134, 9613.54, -50.0968, 1.0, 0.00990998, 0.15583678769, 429.28161838, 1.9861580253, 1.3931642894, -53.064662889, -6.7432814072, 1.9329620086300001, 429.82456442830005, -99999.0, 52.6, 25.79, 9.29, 35.09, -0.095, 8.312, 8.188, 1067.0, 948.0, 950.0, 704.0, 701.0, 773.0, 149.0, 5.65, 25.92, 0.0
12179.0, 40.78067596283333, -111.94096916433334, 1293.984, 0.13, 24.3, -99999.0, -99999.0, -3.70134, 9613.54, -50.0968, 1.0, 0.00990997, 0.15583678769, 429.2882465, 1.9863514821, 1.3866305164, -53.064662889, -6.1335255436, 1.9329620086300001, 429.6320644932, -99999.0, -99999.0, 25.81, 9.32, 35.13, -0.095, 8.312, 8.188, 1034.0, 904.0, 705.0, 1092.0, 716.0, 505.0, 916.0, 7.11, 13.78, 0.0
12180.0, 40.780675956166675, -111.9409690805, 1293.926, 0.17, 24.2, -99999.0, -99999.0, -3.70134, 9613.54, -50.0968, 1.0, 0.00990997, 0.15583516494, 429.17137775000003, 1.9863514821, 1.3866305164, -44.365515575, -6.1335255436, 1.922550634107, 429.6320644932, -99999.0, 53.9, 25.82, 9.36, 35.18, -0.095, 8.312, 8.188, 1034.0, 959.0, 953.0, 818.0, 761.0, 556.0, 1018.0, 6.28, 12.06, 0.0
12181.0, 40.780675897833326, -111.94096905683334, 1293.868, 0.06, 24.2, -99999.0, -99999.0, -3.70134, 9613.54, -50.0968, 1.0, 0.00990997, 0.1618439117, 429.054509, 1.9863514821, 1.3866305164, -99999.0, -99999.0, -99999.0, -99999.0, -99999.0, -99999.0, 25.79, 9.4, 35.19, -0.095, 8.312, 8.188, 751.0, 695.0, 1021.0, 794.0, 648.0, 894.0, 975.0, 7.02, 16.75, 0.0
12182.0, 40.78067576616667, -111.94096908316666, 1293.836, 0.23, 24.2, -99999.0, -99999.0, -3.70135, 9613.54, -50.0969, 1.0, 0.00990996, 0.16184455541, 429.01053162, 1.9857678228, 1.3801359434, -44.365515575, -6.1335255436, 1.922550634107, 429.87918227525, -99999.0, 53.0, 25.75, 9.46, 35.21, -0.095, 8.312, 8.188, 998.0, 841.0, 901.0, 704.0, 672.0, 706.0, 871.0, 5.91, 13.45, 0.0
12183.0, 40.78067570566667, -111.94096913683333, 1293.791, 0.1, 24.2, -99999.0, -99999.0, -3.70135, 9613.54, -50.0969, 1.0, 0.00990996, 0.16184519912, 429.1050587, 1.9857678228, 1.3801359434, -44.365515575, -7.7801350292, 1.922550634107, 430.1184292136, -99999.0, -99999.0, 25.78, 9.52, 35.3, -0.095, 8.312, 8.188, 1032.0, 909.0, 700.0, 772.0, 854.0, 650.0, 1100.0, 7.05, 14.21, 0.0
12184.0, 40.78067564483334, -111.94096925666666, 1293.745, 0.11, 24.2, -99999.0, -99999.0, -3.70134, 9613.54, -50.0968, 1.0, 0.00990996, 0.15247132958, 429.09613171, 1.98595756945, 1.3807385937999999, -51.802668472, -7.7801350292, 1.939418749138, 430.1184292136, -99999.0, 49.7, 25.77, 9.6, 35.37, -0.441, 8.312, 7.875, 999.0, 964.0, 927.0, 772.0, 652.0, 649.0, 676.0, 7.89, 15.44, 0.0
12185.0, 40.780675593999995, -111.940969426, 1293.701, 0.02, 24.2, -99999.0, -99999.0, -3.70135, 9613.54, -50.0969, 1.0, 0.00990995, 0.15247275125, 429.220785725, 1.9861473161, 1.3813412442, -99999.0, -99999.0, -99999.0, -99999.0, -99999.0, -99999.0, 25.73, 9.72, 35.45, -0.441, 8.312, 7.875, 1105.0, 841.0, 698.0, 561.0, 889.0, 863.0, 569.0, 7.19, 14.75, 0.0
12186.0, 40.780675462666665, -111.94096945049999, 1293.687, 0.18, 24.2, -99999.0, -99999.0, -3.70135, 9613.54, -50.0969, 1.0, 0.00990995, 0.15728511427, 429.35436673, 1.9861473161, 1.3813412442, -51.802668472, -7.7801350292, 1.939418749138, 430.1018188035, -99999.0, 48.0, 25.7, 9.82, 35.52, -0.441, 8.312, 7.875, 876.0, 963.0, 673.0, 560.0, 558.0, 743.0, 683.0, 6.7, 13.0, 0.0
12187.0, 40.780675454, -111.94096952566666, 1293.656, 0.11, 24.2, -99999.0, -99999.0, -3.70134, 9613.54, -50.0969, 1.0, 0.00990995, 0.15728568781500002, 429.36230675, 1.9867647316, 1.3824865155, -51.802668472, -7.717937198, 1.939418749138, 430.0855056779, -99999.0, -99999.0, 25.7, 9.91, 35.61, -0.441, 8.312, 7.875, 1016.0, 1004.0, 800.0, 649.0, 825.0, 847.0, 683.0, 7.45, 23.62, 0.0
12188.0, 40.78067526233333, -111.94096936983333, 1293.65, 0.35, 24.2, -99999.0, -99999.0, -3.70135, 9613.54, -50.0969, 1.0, 0.00990995, 0.15728626136, 429.47304671, 1.9867647316, 1.3824865155, -55.908512039, -7.717937198, 1.9401173084680001, 430.0855056779, -99999.0, 49.5, 25.75, 9.98, 35.74, -0.441, 8.312, 7.875, 1120.0, 988.0, 741.0, 687.0, 593.0, 408.0, 510.0, 6.4, 10.92, 0.0
12189.0, 40.78067519966666, -111.94096924183334, 1293.627, 0.1, 24.2, -99999.0, -99999.0, -3.70134, 9613.54, -50.0968, 1.0, 0.00990995, 0.14580984271, 429.47304671, 1.9867647316, 1.3824865155, -55.908512039, -7.717937198, 1.9401173084680001, 430.0855056779, -99999.0, -99999.0, 25.74, 10.07, 35.81, -0.441, 8.312, 7.875, 1000.0, 1008.0, 873.0, 606.0, 924.0, 323.0, 629.0, 8.2, 13.74, 0.0
12190.0, 40.780675306166664, -111.9409690485, 1293.625, 0.04, 24.2, -99999.0, -99999.0, -3.70135, 9613.54, -50.0969, 1.0, 0.00990995, 0.14581072097666667, 429.57949978333335, 1.9872411883999999, 1.3896834900000001, -55.908512039, -7.717937198, 1.9401173084680001, 429.6748127071, -99999.0, 50.6, 25.73, 10.13, 35.87, -0.441, 8.312, 7.875, 980.0, 912.0, 562.0, 628.0, 632.0, 837.0, 342.0, 7.69, 12.59, 0.0
12191.0, 40.78067586616667, -111.94096913133332, 1293.604, 0.22, 24.2, -99999.0, -99999.0, -3.70135, 9613.54, -50.0969, 1.0, 0.00990995, 0.16228845412, 429.73603363, 1.9872411884, 1.38968349, -55.908512039, -7.0156579451, 1.9401173084680001, 429.67816615879997, -99999.0, -99999.0, 25.76, 10.19, 35.95, -0.441, 8.312, 7.875, 1051.0, 778.0, 745.0, 962.0, 697.0, 750.0, 559.0, 8.15, 10.64, 0.0
12192.0, 40.78067588733333, -111.94096946200001, 1293.566, 0.12, 24.2, -99999.0, -99999.0, -3.70134, 9613.54, -50.0968, 1.0, 0.00990995, 0.16228845412, 429.73924424, 1.9872245594, 1.3834359283, -44.148158343, -7.0156579451, 1.927894305595, 429.67816615879997, -99999.0, 50.2, 25.74, 10.25, 35.99, -0.441, 8.312, 7.875, 858.0, 712.0, 822.0, 772.0, 785.0, 664.0, 835.0, 6.44, 26.57, 0.0
12193.0, 40.78067572983334, -111.94096929783333, 1293.592, 0.21, 24.2, -99999.0, -99999.0, -3.70135, 9613.54, -50.0969, 1.0, 0.00990994, 0.16228504758, 429.49139015000003, 1.9872245594, 1.3834359283, -44.148158343, -7.0156579451, 1.927894305595, 429.67816615879997, -99999.0, -99999.0, 25.76, 10.32, 36.08, -0.441, 8.312, 7.875, 858.0, 952.0, 935.0, 917.0, 716.0, 694.0, 753.0, 6.21, 19.75, 0.0
12194.0, 40.780675900666665, -111.94096890600001, 1293.633, 0.4, 24.2, -99999.0, -99999.0, -3.70134, 9613.54, -50.0968, 1.0, 0.00990994, 0.15267651182, 429.24353606, 1.9872245594, 1.3834359283, -44.148158343, -7.0156579451, 1.927894305595, 429.3186329274, -99999.0, 51.0, 25.8, 10.39, 36.19, -0.441, 8.312, 7.875, 1138.0, 680.0, 847.0, 1082.0, 716.0, 874.0, 1236.0, 6.65, 13.46, 0.0
12195.0, 40.780675915500005, -111.94096863616666, 1293.616, 0.13, 24.2, -99999.0, -99999.0, -3.70134, 9613.54, -50.0968, 1.0, 0.00990994, 0.15267660569, 429.21244608, 1.9849718642, 1.3804766202, -44.148158343, -5.349657992, 1.927894305595, 429.3265815826, -99999.0, -99999.0, 25.81, 10.44, 36.25, -0.441, 8.312, 7.875, 998.0, 1015.0, 890.0, 523.0, 761.0, 282.0, 684.0, -99999.0, -99999.0, 0.0
12196.0, 40.78067583916667, -111.94096836333334, 1293.58, 0.1, 24.2, -99999.0, -99999.0, -3.70134, 9613.54, -50.0968, 1.0, 0.00990994, 0.15267669956, 429.29407892, 1.9849718642, 1.3804766202, -51.833567922, -5.349657992, 1.937812317087, 429.3265815826, -99999.0, 52.2, 25.83, 10.49, 36.31, -0.441, 8.312, 7.875, 788.0, 783.0, 856.0, 750.0, 790.0, 837.0, 736.0, 8.835, 19.555, 0.0
12197.0, 40.78067564716667, -111.94096815183333, 1293.559, 0.16, 24.1, -99999.0, -99999.0, -3.70134, 9613.54, -50.0968, 1.0, 0.00990994, 0.15659134431, 429.307166465, 1.98529489935, 1.3858318268, -51.833567922, -5.349657992, 1.937812317087, 429.3265815826, -99999.0, -99999.0, 25.82, 10.54, 36.36, -0.441, 8.312, 7.875, 945.0, 742.0, 831.0, 902.0, 480.0, 1063.0, 216.0, -99999.0, -99999.0, 0.0
12198.0, 40.78067548516666, -111.94096810233334, 1293.559, 0.19, 24.1, -99999.0, -99999.0, -3.70134, 9613.54, -50.0968, 1.0, 0.00990993, 0.1565956009, 429.58876563, 1.9856179345, 1.3911870334, -51.833567922, -5.349657992, 1.937812317087, 429.2345050713, -99999.0, 51.0, 25.79, 10.58, 36.37, -0.441, 8.312, 7.875, 981.0, 917.0, 1252.0, 863.0, 943.0, 634.0, 840.0, 6.6, 16.55, 0.0
12199.0, 40.780675427666665, -111.94096793566665, 1293.551, 0.07, 24.2, -99999.0, -99999.0, -3.70133, 9613.54, -50.0967, 1.0, 0.00990992, 0.15589807083, 429.85727725, 1.9856179345, 1.3911870334, -51.833567922, -8.1168601545, 1.937812317087, 429.2213053, -99999.0, -99999.0, 25.83, 10.6, 36.43, -0.441, 8.312, 7.875, 946.0, 882.0, 941.0, 570.0, 623.0, 412.0, 850.0, 5.92, 16.17, 0.0
12200.0, 40.78067523866666, -111.94096790966665, 1293.527, 0.29, 24.2, -99999.0, -99999.0, -3.70133, 9613.54, -50.0967, 1.0, 0.00990992, 0.15589797524, 429.93426821, 1.9867348258, 1.4032388039, -56.064195228, -8.1168601545, 1.94101409275, 429.2213053, -99999.0, 48.1, 25.82, 10.64, 36.46, -0.441, 8.312, 7.875, 1051.0, 924.0, 651.0, 726.0, 721.0, 436.0, 342.0, 6.55, 40.16, 0.0
12201.0, 40.78067525233333, -111.94096829966665, 1293.489, 0.16, 24.2, -99999.0, -99999.0, -3.70133, 9613.54, -50.0967, 1.0, 0.00990992, 0.15589787965, 429.88221453, 1.9867348258, 1.4032388039, -56.064195228, -8.1168601545, 1.94101409275, 429.2213053, -99999.0, -99999.0, 25.83, 10.67, 36.51, -0.441, 8.312, 7.875, 963.0, 981.0, 759.0, 643.0, 682.0, 651.0, 516.0, 6.78, 19.35, 0.0
12202.0, 40.78067506916666, -111.94096833083334, 1293.535, 0.13, 24.2, -99999.0, -99999.0, -3.70132, 9613.54, -50.0967, 1.0, 0.00990991, 0.15317872469, 429.88221453, 1.9867348258, 1.4032388039, -56.064195228, -8.1168601545, 1.94101409275, 429.4731568007, -99999.0, 46.8, 25.86, 10.73, 36.58, -0.441, 8.312, 7.875, 877.0, 818.0, 736.0, 696.0, 944.0, 602.0, 114.0, 6.28, 14.97, 0.0
12203.0, 40.78067502966667, -111.94096844666667, 1293.554, 0.07, 24.2, -99999.0, -99999.0, -3.70133, 9613.54, -50.0967, 1.0, 0.00990991, 0.15317149193, 429.39653000333334, 1.9860729289999999, 1.3810507519, -56.064195228, -7.4643184424, 1.94101409275, 429.4762713023, -99999.0, -99999.0, 25.81, 10.79, 36.59, -0.441, 8.312, 7.875, 946.0, 798.0, 697.0, 923.0, 919.0, 739.0, 552.0, 6.07, 21.44, 0.0
12204.0, 40.780674969833335, -111.94096837983334, 1293.513, 0.32, 24.2, -99999.0, -99999.0, -3.70133, 9613.54, -50.0967, 1.0, 0.00990991, 0.14914763632, 428.49376195, 1.986072929, 1.3810507519, -63.808641095, -7.4643184424, 1.951364221256, 429.4762713023, -99999.0, 48.9, 25.76, 10.82, 36.58, -0.441, 8.312, 7.875, 876.0, 952.0, 806.0, 674.0, 509.0, 491.0, 987.0, 6.77, 10.36, 0.0
12205.0, 40.780674903000005, -111.94096842299999, 1293.548, 0.29, 24.2, -99999.0, -99999.0, -3.70133, 9613.54, -50.0967, 1.0, 0.00990991, 0.14914812176, 428.42190413, 1.9845754316, 1.3819155443, -63.808641095, -7.4643184424, 1.951364221256, 429.4762713023, -99999.0, -99999.0, 25.75, 10.85, 36.59, -0.441, 8.312, 7.875, 1034.0, 988.0, 661.0, 772.0, 667.0, 542.0, 434.0, 5.98, 11.04, 0.0
12206.0, 40.78067465833333, -111.94096840666667, 1293.582, 0.28, 24.2, -99999.0, -99999.0, -3.70132, 9613.54, -50.0966, 1.0, 0.00990992, 0.1491486072, 428.53003446, 1.9845754316, 1.3819155443, -63.808641095, -6.8635243172, 1.951364221256, 429.14802972075, -99999.0, 50.7, 25.77, 10.87, 36.64, -0.441, 8.312, 7.875, 999.0, 819.0, 716.0, 476.0, 973.0, 611.0, 651.0, 8.0, 17.99, 0.0
12207.0, 40.78067440233333, -111.94096846833332, 1293.603, 0.14, 24.2, -99999.0, -99999.0, -3.70132, 9613.54, -50.0966, 1.0, 0.00990992, 0.14947670497, 428.53003446, 1.9845754316, 1.3819155443, -99999.0, -99999.0, -99999.0, -99999.0, -99999.0, -99999.0, 25.76, 10.87, 36.63, -0.801, 8.75, 7.938, 840.0, 909.0, 625.0, 846.0, 776.0, 932.0, 488.0, 6.17, 11.72, 0.0
12208.0, 40.780674725999994, -111.94096856983333, 1293.582, 0.18, 24.2, -99999.0, -99999.0, -3.70132, 9613.54, -50.0966, 1.0, 0.00990992, 0.14947200438333333, 428.22107076000003, 1.9839898586, 1.377259239, -53.840744231, -6.262730192, 1.940106109142, 429.1508950267, -99999.0, 50.3, 25.74, 10.9, 36.64, -0.801, 8.75, 7.938, 841.0, 857.0, 895.0, 704.0, 697.0, 582.0, 877.0, 5.83, 10.68, 0.0
