arc_raw/USOS-ARL-Suite_ARC_20240727_RA.ict
71,1001
Xinrong Ren
NOAA Air Resources Lab
ARC-Suite
USOS: Utah Summer Ozone Study
1,1
2024,07,27,2024,07,27
1
StartTime_seconds, seconds, Start time in UTC seconds since midnight
38
1,1,1,1,1,1,1,1,1,1,1,1,1,1,1,1,1,1,1,1,1,1,1,1,1,1,1,1,1,1,1,1,1,1,1,1,1,1
-99999,-99999,-99999,-99999,-99999,-99999,-99999,-99999,-99999,-99999,-99999,-99999,-99999,-99999,-99999,-99999,-99999,-99999,-99999,-99999,-99999,-99999,-99999,-99999,-99999,-99999,-99999,-99999,-99999,-99999,-99999,-99999,-99999,-99999,-99999,-99999,-99999,-99999
lat_DGPS_deg, degrees, Latitude in decimal by Hemisphere VS1100 Differential GPS
lon_DGPS_deg, degrees, Longitude in decimal by Hemisphere VS1100 Differential GPS
alt_msl_m, meters, GPS Altitude MSL
speed_km_h, km/s, vehicle speed
RH, percent, relative humidity
true_WS_m_s, m/s, wind speed by 2D sonic sensor
true_WD_deg, degree, wind direction by 2D sonic sensor
CH4_aeris313_ppm, ppm, CH4 mixing ratio by Aeris
H2O_aeris313_ppm, ppm, H2O mixing ratio by Aeris
C2H6_aeris313_ppb, ppb, C2H6 mixing ratio by Aeris
r_aeris313, 1, relavence between CH4 and C2H6 by Aeris
C2C1_aeris313, 1, C2H6 to CH4 ratio by Aeris
CO_g2401m_ppm, ppm, CO mixing ratio by Picarro G2401m
CO2_g2401m_ppm, ppm, CO2 mixing ratio by Picarro G2401m
CH4_g2401m_ppm, ppm, CH4 mixing ratio by Picarro G2401m
H2O_g2401m, ppm, H2O mixing ratio by Picarro G2401m
delta13C_CH4_raw, permill, delta 13C of CH4 by Picarro G2201i
delta13C_CO2_raw, permill, delta 13C of CO2 by Picarro G2201i
CH4_g2201i_ppm, ppm, CH4 mixing ratio by Picarro G2201i
CO2_g2201i_ppm, ppm, CO2 mixing ratio by Picarro G2201i
NH3_g2301_ppb, ppb, NH3 mixing ratio by Picarro G2301
O3_2B_ppm, ppm, O3 mixing ratio by 2B
NO_G60_ppb, ppb, NO mixing ratio by G60
NO2_G60_ppb, ppb, NO2 mixing ratio by G60
NOx_G60_ppb, ppb, NOx mixing ratio by G60
NO_N500_ppb, ppb, NO mixing ratio by N500
NO2_N500_ppb, ppb, NO2 mixing ratio by N500
NOx_N500_ppb, ppb, NOx mixing ratio by N500
BC370_AE43_ng_m3, ng/m3, Black Carbon at 370 nm by AE43
BC470_AE43_ng_m3, ng/m3, Black Carbon at 470 nm by AE43
BC520_AE43_ng_m3, ng/m3, Black Carbon at 520 nm by AE43
BC590_AE43_ng_m3, ng/m3, Black Carbon at 590 nm by AE43
BC660_AE43_ng_m3, ng/m3, Black Carbon at 660 nm by AE43
BC880_AE43_ng_m3, ng/m3, Black Carbon at 880 nm by AE43
BC950_AE43_ng_m3, ng/m3, Black Carbon at 950 nm by AE43
PM25, ug/m3, PM2.5 by particle sensor
PM10, ug/m3, PM10 by particle sensor
Valve, boolian, indicator of valve conditions;0 is measurement; 10 is zeroing; 11 is spanning
1
SPECIAL COMMENTS, N/A
18
PI_CONTACT_INFO: xinrong.ren@noaa.gov, 301-683-1391, NOAA/ARL, 5830 University Research Court, College Park, MD 20740
PLATFORM: NOAA Air Resources Car
LOCATION: Salt Lake City
ASSOCIATED_DATA: N/A
INSTRUMENT_INFO: Hemisphere VS1100 differential GPS (Latitude, Longitude, GPS Altitude, speed), meteorological sensor (RH, WS, WD), 2B (O3), G60 CRDS (NO-NOx), Teledyne N500 (NO-NOx), Picarro G2401-m (CO2, CH4, CO, H2O), Picarro G2201i (CO2, CH4, d13C_CO2, d13C_CH4, H2O), Picarro 2301 (NH3), Aeris Ultra MIRA (CH4, C2H6, H2O, r, C2/C1), AE43 (Black Carbon), Partical sensor (PM2.5, PM10)
DATA_INFO: Records are reported at 1-second intervals. Hemisphere VS1100 differential GPS has 1-second ntervals. 2B O3 values are reported 2-second averages. G60 Cavity Rong Down NO-NO2-NO2 has 1-second average. Teledyne CAPS NO2 analyzer has 10-second time resolution. Picarro 2401m (CO2, CH4, CO, H2O) data has 2.5-second time resolution. Picarro 2201i (isotope) has ~5 second time resolution. Aeris Ultra MIRA has 1-second integration time. AE43 data are 10-second moving averages. Partical sensor has 10-second time resolution.
UNCERTAINTY: -99999, -99999, -99999, 15 m, -99999, -99999, -99999, -99999, 1 ppb, 100 ppm, 0.2 ppb, -99999, -99999, 5 ppb, 0.1 ppm, 1 ppb, 100 ppm, -99999, -99999, -99999, -99999, 2 ppb, 0.3 ppb, -99999, -99999, -99999, 0.05 ppb, 0.05 ppb, 0.05 ppb, 10 ng/m3, 10 ng/m3, 10 ng/m3, 10 ng/m3, 10 ng/m3, 10 ng/m3, 10 ng/m3, 10 ng/m3, 0
ULOD_FLAG: -77777
ULOD_VALUE: N/A
LLOD_FLAG: -88888
LLOD_VALUE: N/A
DM_CONTACT_INFO: Jiayang Sun; University of Maryland; jiayangs@umd.edu
PROJECT_INFO: USOS July - Aug 2024 https://deq.utah.gov/air-quality/utah-summer-ozone-study-usos
STIPULATIONS_ON_USE: Use of these data requires prior ok from PI.
OTHER_COMMENTS: N/A
REVISION: RA
RA: Preliminary Data for in-field use only.
StartTime_seconds, lat_DGPS_deg, lon_DGPS_deg, alt_msl_m, speed_km_h, RH, true_WS_m_s, true_WD_deg, CH4_aeris313_ppm, H2O_aeris313_ppm, C2H6_aeris313_ppb, r_aeris313, C2C1_aeris313, CO_g2401m_ppm, CO2_g2401m_ppm, CH4_g2401m_ppm, H2O_g2401m, delta13C_CH4_raw, delta13C_CO2_raw, CH4_g2201i_ppm, CO2_g2201i_ppm, NH3_g2301_ppb, O3_2B_ppm, NO_G60_ppb, NO2_G60_ppb, NOx_G60_ppb, NO_N500_ppb, NO2_N500_ppb, NOx_N500_ppb, BC370_AE43_ng_m3, BC470_AE43_ng_m3, BC520_AE43_ng_m3, BC590_AE43_ng_m3, BC660_AE43_ng_m3, BC880_AE43_ng_m3, BC950_AE43_ng_m3, PM25, PM10, Valve
[from data line 4104]
7704.0, 40.78067113849999, -111.94097322, 1291.586, 0.13, 25.8, -99999.0, -99999.0, -99999.0, -99999.0, -99999.0, -99999.0, -99999.0, 0.174057516505, 430.25401112, 1.9607426178, 1.3559950305, -57.836389865, -6.1644696039, 1.919776381725, 431.31040504374994, -99999.0, 75.2, 26.09, 4.43, 30.52, -1.055, 3.609, 2.547, 878.0, 850.0, 192.0, 498.0, 500.0, 363.0, 625.0, -99999.0, -99999.0, 0.0
7705.0, 40.78067113233333, -111.94097322600001, 1291.607, 0.14, 25.8, -99999.0, -99999.0, -99999.0, -99999.0, -99999.0, -99999.0, -99999.0, 0.17405886992, 430.50409204, 1.9607426178, 1.3559950305, -57.836389865, -5.9487122812, 1.919776381725, 431.31451845609996, -99999.0, -99999.0, 26.11, 4.4, 30.5, -1.055, 3.609, 2.547, 857.0, 764.0, 496.0, 572.0, 272.0, 825.0, 391.0, -99999.0, -99999.0, 0.0
7706.0, 40.78067115033333, -111.94097322316665, 1291.632, 0.08, 25.8, -99999.0, -99999.0, -99999.0, -99999.0, -99999.0, -99999.0, -99999.0, 0.16975336411, 430.50409204, 1.9607426178, 1.3559950305, -70.374581516, -5.9487122812, 1.942532970563, 431.31451845609996, -99999.0, 73.4, 26.09, 4.39, 30.48, -1.055, 3.609, 2.547, 587.0, 593.0, 634.0, 286.0, 593.0, 109.0, 167.0, -99999.0, -99999.0, 0.0
7707.0, 40.780671149833324, -111.94097322349998, 1291.656, 0.06, 25.8, -99999.0, -99999.0, -99999.0, -99999.0, -99999.0, -99999.0, -99999.0, 0.16975300167500001, 430.4961822, 1.9602187952, 1.3540969808, -70.374581516, -5.9487122812, 1.942532970563, 431.31451845609996, -99999.0, -99999.0, 26.11, 4.37, 30.48, -1.055, 3.609, 2.547, 937.0, 590.0, 621.0, 534.0, 531.0, 281.0, 100.0, -99999.0, -99999.0, 0.0
7708.0, 40.780671142500005, -111.94097323400001, 1291.681, 0.26, 25.8, -99999.0, -99999.0, -99999.0, -99999.0, -99999.0, -99999.0, -99999.0, 0.16975263924, 430.39011485, 1.9602187952, 1.3540969808, -70.374581516, -5.9487122812, 1.942532970563, 431.4579140508, -99999.0, 71.7, 26.09, 4.32, 30.42, -1.055, 3.609, 2.547, 689.0, 348.0, 619.0, 507.0, 612.0, 391.0, 508.0, -99999.0, -99999.0, 0.0
7709.0, 40.78067115016667, -111.94097322116667, 1291.703, 0.18, 25.8, -99999.0, -99999.0, -99999.0, -99999.0, -99999.0, -99999.0, -99999.0, 0.17374478947, 430.39765991499996, 1.9602460173, 1.3572750602, -70.374581516, -6.9740835651, 1.942532970563, 431.452997581, -99999.0, -99999.0, 26.07, 4.29, 30.37, -1.055, 3.609, 2.547, 603.0, 441.0, 426.0, 425.0, 386.0, 865.0, 420.0, -99999.0, -99999.0, 0.0
7710.0, 40.780671162, -111.94097323283334, 1291.732, 0.1, 25.8, -99999.0, -99999.0, -99999.0, -99999.0, -99999.0, -99999.0, -99999.0, 0.17374828837, 430.65391427500003, 1.9602732394, 1.3604531396, -53.844862293, -6.9740835651, 1.908284288229, 431.452997581, -99999.0, 72.0, 26.07, 4.26, 30.33, -1.055, 3.609, 2.547, 599.0, 674.0, 499.0, 388.0, 547.0, 556.0, 153.0, -99999.0, -99999.0, 0.0
7711.0, 40.780671191500005, -111.94097324633334, 1291.764, 0.15, 25.8, -99999.0, -99999.0, -99999.0, -99999.0, -99999.0, -99999.0, -99999.0, 0.18060709255, 430.90262357, 1.9602732394, 1.3604531396, -53.844862293, -6.9740835651, 1.908284288229, 431.452997581, -99999.0, 72.5, 26.12, 4.24, 30.36, -1.055, 3.609, 2.547, 817.0, 658.0, 561.0, 608.0, 308.0, 478.0, 109.0, -99999.0, -99999.0, 0.0
7712.0, 40.780671164999994, -111.94097327383334, 1291.801, 0.14, 25.8, -99999.0, -99999.0, -99999.0, -99999.0, -99999.0, -99999.0, -99999.0, 0.18060842653999998, 430.96446856, 1.9606083766, 1.3723435686, -53.844862293, -7.0650011588999995, 1.908284288229, 431.19838821350004, -99999.0, -99999.0, 26.12, 4.21, 30.33, -1.055, 3.609, 2.547, 585.0, 531.0, 683.0, 84.0, 543.0, 470.0, 338.0, -99999.0, -99999.0, 0.0
7713.0, 40.78067114583334, -111.94097328000001, 1291.832, 0.29, 25.8, -99999.0, -99999.0, -99999.0, -99999.0, -99999.0, -99999.0, -99999.0, 0.18060976053, 431.42682968, 1.9606083766, 1.3723435686, -99999.0, -99999.0, -99999.0, -99999.0, -99999.0, -99999.0, 26.14, 4.2, 30.34, -1.055, 3.609, 2.547, 678.0, 465.0, 345.0, 364.0, 398.0, 346.0, 518.0, -99999.0, -99999.0, 0.0
7714.0, 40.780671121833336, -111.9409732995, 1291.873, 0.1, 25.8, -99999.0, -99999.0, -99999.0, -99999.0, -99999.0, -99999.0, -99999.0, 0.1664950893, 431.45362998, 1.9605027006, 1.37429378425, -62.059632141, -7.1559187527, 1.927568886964, 431.1979525369, -99999.0, 71.3, 26.18, 4.17, 30.35, -1.055, 3.609, 2.547, 742.0, 495.0, 368.0, 486.0, 476.0, 656.0, 351.0, -99999.0, -99999.0, 0.0
7715.0, 40.7806710715, -111.94097336483334, 1291.919, 0.13, 25.8, -99999.0, -99999.0, -99999.0, -99999.0, -99999.0, -99999.0, -99999.0, 0.16649843909, 431.688070095, 1.9603970246, 1.3762439999, -62.059632141, -7.1559187527, 1.927568886964, 431.1979525369, -99999.0, -99999.0, 26.21, 4.15, 30.36, -1.055, 3.609, 2.547, 608.0, 512.0, 252.0, 626.0, 489.0, 532.0, 830.0, -99999.0, -99999.0, 0.0
7716.0, 40.78067107066667, -111.94097343833333, 1291.963, 0.06, 25.8, -99999.0, -99999.0, -99999.0, -99999.0, -99999.0, -99999.0, -99999.0, 0.17121990295, 431.89570991, 1.9603970246, 1.3762439999, -62.059632141, -7.15539953235, 1.927568886964, 431.10038866785, -99999.0, 68.2, 26.19, 4.13, 30.33, -1.055, 3.609, 2.547, 664.0, 674.0, 283.0, 564.0, 362.0, 174.0, 251.0, -99999.0, -99999.0, 0.0
7717.0, 40.780671036499996, -111.94097349716667, 1292.022, 0.13, 25.8, -99999.0, -99999.0, -99999.0, -99999.0, -99999.0, -99999.0, -99999.0, 0.17121366033500002, 431.85939339, 1.9609227617, 1.3616568288, -99999.0, -99999.0, -99999.0, -99999.0, -99999.0, -99999.0, 26.19, 4.11, 30.3, -1.164, 3.734, 2.562, 822.0, 620.0, 642.0, 510.0, 768.0, 385.0, 451.0, -99999.0, -99999.0, 0.0
7718.0, 40.78067099333334, -111.94097356783335, 1292.076, 0.2, 25.8, -99999.0, -99999.0, -99999.0, -99999.0, -99999.0, -99999.0, -99999.0, 0.17120741772, 430.20715915, 1.9609227617, 1.3616568288, -48.837847234, -7.154880312, 1.905461926735, 431.1003911554, -99999.0, 66.7, 26.16, 4.09, 30.24, -1.164, 3.734, 2.562, 687.0, 596.0, 654.0, 497.0, 279.0, 419.0, 727.0, -99999.0, -99999.0, 0.0
7719.0, 40.78067098966667, -111.94097365266667, 1292.128, 0.15, 25.8, -99999.0, -99999.0, -99999.0, -99999.0, -99999.0, -99999.0, -99999.0, 0.1584145393, 430.169399065, 1.9597986689, 1.3577899467, -48.837847234, -7.154880312, 1.905461926735, 431.1003911554, -99999.0, -99999.0, 26.17, 4.09, 30.25, -1.164, 3.734, 2.562, 520.0, 583.0, 580.0, 576.0, 689.0, 494.0, 337.0, -99999.0, -99999.0, 0.0
7720.0, 40.780670963, -111.94097371183334, 1292.187, 0.17, 25.8, -99999.0, -99999.0, -99999.0, -99999.0, -99999.0, -99999.0, -99999.0, 0.15841207741, 429.948674085, 1.9586745761, 1.3539230646, -48.837847234, -6.3270151542, 1.905461926735, 430.8886236491, -99999.0, 66.7, 26.19, 4.06, 30.26, -1.164, 3.734, 2.562, 805.0, 577.0, 583.0, 682.0, 309.0, 372.0, 361.0, -99999.0, -99999.0, 0.0
7721.0, 40.78067094266667, -111.94097377066667, 1292.239, 0.16, 25.8, -99999.0, -99999.0, -99999.0, -99999.0, -99999.0, -99999.0, -99999.0, 0.16964137805, 429.76570919, 1.9586745761, 1.3539230646, -99999.0, -99999.0, -99999.0, -99999.0, -99999.0, -99999.0, 26.21, 4.06, 30.28, -1.164, 3.734, 2.562, 679.0, 587.0, 459.0, 418.0, 712.0, 281.0, 212.0, -99999.0, -99999.0, 0.0
7722.0, 40.78067094833333, -111.94097380683334, 1292.286, 0.13, 25.8, -99999.0, -99999.0, -99999.0, -99999.0, -99999.0, -99999.0, -99999.0, 0.169641867065, 429.73959451, 1.9585832654, 1.3539301621, -50.43511589, -5.4991499964, 1.9069977954669999, 430.8925878919, -99999.0, 67.7, 26.23, 4.08, 30.31, -1.164, 3.734, 2.562, 628.0, 540.0, 504.0, 722.0, 315.0, 598.0, 654.0, -99999.0, -99999.0, 0.0
7723.0, 40.780670931500005, -111.94097387316667, 1292.336, 0.06, 25.7, -99999.0, -99999.0, -99999.0, -99999.0, -99999.0, -99999.0, -99999.0, 0.16964235608, 429.9709191, 1.9585832654, 1.3539301621, -50.43511589, -5.4991499964, 1.9069977954669999, 430.8925878919, -99999.0, -99999.0, 26.25, 4.06, 30.31, -1.164, 3.734, 2.562, 706.0, 720.0, 392.0, 376.0, 216.0, 385.0, 233.0, -99999.0, -99999.0, 0.0
7724.0, 40.78067095783334, -111.940973906, 1292.39, 0.16, 25.7, -99999.0, -99999.0, -99999.0, -99999.0, -99999.0, -99999.0, -99999.0, 0.1581543355, 429.9709191, 1.9585832654, 1.3539301621, -50.43511589, -5.9508373654, 1.9069977954669999, 430.96898910365, -99999.0, 70.5, 26.27, 4.05, 30.32, -1.164, 3.734, 2.562, 788.0, 623.0, 672.0, 327.0, 510.0, 553.0, 393.0, -99999.0, -99999.0, 0.0
7725.0, 40.780671035333334, -111.94097396999999, 1292.446, 0.06, 25.7, -99999.0, -99999.0, -99999.0, -99999.0, -99999.0, -99999.0, -99999.0, 0.15815485553333333, 429.98601177666666, 1.9593800098, 1.3552608062999998, -99999.0, -99999.0, -99999.0, -99999.0, -99999.0, -99999.0, 26.29, 4.04, 30.33, -1.164, 3.734, 2.562, 614.0, 360.0, 455.0, 408.0, 193.0, 433.0, 247.0, -99999.0, -99999.0, 0.0
7726.0, 40.78067101333333, -111.94097398066667, 1292.494, 0.12, 25.7, -99999.0, -99999.0, -99999.0, -99999.0, -99999.0, -99999.0, -99999.0, 0.15487705032, 430.00714919, 1.9593800098, 1.3552608063, -42.679935974, -6.4025247344, 1.90512750632, 430.96682579860004, -99999.0, 72.7, 26.35, 4.02, 30.37, -1.164, 3.734, 2.562, 795.0, 580.0, 401.0, 302.0, 472.0, 390.0, 547.0, -99999.0, -99999.0, 0.0
7727.0, 40.780671018166665, -111.94097400666666, 1292.54, 0.18, 25.7, -99999.0, -99999.0, -99999.0, -99999.0, -99999.0, -99999.0, -99999.0, 0.154876032965, 430.01234175, 1.9594721509, 1.3554654146, -42.679935974, -6.4025247344, 1.90512750632, 430.96682579860004, -99999.0, -99999.0, 26.36, 4.01, 30.37, -1.164, 3.734, 2.562, 866.0, 645.0, 478.0, 499.0, 486.0, 467.0, 694.0, -99999.0, -99999.0, 0.0
7728.0, 40.78067106166666, -111.94097404733333, 1292.595, 0.2, 25.7, -99999.0, -99999.0, -99999.0, -99999.0, -99999.0, -99999.0, -99999.0, 0.15487501561, 429.70267502, 1.9594721509, 1.3554654146, -42.679935974, -6.58920778025, 1.90512750632, 430.54979161005, -99999.0, 72.9, 26.46, 4.01, 30.46, -1.164, 3.734, 2.562, 739.0, 621.0, 608.0, 455.0, 382.0, 422.0, 430.0, -99999.0, -99999.0, 0.0
7729.0, 40.78067111633333, -111.94097408616666, 1292.64, 0.11, 25.7, -99999.0, -99999.0, -99999.0, -99999.0, -99999.0, -99999.0, -99999.0, 0.16721261323, 429.70267502, 1.9594721509, 1.3554654146, -99999.0, -99999.0, -99999.0, -99999.0, -99999.0, -99999.0, 26.5, 4.01, 30.51, -1.164, 3.734, 2.562, 806.0, 474.0, 644.0, 578.0, 292.0, 196.0, 750.0, -99999.0, -99999.0, 0.0
7730.0, 40.78067121916666, -111.94097412083332, 1292.679, 0.14, 25.6, -99999.0, -99999.0, -99999.0, -99999.0, -99999.0, -99999.0, -99999.0, 0.16721285694, 429.70798127, 1.9592309426, 1.3568308213, -61.590702619, -6.7758908261, 1.933489342148, 430.54889837630003, -99999.0, 73.0, 26.49, 4.03, 30.52, -1.164, 3.734, 2.562, 665.0, 514.0, 651.0, 249.0, 545.0, 118.0, 326.0, -99999.0, -99999.0, 0.0
7731.0, 40.780671297999994, -111.94097411633332, 1292.715, 0.11, 25.6, -99999.0, -99999.0, -99999.0, -99999.0, -99999.0, -99999.0, -99999.0, 0.16721310065, 429.79780259, 1.9592309426, 1.3568308213, -61.590702619, -6.7758908261, 1.933489342148, 430.54889837630003, -99999.0, -99999.0, 26.53, 4.05, 30.58, -1.164, 3.734, 2.562, 690.0, 506.0, 807.0, 316.0, 801.0, 316.0, 277.0, -99999.0, -99999.0, 0.0
7732.0, 40.780671377, -111.9409741215, 1292.755, 0.0, 25.6, -99999.0, -99999.0, -99999.0, -99999.0, -99999.0, -99999.0, -99999.0, 0.15552220259, 429.802658795, 1.9591410037, 1.3575846121000001, -61.590702619, -7.2862600989, 1.933489342148, 430.66899097415, -99999.0, 72.7, 26.55, 4.06, 30.61, -1.164, 3.734, 2.562, 706.0, 540.0, 594.0, 546.0, 543.0, 531.0, 360.0, -99999.0, -99999.0, 0.0
7733.0, 40.780671479166664, -111.94097413816668, 1292.797, 0.06, 25.6, -99999.0, -99999.0, -99999.0, -99999.0, -99999.0, -99999.0, -99999.0, 0.1555215094, 429.815004045, 1.9590510648, 1.3583384029, -99999.0, -99999.0, -99999.0, -99999.0, -99999.0, -99999.0, 26.45, 4.09, 30.54, -1.164, 3.734, 2.562, 891.0, 659.0, 512.0, 480.0, 405.0, 538.0, 506.0, -99999.0, -99999.0, 0.0
7734.0, 40.78067160416667, -111.940974201, 1292.837, 0.07, 25.6, -99999.0, -99999.0, -99999.0, -99999.0, -99999.0, -99999.0, -99999.0, 0.15972239151, 429.82249309, 1.9590510648, 1.3583384029, -54.20652613, -7.7966293717, 1.911850573011, 430.6665482841, -99999.0, 71.2, 26.43, 4.1, 30.53, -1.164, 3.734, 2.562, 704.0, 696.0, 644.0, 682.0, 533.0, 243.0, 65.0, -99999.0, -99999.0, 0.0
7735.0, 40.78067171233334, -111.94097423033332, 1292.88, 0.14, 25.6, -99999.0, -99999.0, -99999.0, -99999.0, -99999.0, -99999.0, -99999.0, 0.159722196775, 429.81701215, 1.958950782, 1.3552097049, -54.20652613, -7.7966293717, 1.911850573011, 430.6665482841, -99999.0, -99999.0, 26.47, 4.1, 30.57, -1.164, 3.734, 2.562, 699.0, 474.0, 434.0, 365.0, 545.0, 337.0, 459.0, -99999.0, -99999.0, 0.0
7736.0, 40.780671859166674, -111.940974296, 1292.922, 0.04, 25.6, -99999.0, -99999.0, -99999.0, -99999.0, -99999.0, -99999.0, -99999.0, 0.15972200204, 429.63759976, 1.958950782, 1.3552097049, -54.20652613, -7.100509922800001, 1.911850573011, 430.62284047925004, -99999.0, 71.7, 26.5, 4.07, 30.57, -1.164, 3.734, 2.562, 589.0, 539.0, 669.0, 514.0, 429.0, 524.0, 631.0, -99999.0, -99999.0, 0.0
7737.0, 40.78067196633333, -111.9409743035, 1292.961, 0.1, 25.6, -99999.0, -99999.0, -99999.0, -99999.0, -99999.0, -99999.0, -99999.0, 0.16472179015, 429.627380315, 1.95896688185, 1.3537497991, -99999.0, -99999.0, -99999.0, -99999.0, -99999.0, -99999.0, 26.55, 4.07, 30.62, -1.164, 3.734, 2.562, 720.0, 567.0, 489.0, 504.0, 543.0, 1077.0, 167.0, -99999.0, -99999.0, 0.0
7738.0, 40.7806721655, -111.9409743825, 1293.005, 0.2, 25.6, -99999.0, -99999.0, -99999.0, -99999.0, -99999.0, -99999.0, -99999.0, 0.1647218963, 429.617055825, 1.9589829817, 1.3522898933, -61.153933164, -6.4043904739, 1.9251899269419999, 430.6261718285, -99999.0, 73.9, 26.51, 4.08, 30.6, -1.164, 3.734, 2.562, 831.0, 580.0, 494.0, 576.0, 296.0, 584.0, 364.0, -99999.0, -99999.0, 0.0
7739.0, 40.78067235333334, -111.9409743945, 1293.036, 0.12, 25.6, -99999.0, -99999.0, -99999.0, -99999.0, -99999.0, -99999.0, -99999.0, 0.17199507374, 429.61695078, 1.9589829817, 1.3522898933, -61.153933164, -6.4043904739, 1.9251899269419999, 430.6261718285, -99999.0, -99999.0, 26.54, 4.09, 30.62, -1.133, 3.734, 2.594, 715.0, 497.0, 255.0, 583.0, 228.0, 605.0, 621.0, -99999.0, -99999.0, 0.0
7740.0, 40.78067247883334, -111.94097436633335, 1293.057, 0.16, 25.6, -99999.0, -99999.0, -99999.0, -99999.0, -99999.0, -99999.0, -99999.0, 0.17199571661000002, 429.63031412, 1.9589570429, 1.3591649168, -61.153933164, -6.26420289125, 1.9251899269419999, 430.63047919985, -99999.0, 74.3, 26.54, 4.09, 30.63, -1.133, 3.734, 2.594, 781.0, 738.0, 360.0, 351.0, 338.0, 760.0, 689.0, -99999.0, -99999.0, 0.0
7741.0, 40.78067258983333, -111.94097433783332, 1293.078, 0.13, 25.6, -99999.0, -99999.0, -99999.0, -99999.0, -99999.0, -99999.0, -99999.0, 0.17199635948, 429.75369264, 1.9589570429, 1.3591649168, -57.747975216, -6.1240153086, 1.919287628193, 430.6311500872, -99999.0, -99999.0, 26.57, 4.1, 30.67, -1.133, 3.734, 2.594, 775.0, 641.0, 786.0, 606.0, 477.0, 436.0, 225.0, -99999.0, -99999.0, 0.0
7742.0, 40.78067269783334, -111.94097424683332, 1293.096, 0.04, 25.6, -99999.0, -99999.0, -99999.0, -99999.0, -99999.0, -99999.0, -99999.0, 0.15763359814, 429.75369264, 1.9589570429, 1.3591649168, -99999.0, -99999.0, -99999.0, -99999.0, -99999.0, 73.1, 26.52, 4.09, 30.62, -1.133, 3.734, 2.594, 818.0, 491.0, 431.0, 334.0, 728.0, 540.0, 867.0, -99999.0, -99999.0, 0.0
7743.0, 40.78067282000001, -111.94097419966666, 1293.103, 0.2, 25.6, -99999.0, -99999.0, -99999.0, -99999.0, -99999.0, -99999.0, -99999.0, 0.15763514922, 429.9224567366667, 1.9589062882, 1.3623264043, -57.747975216, -6.1240153086, 1.919287628193, 430.90328727509996, -99999.0, -99999.0, 26.51, 4.09, 30.6, -1.133, 3.734, 2.594, 817.0, 838.0, 611.0, 703.0, 303.0, 543.0, 130.0, -99999.0, -99999.0, 0.0
