arc_raw/USOS-ARL-Suite_ARC_20240803_RA.ict
71,1001
Xinrong Ren
NOAA Air Resources Lab
ARC-Suite
USOS: Utah Summer Ozone Study
1,1
2024,08,03,2024,08,03
1
StartTime_seconds, seconds, Start time in UTC seconds since midnight
38
1,1,1,1,1,1,1,1,1,1,1,1,1,1,1,1,1,1,1,1,1,1,1,1,1,1,1,1,1,1,1,1,1,1,1,1,1,1
-99999,-99999,-99999,-99999,-99999,-99999,-99999,-99999,-99999,-99999,-99999,-99999,-99999,-99999,-99999,-99999,-99999,-99999,-99999,-99999,-99999,-99999,-99999,-99999,-99999,-99999,-99999,-99999,-99999,-99999,-99999,-99999,-99999,-99999,-99999,-99999,-99999,-99999
lat_DGPS_deg, degrees, Latitude in decimal by Hemisphere VS1100 Differential GPS
lon_DGPS_deg, degrees, Longitude in decimal by Hemisphere VS1100 Differential GPS
alt_msl_m, meters, GPS Altitude MSL
speed_km_h, km/s, vehicle speed
RH, percent, relative humidity
true_WS_m_s, m/s, wind speed by 2D sonic sensor
true_WD_deg, degree, wind direction by 2D sonic sensor
CH4_aeris313_ppm, ppm, CH4 mixing ratio by Aeris
H2O_aeris313_ppm, ppm, H2O mixing ratio by Aeris
C2H6_aeris313_ppb, ppb, C2H6 mixing ratio by Aeris
r_aeris313, 1, relavence between CH4 and C2H6 by Aeris
C2C1_aeris313, 1, C2H6 to CH4 ratio by Aeris
CO_g2401m_ppm, ppm, CO mixing ratio by Picarro G2401m
CO2_g2401m_ppm, ppm, CO2 mixing ratio by Picarro G2401m
CH4_g2401m_ppm, ppm, CH4 mixing ratio by Picarro G2401m
H2O_g2401m, ppm, H2O mixing ratio by Picarro G2401m
delta13C_CH4_raw, permill, delta 13C of CH4 by Picarro G2201i
delta13C_CO2_raw, permill, delta 13C of CO2 by Picarro G2201i
CH4_g2201i_ppm, ppm, CH4 mixing ratio by Picarro G2201i
CO2_g2201i_ppm, ppm, CO2 mixing ratio by Picarro G2201i
NH3_g2301_ppb, ppb, NH3 mixing ratio by Picarro G2301
O3_2B_ppm, ppm, O3 mixing ratio by 2B
NO_G60_ppb, ppb, NO mixing ratio by G60
NO2_G60_ppb, ppb, NO2 mixing ratio by G60
NOx_G60_ppb, ppb, NOx mixing ratio by G60
NO_N500_ppb, ppb, NO mixing ratio by N500
NO2_N500_ppb, ppb, NO2 mixing ratio by N500
NOx_N500_ppb, ppb, NOx mixing ratio by N500
BC370_AE43_ng_m3, ng/m3, Black Carbon at 370 nm by AE43
BC470_AE43_ng_m3, ng/m3, Black Carbon at 470 nm by AE43
BC520_AE43_ng_m3, ng/m3, Black Carbon at 520 nm by AE43
BC590_AE43_ng_m3, ng/m3, Black Carbon at 590 nm by AE43
BC660_AE43_ng_m3, ng/m3, Black Carbon at 660 nm by AE43
BC880_AE43_ng_m3, ng/m3, Black Carbon at 880 nm by AE43
BC950_AE43_ng_m3, ng/m3, Black Carbon at 950 nm by AE43
PM25, ug/m3, PM2.5 by particle sensor
PM10, ug/m3, PM10 by particle sensor
Valve, boolian, indicator of valve conditions;0 is measurement; 10 is zeroing; 11 is spanning
1
SPECIAL COMMENTS, N/A
18
PI_CONTACT_INFO: xinrong.ren@noaa.gov, 301-683-1391, NOAA/ARL, 5830 University Research Court, College Park, MD 20740
PLATFORM: NOAA Air Resources Car
LOCATION: Salt Lake City
ASSOCIATED_DATA: N/A
INSTRUMENT_INFO: Hemisphere VS1100 differential GPS (Latitude, Longitude, GPS Altitude, speed), meteorological sensor (RH, WS, WD), 2B (O3), G60 CRDS (NO-NOx), Teledyne N500 (NO-NOx), Picarro G2401-m (CO2, CH4, CO, H2O), Picarro G2201i (CO2, CH4, d13C_CO2, d13C_CH4, H2O), Picarro 2301 (NH3), Aeris Ultra MIRA (CH4, C2H6, H2O, r, C2/C1), AE43 (Black Carbon), Partical sensor (PM2.5, PM10)
DATA_INFO: Records are reported at 1-second intervals. Hemisphere VS1100 differential GPS has 1-second ntervals. 2B O3 values are reported 2-second averages. G60 Cavity Rong Down NO-NO2-NO2 has 1-second average. Teledyne CAPS NO2 analyzer has 10-second time resolution. Picarro 2401m (CO2, CH4, CO, H2O) data has 2.5-second time resolution. Picarro 2201i (isotope) has ~5 second time resolution. Aeris Ultra MIRA has 1-second integration time. AE43 data are 10-second moving averages. Partical sensor has 10-second time resolution.
UNCERTAINTY: -99999, -99999, -99999, 15 m, -99999, -99999, -99999, -99999, 1 ppb, 100 ppm, 0.2 ppb, -99999, -99999, 5 ppb, 0.1 ppm, 1 ppb, 100 ppm, -99999, -99999, -99999, -99999, 2 ppb, 0.3 ppb, -99999, -99999, -99999, 0.05 ppb, 0.05 ppb, 0.05 ppb, 10 ng/m3, 10 ng/m3, 10 ng/m3, 10 ng/m3, 10 ng/m3, 10 ng/m3, 10 ng/m3, 10 ng/m3, 0
ULOD_FLAG: -77777
ULOD_VALUE: N/A
LLOD_FLAG: -88888
LLOD_VALUE: N/A
DM_CONTACT_INFO: Jiayang Sun; University of Maryland; jiayangs@umd.edu
PROJECT_INFO: USOS July - Aug 2024 https://deq.utah.gov/air-quality/utah-summer-ozone-study-usos
STIPULATIONS_ON_USE: Use of these data requires prior ok from PI.
OTHER_COMMENTS: N/A
REVISION: RA
RA: Preliminary Data for in-field use only.
StartTime_seconds, lat_DGPS_deg, lon_DGPS_deg, alt_msl_m, speed_km_h, RH, true_WS_m_s, true_WD_deg, CH4_aeris313_ppm, H2O_aeris313_ppm, C2H6_aeris313_ppb, r_aeris313, C2C1_aeris313, CO_g2401m_ppm, CO2_g2401m_ppm, CH4_g2401m_ppm, H2O_g2401m, delta13C_CH4_raw, delta13C_CO2_raw, CH4_g2201i_ppm, CO2_g2201i_ppm, NH3_g2301_ppb, O3_2B_ppm, NO_G60_ppb, NO2_G60_ppb, NOx_G60_ppb, NO_N500_ppb, NO2_N500_ppb, NOx_N500_ppb, BC370_AE43_ng_m3, BC470_AE43_ng_m3, BC520_AE43_ng_m3, BC590_AE43_ng_m3, BC660_AE43_ng_m3, BC880_AE43_ng_m3, BC950_AE43_ng_m3, PM25, PM10, Valve
[from data line 5132]
5132.0, 40.7806893265, -111.94097362533333, 1291.611, 0.07, 15.0, 0.0, 0.0, 2.07101, 11606.7, -1.02357, -0.182836, -99999.0, 0.21548525017, 423.263300875, 2.0347846092, 1.01674235595, -32.509104153, -7.5964322681, 1.966273262311, 423.9890229291, -99999.0, -99999.0, 2.88, 5.31, 8.18, -0.305, 5.812, 5.531, 631.0, 875.0, 233.0, 425.0, 463.0, 644.0, 22.0, -99999.0, -99999.0, 0.0
5133.0, 40.78068940349999, -111.94097356799999, 1291.597, 0.15, 15.0, 0.0, 0.0, 2.07009, 11597.6, -1.31182, -0.110925, -99999.0, 0.2154853888, 423.298428875, 2.0346748095, 1.0189677348, -32.509104153, -7.197216329, 1.966273262311, 423.73198969405, -99999.0, 56.0, 2.86, 5.32, 8.18, -0.305, 5.812, 5.531, 506.0, 472.0, 817.0, 425.0, 146.0, 272.0, 219.0, -99999.0, -99999.0, 0.0
5134.0, 40.78068953983333, -111.94097352550001, 1291.566, 0.09, 15.0, 0.0, 0.0, 2.07077, 11589.8, -1.10838, -0.115067, -99999.0, 0.21229734895, 423.33270495, 2.0346748095, 1.0189677348, -99999.0, -99999.0, -99999.0, -99999.0, -99999.0, -99999.0, 2.9, 5.31, 8.21, -0.305, 5.812, 5.531, 757.0, 676.0, 598.0, 400.0, 331.0, -99999.0, -27.0, -99999.0, -99999.0, 0.0
5135.0, 40.780689745000004, -111.94097349533334, 1291.525, 0.1, 15.0, 0.0, 0.0, -99999.0, -99999.0, -99999.0, -99999.0, -99999.0, 0.212297935705, 423.34045423, 2.0347883149, 1.0168515377, -42.923835181, -6.7980003899, 1.986525182462, 423.7338696122, -99999.0, 55.2, 3.0, 5.3, 8.3, -0.305, 5.812, 5.531, 376.0, 561.0, 383.0, 586.0, 404.0, 408.0, 561.0, -99999.0, -99999.0, 0.0
5136.0, 40.78068993633334, -111.94097344866665, 1291.482, 0.07, 15.0, 0.0, 0.0, 2.07113, 11600.5, -1.08049, -0.31933, -99999.0, 0.21229852246, 423.52174582, 2.0347883149, 1.0168515377, -99999.0, -99999.0, -99999.0, -99999.0, -99999.0, -99999.0, 3.11, 5.32, 8.43, -0.305, 5.812, 5.531, 567.0, 278.0, 357.0, 518.0, 717.0, 745.0, 345.0, -99999.0, -99999.0, 0.0
5137.0, 40.78069014483334, -111.94097341549998, 1291.436, 0.08, 14.9, 0.0, 0.0, 2.06993, 11599.9, -1.02153, -0.339705, -99999.0, 0.2110274721, 423.515444835, 2.0349039445, 1.0160119964, -42.923835181, -6.7980003899, 1.986525182462, 423.7338696122, -99999.0, 53.6, 3.15, 5.33, 8.47, -0.305, 5.812, 5.531, 692.0, 600.0, 542.0, 242.0, 724.0, 644.0, 403.0, -99999.0, -99999.0, 0.0
5138.0, 40.780690336166664, -111.94097336883333, 1291.394, 0.08, 14.9, 0.0, 0.0, 2.07036, 11589.5, -0.931082, -0.381575, -99999.0, 0.21102649303, 423.41561020999995, 2.0350195741, 1.0151724551, -42.923835181, -6.7980003899, 1.986525182462, 423.8173292986, -99999.0, -99999.0, 3.25, 5.33, 8.58, -0.305, 5.812, 5.531, 947.0, 540.0, 527.0, 425.0, 425.0, 372.0, -49.0, -99999.0, -99999.0, 0.0
5139.0, 40.78069053983333, -111.94097331733334, 1291.343, 0.17, 14.9, 0.0, 0.0, 2.07164, 11587.1, -1.06906, -0.385259, -99999.0, 0.21060000577, 423.32207657, 2.0350195741, 1.0151724551, -42.923835181, -6.3767051476, 1.986525182462, 423.8193135794, -99999.0, 54.0, 3.29, 5.34, 8.62, -0.305, 5.812, 5.531, 631.0, 679.0, 508.0, 664.0, 456.0, 307.0, 270.0, -99999.0, -99999.0, 0.0
5140.0, 40.780690754666665, -111.94097327416667, 1291.292, 0.18, 14.9, 0.0, 0.0, 2.07281, 11605.2, -0.928849, -0.290823, -99999.0, 0.21060000577, 423.3443109, 2.0354316214, 1.0235515243, -41.025881607, -6.3767051476, 1.979498987495, 423.8193135794, -99999.0, -99999.0, 3.37, 5.32, 8.69, -0.305, 5.812, 5.531, 817.0, 479.0, 323.0, 381.0, 272.0, 307.0, 792.0, -99999.0, -99999.0, 0.0
5141.0, 40.78069096483334, -111.940973233, 1291.235, 0.07, 14.9, 0.0, 0.0, 2.07087, 11606.8, -1.25305, -0.364028, -99999.0, 0.21060236992, 423.64429795499996, 2.0354316214, 1.0235515243, -99999.0, -99999.0, -99999.0, -99999.0, -99999.0, -99999.0, 3.39, 5.33, 8.72, -0.121, 5.594, 5.5, 631.0, 613.0, 417.0, 502.0, 742.0, 644.0, 389.0, -99999.0, -99999.0, 0.0
5142.0, 40.780691112999996, -111.94097318533335, 1291.183, 0.03, 15.0, 0.0, 0.0, 2.07134, 11598.8, -1.08176, -0.321949, -99999.0, 0.20729634866, 423.94428501, 2.0354316214, 1.0235515243, -99999.0, -99999.0, -99999.0, -99999.0, -99999.0, 55.4, 3.48, 5.31, 8.79, -0.121, 5.594, 5.5, 502.0, 202.0, 610.0, 124.0, 292.0, 443.0, 1040.0, -99999.0, -99999.0, 0.0
5143.0, 40.78069131116667, -111.94097317066668, 1291.137, 0.15, 15.0, 0.0, 0.0, 2.07033, 11588.9, -1.13326, -0.342927, -99999.0, 0.20729575703, 424.11007912, 2.035136715, 1.0650602826, -41.025881607, -6.3767051476, 1.979498987495, 423.8871657552, -99999.0, 53.9, 3.52, 5.3, 8.82, -0.121, 5.594, 5.5, 696.0, 459.0, 550.0, 493.0, 526.0, 712.0, 284.0, -99999.0, -99999.0, 0.0
5144.0, 40.780691453833334, -111.94097315616666, 1291.101, 0.24, 15.1, 0.0, 0.0, -99999.0, -99999.0, -99999.0, -99999.0, -99999.0, 0.2072951654, 423.88297889, 2.035136715, 1.0650602826, -41.025881607, -7.4392538935, 1.979498987495, 423.9500117737, -99999.0, -99999.0, 3.55, 5.29, 8.84, -0.121, 5.594, 5.5, 627.0, 652.0, 655.0, 437.0, 63.0, 35.0, 224.0, -99999.0, -99999.0, 0.0
5145.0, 40.780691582, -111.94097316950001, 1291.061, 0.18, 15.1, 0.0, 0.0, 2.07134, 11614.1, -0.76708, -0.276437, -99999.0, 0.21213025612, 423.95009854, 2.0348624954, 1.064479786, -31.192702659, -7.4392538935, 1.980322157846, 423.9500117737, -99999.0, 52.0, 3.58, 5.29, 8.87, -0.121, 5.594, 5.5, 506.0, 409.0, 391.0, 614.0, 477.0, 408.0, 117.0, -99999.0, -99999.0, 0.0
5146.0, 40.7806917045, -111.94097316833334, 1291.028, 0.19, 15.2, 0.0, 0.0, 2.07157, 11774.4, -1.26276, -0.37076, -99999.0, 0.21212789748, 423.713923325, 2.0345882758, 1.0638992894, -99999.0, -99999.0, -99999.0, -99999.0, -99999.0, -99999.0, 3.61, 5.3, 8.91, -0.121, 5.594, 5.5, 629.0, 449.0, 466.0, 343.0, 441.0, 542.0, 792.0, -99999.0, -99999.0, 0.0
5147.0, 40.78069179816666, -111.94097321116666, 1291.005, 0.03, 15.3, 0.0, 0.0, 2.06823, 11858.4, -0.92739, -0.420373, -99999.0, 0.20886537384, 423.41062846, 2.0345882758, 1.0638992894, -99999.0, -99999.0, -99999.0, -99999.0, -99999.0, 54.1, 3.59, 5.28, 8.87, -0.121, 5.594, 5.5, 441.0, 671.0, 417.0, 493.0, 522.0, 646.0, 406.0, -99999.0, -99999.0, 0.0
5148.0, 40.780691879, -111.94097323183333, 1290.981, 0.2, 15.4, 0.0, 0.0, 2.07203, 11914.8, -0.949268, -0.373692, -99999.0, 0.20886438295499998, 423.44658105, 2.0354294647, 1.0758871114, -31.192702659, -7.4392538935, 1.980322157846, 424.18237328429996, -99999.0, -99999.0, 3.64, 5.28, 8.92, -0.121, 5.594, 5.5, 251.0, 348.0, 519.0, 478.0, 710.0, 204.0, -12.0, -99999.0, -99999.0, 0.0
5149.0, 40.78069196533333, -111.94097322600001, 1290.948, 0.07, 15.5, 0.0, 0.0, 2.07157, 11945.8, -1.13515, -0.365477, -99999.0, 0.20886339207, 423.08063155, 2.0354294647, 1.0758871114, -31.192702659, -8.3893860466, 1.980322157846, 424.410253377, -99999.0, -99999.0, 3.69, 5.27, 8.96, -0.121, 5.594, 5.5, 631.0, 482.0, 610.0, 642.0, 285.0, 443.0, 323.0, -99999.0, -99999.0, 0.0
5150.0, 40.780692027, -111.94097324116667, 1290.931, 0.05, 15.6, 0.0, 0.0, 2.07212, 11976.0, -0.841688, -0.302446, -99999.0, 0.21242674699, 423.08063155, 2.0354294647, 1.0758871114, -99999.0, -99999.0, -99999.0, -99999.0, -99999.0, 55.4, 3.68, 5.28, 8.96, -0.121, 5.594, 5.5, 502.0, 500.0, 142.0, 481.0, 421.0, 237.0, 97.0, -99999.0, -99999.0, 0.0
5151.0, 40.780692070166666, -111.94097325833333, 1290.911, 0.16, 15.6, 0.0, 0.0, 2.07235, 12009.2, -1.02004, -0.269977, -99999.0, 0.21242822730333333, 423.2559868833334, 2.0355211153, 1.0722084149, -40.832780901, -8.3893860466, 1.973849921967, 424.410253377, -99999.0, 53.5, 3.74, 5.25, 8.99, -0.121, 5.594, 5.5, 567.0, 783.0, 624.0, 425.0, 710.0, 68.0, 275.0, -99999.0, -99999.0, 0.0
5152.0, 40.78069208716666, -111.94097327550001, 1290.89, 0.08, 15.6, 0.0, 0.0, 2.07039, 12044.2, -1.08669, -0.237371, -99999.0, 0.20429486723, 423.55153171, 2.0355211153, 1.0722084149, -99999.0, -99999.0, -99999.0, -99999.0, -99999.0, -99999.0, 3.8, 5.19, 8.99, -0.121, 5.594, 5.5, 882.0, 493.0, 366.0, 642.0, 418.0, 373.0, 851.0, -99999.0, -99999.0, 0.0
5153.0, 40.78069208, -111.94097329250002, 1290.883, 0.07, 15.7, 0.0, 0.0, 2.07003, 12064.7, -1.29544, -0.187288, -99999.0, 0.204294944045, 423.55591741, 2.034821586, 1.0772072673, -40.832780901, -8.3893860466, 1.973849921967, 424.36601615710003, -99999.0, -99999.0, 3.81, 5.19, 8.99, -0.121, 5.594, 5.5, 506.0, 621.0, 641.0, 254.0, 282.0, 136.0, 501.0, -99999.0, -99999.0, 0.0
5154.0, 40.78069209066667, -111.9409733425, 1290.879, 0.04, 15.7, 0.0, 0.0, 2.06729, 12072.6, -0.983345, -0.174352, -99999.0, 0.20429502086, 423.60928169, 2.034821586, 1.0772072673, -40.832780901, -6.8702465222, 1.973849921967, 424.3289426563, -99999.0, 52.9, 3.84, 5.19, 9.03, -0.121, 5.594, 5.5, 567.0, 312.0, 508.0, 574.0, 738.0, 237.0, 508.0, -99999.0, -99999.0, 0.0
5155.0, 40.780692095000006, -111.9409733825, 1290.874, 0.08, 15.7, 0.0, 0.0, 2.07061, 12079.8, -0.809758, -0.178469, -99999.0, 0.21231200789, 423.60928169, 2.034821586, 1.0772072673, -99999.0, -99999.0, -99999.0, -99999.0, -99999.0, 52.6, 3.94, 5.16, 9.1, -0.121, 5.594, 5.5, 631.0, 278.0, 289.0, 242.0, 320.0, 68.0, 578.0, -99999.0, -99999.0, 0.0
5156.0, 40.78069212166666, -111.94097342883333, 1290.87, 0.14, 15.7, 0.0, 0.0, 2.06925, 12106.0, -1.06387, -0.0584953, -99999.0, 0.21231339233, 423.56392585, 2.035046521, 1.0585626965, -33.238228637, -6.8702465222, 1.97726587393, 424.3289426563, -99999.0, -99999.0, 4.03, 5.15, 9.18, -0.121, 5.594, 5.5, 817.0, 595.0, 649.0, 667.0, 425.0, 476.0, 571.0, -99999.0, -99999.0, 0.0
5157.0, 40.7806921245, -111.94097352016666, 1290.876, 0.1, 15.7, 0.0, 0.0, 2.07138, 12114.4, -1.17439, 0.0657216, -99999.0, 0.21231477677, 424.17847902, 2.035046521, 1.0585626965, -99999.0, -99999.0, -99999.0, -99999.0, -99999.0, -99999.0, 4.06, 5.15, 9.2, -0.121, 5.594, 5.5, 506.0, 451.0, 335.0, 276.0, 324.0, 340.0, 539.0, -99999.0, -99999.0, 0.0
5158.0, 40.78069213316667, -111.940973599, 1290.87, 0.06, 15.7, 0.0, 0.0, 2.07007, 12083.2, -0.909942, 0.0518053, -99999.0, 0.20713146257, 424.158481545, 2.03541783055, 1.0618720942, -33.238228637, -6.8702465222, 1.97726587393, 424.44601132795003, -99999.0, 52.3, 4.12, 5.1, 9.22, -0.121, 5.594, 5.5, 627.0, 487.0, 326.0, 307.0, 480.0, 408.0, -309.0, -99999.0, -99999.0, 0.0
5159.0, 40.78069213566666, -111.940973673, 1290.877, 0.11, 15.7, 0.3, 47.41, 2.07106, 12052.8, -1.27229, 0.0401641, -99999.0, 0.20713241182, 424.23000490000004, 2.0357891401, 1.0651814919, -33.238228637, -6.9244050653, 1.97726587393, 424.5628244663, -99999.0, 55.3, 4.19, 5.06, 9.26, -0.121, 5.594, 5.5, 567.0, 477.0, 522.0, 208.0, 407.0, 644.0, 819.0, -99999.0, -99999.0, 0.0
5160.0, 40.7806921575, -111.94097376683334, 1290.88, 0.18, 15.7, 0.25, 61.32, 2.06974, 12041.0, -0.90858, 0.00189477, -99999.0, 0.21303624534, 424.32152573, 2.0357891401, 1.0651814919, -99999.0, -99999.0, -99999.0, -99999.0, -99999.0, -99999.0, 4.22, 5.07, 9.29, -0.121, 5.594, 5.5, 567.0, 595.0, 357.0, 81.0, 275.0, 340.0, 556.0, -99999.0, -99999.0, 0.0
5161.0, 40.78069218183334, -111.94097385466667, 1290.889, 0.15, 15.7, 0.26, 57.32, 2.06771, 12028.5, -0.82239, -0.118966, -99999.0, 0.21303729611, 424.40048238, 2.0354401604, 1.0822865559, -44.256475105, -6.9244050653, 1.984873066044, 424.5628244663, -99999.0, -99999.0, 4.27, 5.04, 9.31, -0.121, 5.594, 5.5, 571.0, 477.0, 550.0, 506.0, 352.0, 677.0, 411.0, -99999.0, -99999.0, 0.0
5162.0, 40.78069222, -111.94097391733334, 1290.897, 0.24, 15.7, 0.35, 75.62, 2.06944, 12032.3, -1.18477, -0.117441, -99999.0, 0.21303834688, 424.87144351, 2.0354401604, 1.0822865559, -99999.0, -99999.0, -99999.0, -99999.0, -99999.0, 57.3, 4.4, 5.01, 9.42, -0.121, 5.594, 5.5, 882.0, 707.0, 491.0, 378.0, 219.0, 440.0, -301.0, -99999.0, -99999.0, 0.0
5163.0, 40.78069224749999, -111.9409740285, 1290.906, 0.17, 15.7, 0.25, 83.53, 2.07091, 12052.7, -1.17573, -0.121681, -99999.0, 0.20381905413, 424.87144351, 2.0354401604, 1.0822865559, -44.256475105, -6.9244050653, 1.984873066044, 424.5628244663, -99999.0, 55.8, 4.45, 5.01, 9.46, -0.268, 5.594, 5.344, 753.0, 700.0, 684.0, 595.0, 352.0, 337.0, 236.0, -99999.0, -99999.0, 0.0
5164.0, 40.780692285, -111.94097409083334, 1290.914, 0.09, 15.8, 0.33, 219.32, 2.06996, 12092.3, -0.966705, -0.128802, -99999.0, 0.20381926484333332, 424.928811, 2.034705596, 1.0732480953, -44.256475105, -7.124405413150001, 1.984873066044, 424.58439669660004, -99999.0, -99999.0, 4.48, 5.02, 9.51, -0.268, 5.594, 5.344, 754.0, 512.0, 636.0, 309.0, 486.0, 509.0, 533.0, -99999.0, -99999.0, 0.0
5165.0, 40.78069230566667, -111.94097416049999, 1290.926, 0.08, 15.8, 0.0, 0.0, 2.07175, 12129.4, -0.815768, -0.0739197, -99999.0, 0.21514698942, 424.98975368, 2.034705596, 1.0732480953, -99999.0, -99999.0, -99999.0, -99999.0, -99999.0, -99999.0, 4.5, 5.01, 9.51, -0.268, 5.594, 5.344, 567.0, 590.0, 386.0, 723.0, 529.0, 272.0, 357.0, -99999.0, -99999.0, 0.0
5166.0, 40.780692295333324, -111.9409741675, 1290.935, 0.22, 15.8, 0.39, 154.0, 2.07063, 12163.3, -0.921137, -0.0720869, -99999.0, 0.21514668600499998, 424.89934682, 2.0363163958, 1.0551679935, -48.361021574, -7.324405761, 1.993207541518, 424.583452996, -99999.0, 55.3, 4.56, 4.99, 9.55, -0.268, 5.594, 5.344, 757.0, 692.0, 774.0, 468.0, 700.0, 272.0, 778.0, -99999.0, -99999.0, 0.0
5167.0, 40.78069230866667, -111.94097424183335, 1290.949, 0.11, 15.8, 0.36, 146.4, 2.07141, 12172.5, -0.778128, -0.0326258, -99999.0, 0.21514638259, 424.67017476, 2.0363163958, 1.0551679935, -99999.0, -99999.0, -99999.0, -99999.0, -99999.0, 55.5, 4.57, 4.98, 9.56, -0.268, 5.594, 5.344, 632.0, 404.0, 576.0, 412.0, 171.0, 408.0, 192.0, -99999.0, -99999.0, 0.0
5168.0, 40.78069229016666, -111.94097428833332, 1290.967, 0.07, 15.8, 0.35, 153.91, 2.06906, 12131.7, -1.13411, 0.00317871, -99999.0, 0.21595855991, 424.67017476, 2.0363163958, 1.0551679935, -48.361021574, -7.324405761, 1.993207541518, 424.583452996, -99999.0, -99999.0, 4.64, 4.96, 9.6, -0.268, 5.594, 5.344, 632.0, 472.0, 794.0, 974.0, 735.0, 169.0, 377.0, -99999.0, -99999.0, 0.0
5169.0, 40.780692300000005, -111.94097432316667, 1290.982, 0.12, 15.7, 0.37, 153.87, 2.06914, 12076.2, -0.969832, -0.0478252, -99999.0, 0.215957000755, 424.56927952, 2.036037973, 1.0429497389, -48.361021574, -7.59844844865, 1.993207541518, 424.94539178699995, -99999.0, -99999.0, 4.6, 4.97, 9.57, -0.268, 5.594, 5.344, 502.0, 626.0, 323.0, 149.0, 717.0, 543.0, 593.0, -99999.0, -99999.0, 0.0
5170.0, 40.78069228399999, -111.94097439283333, 1291.017, 0.02, 15.7, 0.4, 155.89, 2.07146, 12040.9, -0.827084, 0.00138569, -99999.0, 0.219291898285, 423.91190959, 2.036037973, 1.0429497389, -99999.0, -99999.0, -99999.0, -99999.0, -99999.0, 54.6, 4.6, 4.99, 9.58, -0.268, 5.594, 5.344, 696.0, 624.0, 596.0, 685.0, 581.0, 410.0, 498.0, -99999.0, -99999.0, 0.0
5171.0, 40.78069227683333, -111.94097445783333, 1291.037, 0.26, 15.6, 0.0, 0.0, 2.06971, 12019.2, -1.27277, 0.0317908, -99999.0, 0.22262835497, 423.83470718, 2.036767935, 1.0319423156, -39.10367901, -7.8724911363, 1.978303159021, 424.9440976118, -99999.0, 54.3, 4.55, 4.99, 9.54, -0.268, 5.594, 5.344, 441.0, 629.0, 391.0, 251.0, 637.0, 475.0, 476.0, -99999.0, -99999.0, 0.0
5172.0, 40.78069223333333, -111.94097455916666, 1291.068, 0.15, 15.5, 0.4, 143.08, 2.07177, 11987.1, -0.749776, 0.0940266, -99999.0, 0.22262896308, 423.9124334, 2.036767935, 1.0319423156, -99999.0, -99999.0, -99999.0, -99999.0, -99999.0, -99999.0, 4.52, 5.01, 9.53, -0.268, 5.594, 5.344, 567.0, 540.0, 491.0, 413.0, 439.0, 101.0, 435.0, -99999.0, -99999.0, 0.0
5173.0, 40.78069218216667, -111.94097463816667, 1291.109, 0.1, 15.4, 0.0, 0.0, 2.07114, 11934.6, -1.28405, 0.0598631, -99999.0, 0.21585107103, 423.99015962, 2.036767935, 1.0319423156, -39.10367901, -7.8724911363, 1.978303159021, 424.9440976118, -99999.0, -99999.0, 4.57, 5.0, 9.57, -0.268, 5.594, 5.344, 692.0, 527.0, 423.0, 608.0, 606.0, 644.0, 600.0, -99999.0, -99999.0, 0.0
