arc_raw/USOS-ARL-Suite_ARC_20240729_RA.ict
71,1001
Xinrong Ren
NOAA Air Resources Lab
ARC-Suite
USOS: Utah Summer Ozone Study
1,1
2024,07,29,2024,07,29
1
StartTime_seconds, seconds, Start time in UTC seconds since midnight
38
1,1,1,1,1,1,1,1,1,1,1,1,1,1,1,1,1,1,1,1,1,1,1,1,1,1,1,1,1,1,1,1,1,1,1,1,1,1
-99999,-99999,-99999,-99999,-99999,-99999,-99999,-99999,-99999,-99999,-99999,-99999,-99999,-99999,-99999,-99999,-99999,-99999,-99999,-99999,-99999,-99999,-99999,-99999,-99999,-99999,-99999,-99999,-99999,-99999,-99999,-99999,-99999,-99999,-99999,-99999,-99999,-99999
lat_DGPS_deg, degrees, Latitude in decimal by Hemisphere VS1100 Differential GPS
lon_DGPS_deg, degrees, Longitude in decimal by Hemisphere VS1100 Differential GPS
alt_msl_m, meters, GPS Altitude MSL
speed_km_h, km/s, vehicle speed
RH, percent, relative humidity
true_WS_m_s, m/s, wind speed by 2D sonic sensor
true_WD_deg, degree, wind direction by 2D sonic sensor
CH4_aeris313_ppm, ppm, CH4 mixing ratio by Aeris
H2O_aeris313_ppm, ppm, H2O mixing ratio by Aeris
C2H6_aeris313_ppb, ppb, C2H6 mixing ratio by Aeris
r_aeris313, 1, relavence between CH4 and C2H6 by Aeris
C2C1_aeris313, 1, C2H6 to CH4 ratio by Aeris
CO_g2401m_ppm, ppm, CO mixing ratio by Picarro G2401m
CO2_g2401m_ppm, ppm, CO2 mixing ratio by Picarro G2401m
CH4_g2401m_ppm, ppm, CH4 mixing ratio by Picarro G2401m
H2O_g2401m, ppm, H2O mixing ratio by Picarro G2401m
delta13C_CH4_raw, permill, delta 13C of CH4 by Picarro G2201i
delta13C_CO2_raw, permill, delta 13C of CO2 by Picarro G2201i
CH4_g2201i_ppm, ppm, CH4 mixing ratio by Picarro G2201i
CO2_g2201i_ppm, ppm, CO2 mixing ratio by Picarro G2201i
NH3_g2301_ppb, ppb, NH3 mixing ratio by Picarro G2301
O3_2B_ppm, ppm, O3 mixing ratio by 2B
NO_G60_ppb, ppb, NO mixing ratio by G60
NO2_G60_ppb, ppb, NO2 mixing ratio by G60
NOx_G60_ppb, ppb, NOx mixing ratio by G60
NO_N500_ppb, ppb, NO mixing ratio by N500
NO2_N500_ppb, ppb, NO2 mixing ratio by N500
NOx_N500_ppb, ppb, NOx mixing ratio by N500
BC370_AE43_ng_m3, ng/m3, Black Carbon at 370 nm by AE43
BC470_AE43_ng_m3, ng/m3, Black Carbon at 470 nm by AE43
BC520_AE43_ng_m3, ng/m3, Black Carbon at 520 nm by AE43
BC590_AE43_ng_m3, ng/m3, Black Carbon at 590 nm by AE43
BC660_AE43_ng_m3, ng/m3, Black Carbon at 660 nm by AE43
BC880_AE43_ng_m3, ng/m3, Black Carbon at 880 nm by AE43
BC950_AE43_ng_m3, ng/m3, Black Carbon at 950 nm by AE43
PM25, ug/m3, PM2.5 by particle sensor
PM10, ug/m3, PM10 by particle sensor
Valve, boolian, indicator of valve conditions;0 is measurement; 10 is zeroing; 11 is spanning
1
SPECIAL COMMENTS, N/A
18
PI_CONTACT_INFO: xinrong.ren@noaa.gov, 301-683-1391, NOAA/ARL, 5830 University Research Court, College Park, MD 20740
PLATFORM: NOAA Air Resources Car
LOCATION: Salt Lake City
ASSOCIATED_DATA: N/A
INSTRUMENT_INFO: Hemisphere VS1100 differential GPS (Latitude, Longitude, GPS Altitude, speed), meteorological sensor (RH, WS, WD), 2B (O3), G60 CRDS (NO-NOx), Teledyne N500 (NO-NOx), Picarro G2401-m (CO2, CH4, CO, H2O), Picarro G2201i (CO2, CH4, d13C_CO2, d13C_CH4, H2O), Picarro 2301 (NH3), Aeris Ultra MIRA (CH4, C2H6, H2O, r, C2/C1), AE43 (Black Carbon), Partical sensor (PM2.5, PM10)
DATA_INFO: Records are reported at 1-second intervals. Hemisphere VS1100 differential GPS has 1-second ntervals. 2B O3 values are reported 2-second averages. G60 Cavity Rong Down NO-NO2-NO2 has 1-second average. Teledyne CAPS NO2 analyzer has 10-second time resolution. Picarro 2401m (CO2, CH4, CO, H2O) data has 2.5-second time resolution. Picarro 2201i (isotope) has ~5 second time resolution. Aeris Ultra MIRA has 1-second integration time. AE43 data are 10-second moving averages. Partical sensor has 10-second time resolution.
UNCERTAINTY: -99999, -99999, -99999, 15 m, -99999, -99999, -99999, -99999, 1 ppb, 100 ppm, 0.2 ppb, -99999, -99999, 5 ppb, 0.1 ppm, 1 ppb, 100 ppm, -99999, -99999, -99999, -99999, 2 ppb, 0.3 ppb, -99999, -99999, -99999, 0.05 ppb, 0.05 ppb, 0.05 ppb, 10 ng/m3, 10 ng/m3, 10 ng/m3, 10 ng/m3, 10 ng/m3, 10 ng/m3, 10 ng/m3, 10 ng/m3, 0
ULOD_FLAG: -77777
ULOD_VALUE: N/A
LLOD_FLAG: -88888
LLOD_VALUE: N/A
DM_CONTACT_INFO: Jiayang Sun; University of Maryland; jiayangs@umd.edu
PROJECT_INFO: USOS July - Aug 2024 https://deq.utah.gov/air-quality/utah-summer-ozone-study-usos
STIPULATIONS_ON_USE: Use of these data requires prior ok from PI.
OTHER_COMMENTS: N/A
REVISION: RA
RA: Preliminary Data for in-field use only.
StartTime_seconds, lat_DGPS_deg, lon_DGPS_deg, alt_msl_m, speed_km_h, RH, true_WS_m_s, true_WD_deg, CH4_aeris313_ppm, H2O_aeris313_ppm, C2H6_aeris313_ppb, r_aeris313, C2C1_aeris313, CO_g2401m_ppm, CO2_g2401m_ppm, CH4_g2401m_ppm, H2O_g2401m, delta13C_CH4_raw, delta13C_CO2_raw, CH4_g2201i_ppm, CO2_g2201i_ppm, NH3_g2301_ppb, O3_2B_ppm, NO_G60_ppb, NO2_G60_ppb, NOx_G60_ppb, NO_N500_ppb, NO2_N500_ppb, NOx_N500_ppb, BC370_AE43_ng_m3, BC470_AE43_ng_m3, BC520_AE43_ng_m3, BC590_AE43_ng_m3, BC660_AE43_ng_m3, BC880_AE43_ng_m3, BC950_AE43_ng_m3, PM25, PM10, Valve
[from data line 5235]
5235.0, 40.780680669333336, -111.94098500666665, 1291.113, 0.2, 21.6, 1.33, 158.16, 2.00804, 13231.7, 16.7716, 0.459584, -99999.0, 0.226880400105, 426.99865613, 1.9774855921, 1.1745061447, -99999.0, -99999.0, -99999.0, -99999.0, -99999.0, 64.9, 3.21, 3.56, 6.78, -0.051, 3.234, 3.172, 1290.0, 616.0, 577.0, 622.0, 461.0, 321.0, 375.0, -99999.0, -99999.0, 0.0
5236.0, 40.780680804999996, -111.94098516999999, 1291.101, 0.26, 21.6, 1.16, 161.66, 2.00756, 13251.5, 16.8516, 0.452969, -99999.0, 0.2268787462, 426.29655459, 1.9774855921, 1.1745061447, -41.774542113, -6.1323664882, 1.923323642028, 427.8593786539, -99999.0, -99999.0, 3.26, 3.57, 6.83, -0.051, 3.234, 3.172, 1290.0, 603.0, 1105.0, 391.0, 340.0, 465.0, 514.0, -99999.0, -99999.0, 0.0
5237.0, 40.78068093666667, -111.94098536816666, 1291.076, 0.24, 21.6, 0.84, 148.66, 2.00497, 13276.4, 16.7256, 0.437302, -99999.0, 0.22981861598, 426.28383263, 1.9774600764499999, 1.1671114177500002, -41.774542113, -6.1323664882, 1.923323642028, 427.8593786539, -99999.0, 65.9, 3.22, 3.56, 6.78, -0.051, 3.234, 3.172, 1147.0, 739.0, 689.0, 590.0, 128.0, 539.0, 389.0, -99999.0, -99999.0, 0.0
5238.0, 40.780681041, -111.940985602, 1291.062, 0.25, 21.6, 0.93, 131.76, 2.00573, 13301.0, 16.5644, 0.47494, -99999.0, 0.22981665478, 426.098473845, 1.9774345608, 1.1597166908, -41.774542113, -7.24293766085, 1.923323642028, 427.73621498560004, -99999.0, -99999.0, 3.16, 3.57, 6.74, -0.051, 3.234, 3.172, 1207.0, 579.0, 999.0, 782.0, 503.0, 136.0, 264.0, -99999.0, -99999.0, 0.0
5239.0, 40.78068122516667, -111.94098582133331, 1291.028, 0.05, 21.7, 1.07, 157.07, 2.0089, 13301.0, 16.7089, 0.480553, -99999.0, 0.20949445948, 425.92583702, 1.9774345608, 1.1597166908, -99999.0, -99999.0, -99999.0, -99999.0, -99999.0, 64.2, 3.2, 3.55, 6.75, -0.051, 3.234, 3.172, 1027.0, 739.0, 838.0, 487.0, 361.0, 383.0, 130.0, -99999.0, -99999.0, 0.0
5240.0, 40.780681391333324, -111.940986044, 1291.007, 0.16, 21.7, 0.93, 178.67, 2.00798, 13281.9, 16.6796, 0.488371, -99999.0, 0.2094942788, 425.85346804, 1.9770432008, 1.1528596008, -54.82576712, -8.3535088335, 1.9511326796669999, 427.73093585450005, -99999.0, -99999.0, 3.21, 3.53, 6.75, -0.051, 3.234, 3.172, 1374.0, 948.0, 614.0, 205.0, 609.0, 514.0, 625.0, -99999.0, -99999.0, 0.0
5241.0, 40.780681543166665, -111.94098627566667, 1290.979, 0.14, 21.7, 1.04, 183.78, 2.00633, 13256.5, 16.3746, 0.526744, -99999.0, 0.20949409812, 425.7996941, 1.9770432008, 1.1528596008, -54.82576712, -8.3535088335, 1.9511326796669999, 427.73093585450005, -99999.0, 63.4, 3.17, 3.5, 6.67, -0.051, 3.234, 3.172, 1063.0, 505.0, 416.0, 615.0, 510.0, 308.0, 125.0, -99999.0, -99999.0, 0.0
5242.0, 40.78068170416666, -111.9409865005, 1290.949, 0.26, 21.7, 1.3, 209.49, 2.01004, 13220.5, 16.6008, 0.533798, -99999.0, 0.21537992166, 425.7996941, 1.9770432008, 1.1528596008, -54.82576712, -8.0361029013, 1.9511326796669999, 427.43066781054995, -99999.0, -99999.0, 3.24, 3.47, 6.7, -0.051, 3.234, 3.172, 1099.0, 763.0, 1161.0, 179.0, 524.0, 350.0, 458.0, -99999.0, -99999.0, 0.0
5243.0, 40.78068187066666, -111.94098669116666, 1290.911, 0.13, 21.7, 1.49, 185.0, 2.00877, 13197.4, 16.8649, 0.531785, -99999.0, 0.21537924955999999, 425.69957227000003, 1.9769810214, 1.1498940172, -99999.0, -99999.0, -99999.0, -99999.0, -99999.0, 63.1, 3.21, 3.44, 6.64, -0.051, 3.234, 3.172, 896.0, 874.0, 137.0, 583.0, 546.0, 452.0, 23.0, -99999.0, -99999.0, 0.0
5244.0, 40.7806820425, -111.9409868495, 1290.86, 0.26, 21.7, 1.48, 171.6, 2.0081, 13188.1, 16.6263, 0.527229, -99999.0, 0.23469632092, 425.56498965, 1.9769810214, 1.1498940172, -54.682326765, -7.7186969691, 1.941752874406, 427.43217554399996, -99999.0, -99999.0, 3.18, 3.41, 6.59, -0.051, 3.234, 3.172, 645.0, 665.0, 428.0, 404.0, 659.0, 251.0, 157.0, -99999.0, -99999.0, 0.0
5245.0, 40.78068211349999, -111.94098711166667, 1290.827, 0.11, 21.7, 1.31, 203.61, 2.00703, 13169.2, 16.3642, 0.565443, -99999.0, 0.234698001705, 425.5594894, 1.9769939186, 1.151213054, -54.682326765, -7.7186969691, 1.941752874406, 427.43217554399996, -99999.0, 62.2, 3.12, 3.35, 6.47, -0.051, 3.234, 3.172, 1039.0, 726.0, 875.0, 192.0, 701.0, 243.0, 301.0, -99999.0, -99999.0, 0.0
5246.0, 40.780682088, -111.94098748116667, 1290.799, 0.21, 21.7, 1.15, 242.82, 2.0083, 13153.0, 16.508, 0.54343, -99999.0, 0.23469968249, 426.14051026, 1.9769939186, 1.151213054, -54.682326765, -7.32380689905, 1.941752874406, 426.93569148345, -99999.0, -99999.0, 3.04, 3.29, 6.33, -0.051, 3.234, 3.172, 1027.0, 776.0, 341.0, 320.0, 744.0, 695.0, 389.0, -99999.0, -99999.0, 0.0
5247.0, 40.780682004166664, -111.940987696, 1290.766, 0.17, 21.7, 1.04, 275.22, 2.0113, 13146.2, 16.8555, 0.501333, -99999.0, 0.22187942842, 426.14051026, 1.9769939186, 1.151213054, -99999.0, -99999.0, -99999.0, -99999.0, -99999.0, 64.2, 3.01, 3.23, 6.24, -0.051, 3.234, 3.172, 1039.0, 985.0, 534.0, 301.0, 489.0, 391.0, 398.0, -99999.0, -99999.0, 0.0
5248.0, 40.78068203733333, -111.94098791866666, 1290.739, 0.05, 21.6, 0.47, 352.63, 2.00878, 13151.2, 16.5053, 0.462429, -99999.0, 0.22187707037333335, 425.90647027999995, 1.9769153362, 1.1416010782, -55.554698388, -6.928916829, 1.941259656839, 426.937565093, -99999.0, -99999.0, 2.92, 3.08, 6.01, -0.051, 3.234, 3.172, 896.0, 492.0, 118.0, 615.0, 531.0, 374.0, 519.0, -99999.0, -99999.0, 0.0
5249.0, 40.78068218333333, -111.94098813716667, 1290.709, 0.1, 21.6, 0.7, 237.84, 2.0083, 13128.7, 16.6032, 0.400767, -99999.0, 0.20988883888, 425.49387922, 1.9769153362, 1.1416010782, -55.554698388, -6.928916829, 1.941259656839, 426.937565093, -99999.0, 66.2, 2.92, 3.08, 6.01, -0.051, 3.234, 3.172, 406.0, 480.0, 863.0, 320.0, 404.0, 70.0, 352.0, -99999.0, -99999.0, 0.0
5250.0, 40.78068225933334, -111.94098833799998, 1290.679, 0.09, 21.5, 0.38, 226.75, 2.00916, 13109.5, 16.6706, 0.408196, -99999.0, 0.20988883888, 425.50202517, 1.9771374384, 1.1536526756, -55.554698388, -6.47978664165, 1.941259656839, 427.11904245715004, -99999.0, -99999.0, 2.65, 2.99, 5.63, -0.051, 3.234, 3.172, 1063.0, 837.0, 317.0, 442.0, 786.0, 753.0, 769.0, -99999.0, -99999.0, 0.0
5251.0, 40.780682242999994, -111.94098863233333, 1290.673, 0.17, 21.5, 0.94, 280.35, 2.0081, 13094.6, 16.3992, 0.308839, -99999.0, 0.20989139862, 425.765607995, 1.9771374384, 1.1536526756, -48.987511587, -6.0306564543, 1.9377592055869999, 427.1211743115, -99999.0, 64.8, 2.55, 2.93, 5.48, -0.459, 3.234, 2.766, 681.0, 492.0, 745.0, 609.0, 255.0, 313.0, 144.0, -99999.0, -99999.0, 0.0
5252.0, 40.780682140500005, -111.94098891183333, 1290.671, 0.14, 21.5, 1.18, 266.96, 2.00816, 13090.1, 16.3536, 0.257113, -99999.0, 0.22780166279, 426.02919082, 1.9771374384, 1.1536526756, -99999.0, -99999.0, -99999.0, -99999.0, -99999.0, -99999.0, 2.51, 2.89, 5.41, -0.459, 3.234, 2.766, 1386.0, 813.0, 422.0, 417.0, 298.0, 304.0, 658.0, -99999.0, -99999.0, 0.0
5253.0, 40.78068201833334, -111.94098917533331, 1290.656, 0.04, 21.5, 1.08, 251.87, 2.00872, 13097.4, 16.3079, 0.221208, -99999.0, 0.22780468512500002, 426.17060052, 1.9776424625, 1.1838853077, -48.987511587, -6.0306564543, 1.9377592055869999, 427.03782314495, -99999.0, 63.8, 2.51, 2.82, 5.34, -0.459, 3.234, 2.766, 1159.0, 517.0, 230.0, 493.0, 404.0, 424.0, 491.0, -99999.0, -99999.0, 0.0
5254.0, 40.78068193949999, -111.94098926016667, 1290.626, 0.05, 21.5, 0.97, 226.38, 2.00743, 13130.8, 16.8561, 0.194467, -99999.0, 0.22780770746, 427.15601016, 1.9776424625, 1.1838853077, -48.987511587, -8.932162151, 1.9377592055869999, 426.9407049828, -99999.0, -99999.0, 2.51, 2.82, 5.34, -0.459, 3.234, 2.766, 932.0, 616.0, 819.0, 314.0, 383.0, 366.0, 250.0, -99999.0, -99999.0, 0.0
5255.0, 40.780681899833326, -111.94098944350002, 1290.611, 0.09, 21.5, 0.73, 289.29, 2.00723, 13174.2, 16.3947, 0.217584, -99999.0, 0.23713157479, 427.23097286, 1.9779584338, 1.19110958605, -52.007243542, -8.932162151, 1.9364011379800001, 426.9407049828, -99999.0, 63.6, 2.32, 2.73, 5.05, -0.459, 3.234, 2.766, 574.0, 653.0, 596.0, 622.0, 510.0, 605.0, 338.0, -99999.0, -99999.0, 0.0
5256.0, 40.780681933166676, -111.9409896165, 1290.595, 0.07, 21.5, 0.9, 295.3, 2.01001, 13251.2, 16.6951, 0.227756, -99999.0, 0.23713348133, 427.479021805, 1.9782744051, 1.1983338644, -99999.0, -99999.0, -99999.0, -99999.0, -99999.0, -99999.0, 2.3, 2.71, 5.01, -0.459, 3.234, 2.766, 1470.0, 751.0, 639.0, 506.0, 248.0, 247.0, 820.0, -99999.0, -99999.0, 0.0
5257.0, 40.780681962, -111.94098983533334, 1290.583, 0.06, 21.5, 0.64, 292.8, 2.0073, 13335.4, 16.5919, 0.236398, -99999.0, 0.2361586129, 427.65210805, 1.9782744051, 1.1983338644, -52.007243542, -8.932162151, 1.9364011379800001, 427.1200187997, -99999.0, 62.9, 2.22, 2.71, 4.94, -0.459, 3.234, 2.766, 1231.0, 591.0, 441.0, 609.0, 574.0, 749.0, 232.0, -99999.0, -99999.0, 0.0
5258.0, 40.78068199516667, -111.9409901405, 1290.588, 0.06, 21.6, 0.94, 273.61, 2.00746, 13394.2, 16.58, 0.251255, -99999.0, 0.23615630804499999, 427.64879813, 1.9783875903, 1.1829001412, -52.007243542, -7.7594909511, 1.9364011379800001, 427.3049013529, -99999.0, -99999.0, 2.22, 2.71, 4.94, -0.459, 3.234, 2.766, 1051.0, 554.0, 583.0, 698.0, 170.0, 177.0, -69.0, -99999.0, -99999.0, 0.0
5259.0, 40.78068204833334, -111.94099026716667, 1290.585, 0.08, 21.6, 1.45, 283.82, 2.00803, 13427.0, 16.4645, 0.187144, -99999.0, 0.23615400319, 426.96455881, 1.9783875903, 1.1829001412, -49.985425055, -7.7594909511, 1.9409831889950002, 427.3049013529, -99999.0, 62.9, 2.28, 2.71, 5.0, -0.459, 3.234, 2.766, 1482.0, 911.0, 584.0, 423.0, 298.0, 383.0, 287.0, -99999.0, -99999.0, 0.0
5260.0, 40.78068226366666, -111.94099035266666, 1290.561, 0.07, 21.7, 1.22, 288.92, 2.01127, 13439.0, 16.4639, 0.112181, -99999.0, 0.22206379734, 426.90695514000004, 1.97809156135, 1.1734341112, -99999.0, -99999.0, -99999.0, -99999.0, -99999.0, -99999.0, 2.31, 2.73, 5.04, -0.459, 3.234, 2.766, 968.0, 813.0, 801.0, 590.0, 701.0, 531.0, 324.0, -99999.0, -99999.0, 0.0
5261.0, 40.7806824435, -111.94099052133333, 1290.551, 0.14, 21.7, 0.99, 334.93, 2.00852, 13427.6, 16.7733, 0.170422, -99999.0, 0.22206024183, 426.513481395, 1.9777955324, 1.1639680812, -49.985425055, -7.7594909511, 1.9409831889950002, 427.16679578045, -99999.0, 64.1, 2.31, 2.73, 5.04, -0.459, 3.234, 2.766, 1207.0, 776.0, 571.0, 564.0, 446.0, 374.0, 445.0, -99999.0, -99999.0, 0.0
5262.0, 40.78068262083333, -111.94099062116666, 1290.541, 0.16, 21.7, 0.65, 322.04, 2.00856, 13391.4, 16.5298, 0.16679, -99999.0, 0.20276288795, 426.17761132, 1.9777955324, 1.1639680812, -49.985425055, -7.5180747941, 1.9409831889950002, 427.0298358948, -99999.0, -99999.0, 2.37, 2.72, 5.1, -0.459, 3.234, 2.766, 908.0, 1010.0, 292.0, 615.0, 694.0, 378.0, 630.0, -99999.0, -99999.0, 0.0
5263.0, 40.78068280083334, -111.94099077650002, 1290.519, 0.07, 21.7, 0.6, 238.85, 2.00776, 13362.9, 16.5865, 0.189302, -99999.0, 0.20276215017, 426.08819005, 1.9779274295, 1.1561683583, -53.899294699, -7.5180747941, 1.945618757488, 427.0298358948, -99999.0, 63.8, 2.41, 2.68, 5.09, -0.459, 3.234, 2.766, 1028.0, 665.0, 515.0, 327.0, 510.0, 383.0, 250.0, -99999.0, -99999.0, 0.0
5264.0, 40.780682958999996, -111.9409909325, 1290.509, 0.26, 21.7, -99999.0, -99999.0, 2.00861, 13318.0, 16.4151, 0.128257, -99999.0, 0.20276141239, 425.80001327, 1.9779274295, 1.1561683583, -99999.0, -99999.0, -99999.0, -99999.0, -99999.0, -99999.0, 2.41, 2.68, 5.09, -0.459, 3.234, 2.766, 801.0, 714.0, 695.0, 718.0, 680.0, 378.0, -130.0, -99999.0, -99999.0, 0.0
5265.0, 40.78068306466667, -111.9409910965, 1290.505, 0.08, 21.7, -99999.0, -99999.0, 2.00795, 13281.5, 16.5216, 0.138387, -99999.0, 0.19371533, 425.80001327, 1.9779274295, 1.1561683583, -53.899294699, -7.5180747941, 1.945618757488, 427.0870597774, -99999.0, 62.1, 2.45, 2.66, 5.1, -0.459, 3.234, 2.766, 1099.0, 862.0, 503.0, 615.0, 234.0, 646.0, 482.0, -99999.0, -99999.0, 0.0
5266.0, 40.78068316466666, -111.94099120633334, 1290.506, 0.17, 21.7, -99999.0, -99999.0, 2.00786, 13254.6, 16.321, 0.183452, -99999.0, 0.19371715215333332, 425.98575475999996, 1.9777417874, 1.1716241666, -53.899294699, -6.9806700119, 1.945618757488, 427.14683470129995, -99999.0, -99999.0, 2.43, 2.63, 5.06, -0.459, 3.234, 2.766, 1028.0, 763.0, 441.0, 590.0, 298.0, 341.0, 695.0, -99999.0, -99999.0, 0.0
5267.0, 40.7806833255, -111.94099137883335, 1290.49, 0.06, 21.7, -99999.0, -99999.0, 2.00828, 13225.8, 16.4493, 0.306572, -99999.0, 0.21027741473, 426.30606616, 1.9777417874, 1.1716241666, -53.396841779, -6.9806700119, 1.953711409571, 427.14683470129995, -99999.0, 62.2, 2.41, 2.6, 5.01, -0.459, 3.234, 2.766, 908.0, 554.0, 807.0, 711.0, 786.0, 560.0, 389.0, -99999.0, -99999.0, 0.0
5268.0, 40.780683477000004, -111.94099152599999, 1290.48, 0.05, 21.7, -99999.0, -99999.0, 2.00742, 13237.4, 16.5472, 0.337638, -99999.0, 0.21027741473, 426.35908185, 1.9776938403, 1.1720035067, -99999.0, -99999.0, -99999.0, -99999.0, -99999.0, -99999.0, 2.48, 2.56, 5.05, -0.459, 3.234, 2.766, 884.0, 628.0, 515.0, 115.0, 227.0, 374.0, 477.0, -99999.0, -99999.0, 0.0
5269.0, 40.7806835595, -111.94099169766666, 1290.476, 0.06, 21.7, -99999.0, -99999.0, 2.00764, 13272.8, 16.6787, 0.304782, -99999.0, 0.21027653125, 426.31763755, 1.9776938403, 1.1720035067, -53.396841779, -6.9806700119, 1.953711409571, 427.25492841169995, -99999.0, 62.6, 2.38, 2.56, 4.94, -0.459, 3.234, 2.766, 789.0, 579.0, 826.0, 711.0, 234.0, 309.0, 440.0, -99999.0, -99999.0, 0.0
5270.0, 40.78068363516666, -111.94099183033335, 1290.48, 0.13, 21.7, -99999.0, -99999.0, 2.00739, 13294.4, 16.6886, 0.285028, -99999.0, 0.21054534506, 426.27619325, 1.9776938403, 1.1720035067, -53.396841779, -7.665897323, 1.953711409571, 427.3597677263, -99999.0, -99999.0, 2.37, 2.55, 4.92, -0.459, 3.234, 2.766, 1016.0, 345.0, 881.0, 513.0, 404.0, 111.0, 111.0, -99999.0, -99999.0, 0.0
5271.0, 40.78068371966667, -111.9409919265, 1290.476, 0.22, 21.7, -99999.0, -99999.0, 2.00911, 13306.7, 16.6263, 0.239839, -99999.0, 0.210543917775, 426.22512797, 1.9774106119, 1.1563688771, -49.366593192, -7.665897323, 1.929342088968, 427.3597677263, -99999.0, 61.8, 2.38, 2.56, 4.94, -0.459, 3.234, 2.766, 1075.0, 776.0, 819.0, 423.0, 298.0, 568.0, 894.0, -99999.0, -99999.0, 0.0
5272.0, 40.78068374183333, -111.94099204216667, 1290.485, 0.08, 21.7, -99999.0, -99999.0, 2.0079, 13299.5, 17.0662, 0.160644, -99999.0, 0.21054249049, 425.66003005, 1.9774106119, 1.1563688771, -49.366593192, -7.665897323, 1.929342088968, 427.3597677263, -99999.0, -99999.0, 2.32, 2.59, 4.91, -0.459, 3.234, 2.766, 729.0, 837.0, 422.0, 404.0, 241.0, 243.0, 301.0, -99999.0, -99999.0, 0.0
5273.0, 40.780683766500005, -111.94099213733334, 1290.499, 0.14, 21.7, -99999.0, -99999.0, 2.0101, 13274.8, 16.7348, 0.187947, -99999.0, 0.19636787406, 425.62611269, 1.9772244371999999, 1.15403408215, -49.366593192, -7.665897323, 1.929342088968, 427.7251194247, -99999.0, 61.5, 2.33, 2.6, 4.93, -0.279, 3.016, 2.734, 992.0, 566.0, 422.0, 410.0, 694.0, 243.0, 445.0, -99999.0, -99999.0, 0.0
5274.0, 40.78068373633334, -111.94099226733333, 1290.511, 0.07, 21.7, -99999.0, -99999.0, 2.00925, 13251.4, 16.2547, 0.135536, -99999.0, 0.19636801822, 425.60862463499996, 1.9770382625, 1.1516992872, -49.366593192, -7.2832411622, 1.929342088968, 427.7269383528, -99999.0, -99999.0, 2.44, 2.59, 5.03, -0.279, 3.016, 2.734, 1362.0, 505.0, 677.0, 340.0, 765.0, 601.0, 14.0, -99999.0, -99999.0, 0.0
5275.0, 40.78068371183333, -111.940992391, 1290.523, 0.13, 21.7, -99999.0, -99999.0, 2.0072, 13230.6, 16.6692, 0.0666283, -99999.0, 0.21201050652, 425.62505394, 1.9770382625, 1.1516992872, -45.623759813, -7.2832411622, 1.933752458916, 427.7269383528, -99999.0, 62.8, 2.49, 2.6, 5.08, -0.279, 3.016, 2.734, 944.0, 1108.0, 584.0, 795.0, 135.0, 313.0, 134.0, -99999.0, -99999.0, 0.0
