arc_raw/USOS-ARL-Suite_ARC_20240727_RA.ict
71,1001
Xinrong Ren
NOAA Air Resources Lab
ARC-Suite
USOS: Utah Summer Ozone Study
1,1
2024,07,27,2024,07,27
1
StartTime_seconds, seconds, Start time in UTC seconds since midnight
38
1,1,1,1,1,1,1,1,1,1,1,1,1,1,1,1,1,1,1,1,1,1,1,1,1,1,1,1,1,1,1,1,1,1,1,1,1,1
-99999,-99999,-99999,-99999,-99999,-99999,-99999,-99999,-99999,-99999,-99999,-99999,-99999,-99999,-99999,-99999,-99999,-99999,-99999,-99999,-99999,-99999,-99999,-99999,-99999,-99999,-99999,-99999,-99999,-99999,-99999,-99999,-99999,-99999,-99999,-99999,-99999,-99999
lat_DGPS_deg, degrees, Latitude in decimal by Hemisphere VS1100 Differential GPS
lon_DGPS_deg, degrees, Longitude in decimal by Hemisphere VS1100 Differential GPS
alt_msl_m, meters, GPS Altitude MSL
speed_km_h, km/s, vehicle speed
RH, percent, relative humidity
true_WS_m_s, m/s, wind speed by 2D sonic sensor
true_WD_deg, degree, wind direction by 2D sonic sensor
CH4_aeris313_ppm, ppm, CH4 mixing ratio by Aeris
H2O_aeris313_ppm, ppm, H2O mixing ratio by Aeris
C2H6_aeris313_ppb, ppb, C2H6 mixing ratio by Aeris
r_aeris313, 1, relavence between CH4 and C2H6 by Aeris
C2C1_aeris313, 1, C2H6 to CH4 ratio by Aeris
CO_g2401m_ppm, ppm, CO mixing ratio by Picarro G2401m
CO2_g2401m_ppm, ppm, CO2 mixing ratio by Picarro G2401m
CH4_g2401m_ppm, ppm, CH4 mixing ratio by Picarro G2401m
H2O_g2401m, ppm, H2O mixing ratio by Picarro G2401m
delta13C_CH4_raw, permill, delta 13C of CH4 by Picarro G2201i
delta13C_CO2_raw, permill, delta 13C of CO2 by Picarro G2201i
CH4_g2201i_ppm, ppm, CH4 mixing ratio by Picarro G2201i
CO2_g2201i_ppm, ppm, CO2 mixing ratio by Picarro G2201i
NH3_g2301_ppb, ppb, NH3 mixing ratio by Picarro G2301
O3_2B_ppm, ppm, O3 mixing ratio by 2B
NO_G60_ppb, ppb, NO mixing ratio by G60
NO2_G60_ppb, ppb, NO2 mixing ratio by G60
NOx_G60_ppb, ppb, NOx mixing ratio by G60
NO_N500_ppb, ppb, NO mixing ratio by N500
NO2_N500_ppb, ppb, NO2 mixing ratio by N500
NOx_N500_ppb, ppb, NOx mixing ratio by N500
BC370_AE43_ng_m3, ng/m3, Black Carbon at 370 nm by AE43
BC470_AE43_ng_m3, ng/m3, Black Carbon at 470 nm by AE43
BC520_AE43_ng_m3, ng/m3, Black Carbon at 520 nm by AE43
BC590_AE43_ng_m3, ng/m3, Black Carbon at 590 nm by AE43
BC660_AE43_ng_m3, ng/m3, Black Carbon at 660 nm by AE43
BC880_AE43_ng_m3, ng/m3, Black Carbon at 880 nm by AE43
BC950_AE43_ng_m3, ng/m3, Black Carbon at 950 nm by AE43
PM25, ug/m3, PM2.5 by particle sensor
PM10, ug/m3, PM10 by particle sensor
Valve, boolian, indicator of valve conditions;0 is measurement; 10 is zeroing; 11 is spanning
1
SPECIAL COMMENTS, N/A
18
PI_CONTACT_INFO: xinrong.ren@noaa.gov, 301-683-1391, NOAA/ARL, 5830 University Research Court, College Park, MD 20740
PLATFORM: NOAA Air Resources Car
LOCATION: Salt Lake City
ASSOCIATED_DATA: N/A
INSTRUMENT_INFO: Hemisphere VS1100 differential GPS (Latitude, Longitude, GPS Altitude, speed), meteorological sensor (RH, WS, WD), 2B (O3), G60 CRDS (NO-NOx), Teledyne N500 (NO-NOx), Picarro G2401-m (CO2, CH4, CO, H2O), Picarro G2201i (CO2, CH4, d13C_CO2, d13C_CH4, H2O), Picarro 2301 (NH3), Aeris Ultra MIRA (CH4, C2H6, H2O, r, C2/C1), AE43 (Black Carbon), Partical sensor (PM2.5, PM10)
DATA_INFO: Records are reported at 1-second intervals. Hemisphere VS1100 differential GPS has 1-second ntervals. 2B O3 values are reported 2-second averages. G60 Cavity Rong Down NO-NO2-NO2 has 1-second average. Teledyne CAPS NO2 analyzer has 10-second time resolution. Picarro 2401m (CO2, CH4, CO, H2O) data has 2.5-second time resolution. Picarro 2201i (isotope) has ~5 second time resolution. Aeris Ultra MIRA has 1-second integration time. AE43 data are 10-second moving averages. Partical sensor has 10-second time resolution.
UNCERTAINTY: -99999, -99999, -99999, 15 m, -99999, -99999, -99999, -99999, 1 ppb, 100 ppm, 0.2 ppb, -99999, -99999, 5 ppb, 0.1 ppm, 1 ppb, 100 ppm, -99999, -99999, -99999, -99999, 2 ppb, 0.3 ppb, -99999, -99999, -99999, 0.05 ppb, 0.05 ppb, 0.05 ppb, 10 ng/m3, 10 ng/m3, 10 ng/m3, 10 ng/m3, 10 ng/m3, 10 ng/m3, 10 ng/m3, 10 ng/m3, 0
ULOD_FLAG: -77777
ULOD_VALUE: N/A
LLOD_FLAG: -88888
LLOD_VALUE: N/A
DM_CONTACT_INFO: Jiayang Sun; University of Maryland; jiayangs@umd.edu
PROJECT_INFO: USOS July - Aug 2024 https://deq.utah.gov/air-quality/utah-summer-ozone-study-usos
STIPULATIONS_ON_USE: Use of these data requires prior ok from PI.
OTHER_COMMENTS: N/A
REVISION: RA
RA: Preliminary Data for in-field use only.
StartTime_seconds, lat_DGPS_deg, lon_DGPS_deg, alt_msl_m, speed_km_h, RH, true_WS_m_s, true_WD_deg, CH4_aeris313_ppm, H2O_aeris313_ppm, C2H6_aeris313_ppb, r_aeris313, C2C1_aeris313, CO_g2401m_ppm, CO2_g2401m_ppm, CH4_g2401m_ppm, H2O_g2401m, delta13C_CH4_raw, delta13C_CO2_raw, CH4_g2201i_ppm, CO2_g2201i_ppm, NH3_g2301_ppb, O3_2B_ppm, NO_G60_ppb, NO2_G60_ppb, NOx_G60_ppb, NO_N500_ppb, NO2_N500_ppb, NOx_N500_ppb, BC370_AE43_ng_m3, BC470_AE43_ng_m3, BC520_AE43_ng_m3, BC590_AE43_ng_m3, BC660_AE43_ng_m3, BC880_AE43_ng_m3, BC950_AE43_ng_m3, PM25, PM10, Valve
[from data line 1431]
5031.0, 40.78065676533333, -111.940967906, 1293.221, 0.19, 24.3, -99999.0, -99999.0, -99999.0, -99999.0, -99999.0, -99999.0, -99999.0, 0.18319212854, 436.076488235, 2.0175557993, 1.4885633832, -51.112730377, -7.1015736547, 1.963361098928, 436.2744368155, -99999.0, 63.0, 28.82, 8.92, 37.74, -2.234, 5.094, 2.875, 897.0, 738.0, 414.0, 399.0, 676.0, 458.0, 774.0, -99999.0, -99999.0, 0.0
5032.0, 40.78065668333334, -111.94096786516666, 1293.222, 0.09, 24.3, -99999.0, -99999.0, -99999.0, -99999.0, -99999.0, -99999.0, -99999.0, 0.19812496335, 435.9697807, 2.0175557993, 1.4885633832, -51.112730377, -7.6504085683500005, 1.963361098928, 436.07843529185004, -99999.0, -99999.0, 28.86, 8.9, 37.77, -2.234, 5.094, 2.875, 885.0, 852.0, 717.0, 569.0, 512.0, 343.0, 542.0, -99999.0, -99999.0, 0.0
5033.0, 40.78065661350001, -111.94096778366665, 1293.214, 0.17, 24.3, -99999.0, -99999.0, -99999.0, -99999.0, -99999.0, -99999.0, -99999.0, 0.198125356415, 435.96354717, 2.0167253045, 1.4832934563, -99999.0, -99999.0, -99999.0, -99999.0, -99999.0, -99999.0, 28.86, 8.89, 37.75, -2.234, 5.094, 2.875, 836.0, 780.0, 556.0, 590.0, 369.0, 490.0, 111.0, -99999.0, -99999.0, 0.0
5034.0, 40.780656528166666, -111.94096772366666, 1293.217, 0.07, 24.4, -99999.0, -99999.0, -99999.0, -99999.0, -99999.0, -99999.0, -99999.0, 0.19812574948, 436.02376458, 2.0167253045, 1.4832934563, -54.678143733, -8.199243482, 1.970466321577, 436.07577549580003, -99999.0, 61.8, 28.93, 8.88, 37.8, -2.234, 5.094, 2.875, 1051.0, 699.0, 802.0, 536.0, 675.0, 317.0, 527.0, -99999.0, -99999.0, 0.0
5035.0, 40.78065645466667, -111.9409676205, 1293.207, 0.14, 24.4, -99999.0, -99999.0, -99999.0, -99999.0, -99999.0, -99999.0, -99999.0, 0.18694118517, 435.97007037000003, 2.0154954800500002, 1.47029298055, -54.678143733, -8.199243482, 1.970466321577, 436.07577549580003, -99999.0, 64.7, 28.88, 8.9, 37.78, -2.234, 5.094, 2.875, 815.0, 618.0, 427.0, 355.0, 431.0, 368.0, 657.0, -99999.0, -99999.0, 0.0
5036.0, 40.780656424499995, -111.94096752716665, 1293.191, 0.05, 24.4, -99999.0, -99999.0, -99999.0, -99999.0, -99999.0, -99999.0, -99999.0, 0.18693262807, 435.385840275, 2.0142656556, 1.4572925048, -54.678143733, -7.611906552, 1.970466321577, 435.8889271712, -99999.0, -99999.0, 28.93, 8.89, 37.82, -1.852, 5.094, 3.25, 999.0, 733.0, 547.0, 426.0, 502.0, 522.0, 685.0, -99999.0, -99999.0, 0.0
5037.0, 40.780656390500006, -111.94096741233334, 1293.175, 0.13, 24.4, -99999.0, -99999.0, -99999.0, -99999.0, -99999.0, -99999.0, -99999.0, 0.1791697653, 434.85530439, 2.0142656556, 1.4572925048, -44.987822872, -7.024569622, 1.941879896539, 435.8917723198, -99999.0, -99999.0, 28.95, 8.92, 37.87, -1.852, 5.094, 3.25, 798.0, 668.0, 495.0, 481.0, 706.0, 97.0, 563.0, -99999.0, -99999.0, 0.0
5038.0, 40.780656347333334, -111.940967318, 1293.166, 0.11, 24.4, -99999.0, -99999.0, -99999.0, -99999.0, -99999.0, -99999.0, -99999.0, 0.179169163205, 434.76643802, 2.0118466558, 1.4573268167, -99999.0, -99999.0, -99999.0, -99999.0, -99999.0, 67.2, 28.92, 8.95, 37.87, -1.852, 5.094, 3.25, 992.0, 755.0, 666.0, 437.0, 625.0, 497.0, 681.0, -99999.0, -99999.0, 0.0
5039.0, 40.780656353833336, -111.94096721183332, 1293.15, 0.11, 24.4, -99999.0, -99999.0, -99999.0, -99999.0, -99999.0, -99999.0, -99999.0, 0.17916856111, 434.60507686, 2.0118466558, 1.4573268167, -44.987822872, -7.024569622, 1.941879896539, 435.9666650155, -99999.0, 68.2, 28.94, 8.97, 37.91, -1.852, 5.094, 3.25, 889.0, 536.0, 589.0, 459.0, 317.0, 298.0, 22.0, -99999.0, -99999.0, 0.0
5040.0, 40.78065639966667, -111.94096712566667, 1293.133, 0.08, 24.3, -99999.0, -99999.0, -99999.0, -99999.0, -99999.0, -99999.0, -99999.0, 0.1954369262, 434.60507686, 2.0118466558, 1.4573268167, -44.987822872, -7.7813807635, 1.941879896539, 436.03789034420004, -99999.0, -99999.0, 28.95, 8.99, 37.94, -1.852, 5.094, 3.25, 765.0, 629.0, 715.0, 770.0, 800.0, 290.0, 708.0, -99999.0, -99999.0, 0.0
5041.0, 40.78065649866667, -111.94096705483335, 1293.106, 0.04, 24.3, -99999.0, -99999.0, -99999.0, -99999.0, -99999.0, -99999.0, -99999.0, 0.19543844235333332, 434.77957569, 2.0128097337, 1.4744285406, -56.149956135, -7.7813807635, 1.971861740529, 436.03789034420004, -99999.0, -99999.0, 28.95, 9.02, 37.96, -1.852, 5.094, 3.25, 981.0, 700.0, 497.0, 443.0, 819.0, 419.0, 702.0, -99999.0, -99999.0, 0.0
5042.0, 40.78065658583334, -111.94096694733335, 1293.084, 0.1, 24.3, -99999.0, -99999.0, -99999.0, -99999.0, -99999.0, -99999.0, -99999.0, 0.18944209148, 435.01131881, 2.0128097337, 1.4744285406, -99999.0, -99999.0, -99999.0, -99999.0, -99999.0, 69.8, 28.98, 8.98, 37.96, -1.852, 5.094, 3.25, 827.0, 754.0, 554.0, 491.0, 544.0, 413.0, 150.0, -99999.0, -99999.0, 0.0
5043.0, 40.78065661216666, -111.94096685783333, 1293.069, 0.17, 24.4, -99999.0, -99999.0, -99999.0, -99999.0, -99999.0, -99999.0, -99999.0, 0.189442786515, 435.13663872, 2.0126947824, 1.4939070893, -56.149956135, -7.7813807635, 1.971861740529, 435.98309076955, -99999.0, 69.7, 28.98, 8.95, 37.93, -1.852, 5.094, 3.25, 1043.0, 712.0, 532.0, 552.0, 696.0, 322.0, 426.0, -99999.0, -99999.0, 0.0
5044.0, 40.78065660783333, -111.94096675866668, 1293.06, 0.07, 24.5, -99999.0, -99999.0, -99999.0, -99999.0, -99999.0, -99999.0, -99999.0, 0.18944348155, 435.30905754, 2.0126947824, 1.4939070893, -56.149956135, -8.163463572, 1.971861740529, 435.9264401575, -99999.0, -99999.0, 28.96, 8.92, 37.88, -1.852, 5.094, 3.25, 857.0, 572.0, 525.0, 465.0, 318.0, 489.0, 127.0, -99999.0, -99999.0, 0.0
5045.0, 40.78065667400001, -111.94096666616666, 1293.047, 0.05, 24.6, -99999.0, -99999.0, -99999.0, -99999.0, -99999.0, -99999.0, -99999.0, 0.18020296725, 435.30905754, 2.0126947824, 1.4939070893, -48.058787252, -8.163463572, 1.9581812437819999, 435.9264401575, -99999.0, -99999.0, 28.93, 8.87, 37.8, -1.852, 5.094, 3.25, 917.0, 725.0, 476.0, 567.0, 431.0, 631.0, 162.0, -99999.0, -99999.0, 0.0
5046.0, 40.780656767500005, -111.94096662766667, 1293.036, 0.34, 24.7, -99999.0, -99999.0, -99999.0, -99999.0, -99999.0, -99999.0, -99999.0, 0.18020407967000002, 435.3416203, 2.0124901512, 1.4839227533, -99999.0, -99999.0, -99999.0, -99999.0, -99999.0, 66.9, 28.94, 8.85, 37.78, -1.852, 5.094, 3.25, 919.0, 636.0, 722.0, 339.0, 553.0, 504.0, 270.0, -99999.0, -99999.0, 0.0
5047.0, 40.78065683733333, -111.94096653583334, 1293.023, 0.18, 24.8, -99999.0, -99999.0, -99999.0, -99999.0, -99999.0, -99999.0, -99999.0, 0.18589363208499998, 435.47607941, 2.0124901512, 1.4839227533, -48.058787252, -8.163463572, 1.9581812437819999, 436.00879386055, -99999.0, 65.6, 28.9, 8.8, 37.7, -1.852, 5.094, 3.25, 856.0, 760.0, 713.0, 465.0, 421.0, 470.0, 563.0, -99999.0, -99999.0, 0.0
5048.0, 40.78065694133334, -111.94096650316666, 1293.01, 0.13, 24.9, -99999.0, -99999.0, -99999.0, -99999.0, -99999.0, -99999.0, -99999.0, 0.19158207208, 435.45862307, 2.0123797028, 1.4888160309, -48.058787252, -7.4277856991, 1.9581812437819999, 436.0947129732, -99999.0, -99999.0, 28.9, 8.78, 37.67, -1.852, 5.094, 3.25, 1102.0, 623.0, 628.0, 503.0, 430.0, 639.0, 370.0, -99999.0, -99999.0, 0.0
5049.0, 40.7806570605, -111.94096648216667, 1292.991, 0.06, 25.1, -99999.0, -99999.0, -99999.0, -99999.0, -99999.0, -99999.0, -99999.0, 0.19158514579, 435.681019995, 2.0123797028, 1.4888160309, -47.281205301, -7.4277856991, 1.953420873475, 436.0947129732, -99999.0, -99999.0, 28.85, 8.75, 37.6, -1.852, 5.094, 3.25, 949.0, 805.0, 569.0, 388.0, 451.0, 717.0, 513.0, -99999.0, -99999.0, 0.0
5050.0, 40.780657125833336, -111.94096646366667, 1292.979, 0.15, 25.2, -99999.0, -99999.0, -99999.0, -99999.0, -99999.0, -99999.0, -99999.0, 0.18871027895, 435.90341692, 2.0123797028, 1.4888160309, -99999.0, -99999.0, -99999.0, -99999.0, -99999.0, 66.6, 28.87, 8.72, 37.6, -1.852, 5.094, 3.25, 837.0, 805.0, 765.0, 650.0, 308.0, 666.0, 527.0, -99999.0, -99999.0, 0.0
5051.0, 40.78065722183334, -111.94096644799998, 1292.966, 0.04, 25.3, -99999.0, -99999.0, -99999.0, -99999.0, -99999.0, -99999.0, -99999.0, 0.18870971661000002, 435.95922499, 2.0138375759, 1.5001792788, -47.281205301, -7.4277856991, 1.953420873475, 435.7199918574, -99999.0, 65.0, 28.84, 8.72, 37.56, -1.852, 5.094, 3.25, 981.0, 645.0, 815.0, 666.0, 563.0, 716.0, 415.0, -99999.0, -99999.0, 0.0
5052.0, 40.780657307333335, -111.9409664445, 1292.952, 0.07, 25.4, -99999.0, -99999.0, -99999.0, -99999.0, -99999.0, -99999.0, -99999.0, 0.18870915427, 435.82013536, 2.0138375759, 1.5001792788, -47.281205301, -7.0944826746, 1.953420873475, 435.3468832946, -99999.0, -99999.0, 28.85, 8.68, 37.53, -1.852, 5.094, 3.25, 828.0, 798.0, 730.0, 623.0, 748.0, 400.0, 553.0, -99999.0, -99999.0, 0.0
5053.0, 40.78065738633333, -111.94096641850001, 1292.942, 0.09, 25.4, -99999.0, -99999.0, -99999.0, -99999.0, -99999.0, -99999.0, -99999.0, 0.19939592973, 435.82655462499997, 2.01535941125, 1.4963672523999998, -39.138565779, -7.0944826746, 1.933241098898, 435.3468832946, -99999.0, -99999.0, 28.84, 8.67, 37.51, -1.852, 5.094, 3.25, 837.0, 754.0, 682.0, 590.0, 369.0, 781.0, 665.0, -99999.0, -99999.0, 0.0
5054.0, 40.780657528166664, -111.94096640783333, 1292.925, 0.09, 25.5, -99999.0, -99999.0, -99999.0, -99999.0, -99999.0, -99999.0, -99999.0, 0.19939257285, 435.67505356000004, 2.0168812466, 1.492555226, -39.138565779, -7.0944826746, 1.933241098898, 435.3468832946, -99999.0, 62.1, 28.77, 8.66, 37.43, -1.852, 5.094, 3.25, 939.0, 675.0, 388.0, 655.0, 399.0, 464.0, 551.0, -99999.0, -99999.0, 0.0
5055.0, 40.78065763749999, -111.940966426, 1292.916, 0.2, 25.5, -99999.0, -99999.0, -99999.0, -99999.0, -99999.0, -99999.0, -99999.0, 0.18024317454, 435.51713323, 2.0168812466, 1.492555226, -39.138565779, -7.0944826746, 1.933241098898, 435.0196856067, -99999.0, 63.7, 28.78, 8.63, 37.41, -1.852, 5.094, 3.25, 970.0, 552.0, 423.0, 623.0, 543.0, 523.0, 374.0, -99999.0, -99999.0, 0.0
5056.0, 40.780657826500004, -111.94096645666666, 1292.9, 0.06, 25.4, -99999.0, -99999.0, -99999.0, -99999.0, -99999.0, -99999.0, -99999.0, 0.180240329945, 435.36928536, 2.017516119, 1.4570821124, -39.138565779, -7.3668295848, 1.933241098898, 435.0183689557, -99999.0, -99999.0, 28.77, 8.61, 37.37, -1.852, 5.094, 3.25, 941.0, 886.0, 645.0, 748.0, 686.0, 703.0, 394.0, -99999.0, -99999.0, 0.0
5057.0, 40.78065800666666, -111.94096650283333, 1292.884, 0.08, 25.2, -99999.0, -99999.0, -99999.0, -99999.0, -99999.0, -99999.0, -99999.0, 0.18023748535, 434.61928234, 2.017516119, 1.4570821124, -52.453940578, -7.3668295848, 1.9642870535649999, 435.0183689557, -99999.0, -99999.0, 28.76, 8.56, 37.32, -1.852, 5.094, 3.25, 723.0, 605.0, 551.0, 519.0, 235.0, 542.0, 289.0, -99999.0, -99999.0, 0.0
5058.0, 40.78065814299999, -111.94096652683332, 1292.864, 0.06, 25.0, -99999.0, -99999.0, -99999.0, -99999.0, -99999.0, -99999.0, -99999.0, 0.17718201298, 434.61928234, 2.017516119, 1.4570821124, -52.453940578, -7.3668295848, 1.9642870535649999, 435.0183689557, -99999.0, 68.4, 28.78, 8.51, 37.3, -1.852, 5.438, 3.312, 927.0, 625.0, 545.0, 519.0, 451.0, 258.0, 783.0, -99999.0, -99999.0, 0.0
5059.0, 40.780658338166674, -111.94096654966667, 1292.837, 0.19, 24.7, -99999.0, -99999.0, -99999.0, -99999.0, -99999.0, -99999.0, -99999.0, 0.17717777614666666, 434.08862589, 2.0123167543, 1.4192354081999998, -52.453940578, -7.3668295848, 1.9642870535649999, 434.8531371731, -99999.0, 71.4, 28.82, 8.49, 37.31, -2.141, 5.438, 3.312, 928.0, 698.0, 447.0, 503.0, 686.0, 387.0, 258.0, -99999.0, -99999.0, 0.0
5060.0, 40.78065851183334, -111.94096655933332, 1292.824, 0.13, 24.6, -99999.0, -99999.0, -99999.0, -99999.0, -99999.0, -99999.0, -99999.0, 0.16849153315, 433.52895623, 2.0123167543, 1.4192354082, -52.453940578, -6.723069314, 1.9642870535649999, 434.856248226, -99999.0, -99999.0, 28.81, 8.47, 37.28, -2.141, 5.438, 3.312, 895.0, 721.0, 527.0, 667.0, 594.0, 659.0, 385.0, -99999.0, -99999.0, 0.0
5061.0, 40.78065871416667, -111.94096655666665, 1292.802, 0.12, 24.5, -99999.0, -99999.0, -99999.0, -99999.0, -99999.0, -99999.0, -99999.0, 0.16849040924, 433.40584255, 2.0096438623, 1.4209779579, -45.51979686, -6.723069314, 1.9518089057199999, 434.856248226, -99999.0, -99999.0, 28.79, 8.44, 37.23, -2.141, 5.438, 3.312, 823.0, 661.0, 517.0, 409.0, 707.0, -90.0, 652.0, -99999.0, -99999.0, 0.0
5062.0, 40.78065893583334, -111.94096654366668, 1292.772, 0.18, 24.3, -99999.0, -99999.0, -99999.0, -99999.0, -99999.0, -99999.0, -99999.0, 0.16848928533, 433.11913796, 2.0096438623, 1.4209779579, -45.51979686, -6.723069314, 1.9518089057199999, 434.856248226, -99999.0, 72.9, 28.82, 8.4, 37.22, -2.141, 5.438, 3.312, 876.0, 619.0, 813.0, 547.0, 400.0, 776.0, 270.0, -99999.0, -99999.0, 0.0
5063.0, 40.780659129333344, -111.94096654833332, 1292.753, 0.15, 24.3, -99999.0, -99999.0, -99999.0, -99999.0, -99999.0, -99999.0, -99999.0, 0.18013332212, 433.11913796, 2.0096438623, 1.4209779579, -45.51979686, -6.723069314, 1.9518089057199999, 435.1877743284, -99999.0, 74.1, 28.78, 8.37, 37.15, -2.141, 5.438, 3.312, 879.0, 785.0, 495.0, 655.0, 358.0, 684.0, 391.0, -99999.0, -99999.0, 0.0
5064.0, 40.78065940983334, -111.94096653516665, 1292.731, 0.11, 24.2, -99999.0, -99999.0, -99999.0, -99999.0, -99999.0, -99999.0, -99999.0, 0.18013528792666667, 433.21611132666663, 2.0073452312, 1.4106786091000003, -45.51979686, -7.013962695, 1.9518089057199999, 435.18636747749997, -99999.0, -99999.0, 28.84, 8.28, 37.12, -2.141, 5.438, 3.312, 817.0, 677.0, 622.0, 366.0, 460.0, 271.0, 637.0, -99999.0, -99999.0, 0.0
5065.0, 40.78065968683333, -111.94096653633332, 1292.711, 0.33, 24.2, -99999.0, -99999.0, -99999.0, -99999.0, -99999.0, -99999.0, -99999.0, 0.16839627831, 433.46840102, 2.0073452312, 1.4106786091, -59.681724739, -7.013962695, 1.9737859061549998, 435.18636747749997, -99999.0, -99999.0, 28.82, 8.21, 37.03, -2.141, 5.438, 3.312, 1014.0, 593.0, 787.0, 699.0, 708.0, 652.0, 295.0, -99999.0, -99999.0, 0.0
5066.0, 40.78065998533333, -111.94096650600001, 1292.679, 0.1, 24.1, -99999.0, -99999.0, -99999.0, -99999.0, -99999.0, -99999.0, -99999.0, 0.16839627831, 433.44701446, 2.0065326562, 1.4147072943, -59.681724739, -7.013962695, 1.9737859061549998, 435.18636747749997, -99999.0, 75.2, 28.78, 8.13, 36.92, -2.141, 5.438, 3.312, 766.0, 775.0, 687.0, 524.0, 522.0, 439.0, 331.0, -99999.0, -99999.0, 0.0
5067.0, 40.78066023383334, -111.94096650750001, 1292.659, 0.08, 24.0, -99999.0, -99999.0, -99999.0, -99999.0, -99999.0, -99999.0, -99999.0, 0.16840014948, 433.733488855, 2.0065326562, 1.4147072943, -59.681724739, -7.013962695, 1.9737859061549998, 434.6726714246, -99999.0, 75.7, 28.78, 8.07, 36.85, -2.141, 5.438, 3.312, 879.0, 667.0, 609.0, 738.0, 369.0, 709.0, 695.0, -99999.0, -99999.0, 0.0
5068.0, 40.78066051933334, -111.94096648566668, 1292.624, 0.21, 24.0, -99999.0, -99999.0, -99999.0, -99999.0, -99999.0, -99999.0, -99999.0, 0.17474612737, 434.01996325, 2.0065326562, 1.4147072943, -59.681724739, -7.5814938207, 1.9737859061549998, 434.6699299076, -99999.0, -99999.0, 28.78, 8.07, 36.85, -2.141, 5.438, 3.312, 970.0, 761.0, 763.0, 491.0, 308.0, 413.0, 548.0, -99999.0, -99999.0, 0.0
5069.0, 40.780660809666664, -111.94096646966666, 1292.585, 0.17, 24.0, -99999.0, -99999.0, -99999.0, -99999.0, -99999.0, -99999.0, -99999.0, 0.174743798625, 434.05530695, 2.0075398285, 1.4210259186, -50.784832363, -7.5814938207, 1.9590637845399999, 434.6699299076, -99999.0, -99999.0, 28.78, 7.92, 36.7, -2.141, 5.438, 3.312, 1036.0, 748.0, 673.0, 890.0, 758.0, 781.0, 660.0, -99999.0, -99999.0, 0.0
5070.0, 40.780661107, -111.94096645933332, 1292.551, 0.13, 24.0, -99999.0, -99999.0, -99999.0, -99999.0, -99999.0, -99999.0, -99999.0, 0.17474146988, 433.46324267, 2.0075398285, 1.4210259186, -50.784832363, -7.5814938207, 1.9590637845399999, 434.6699299076, -99999.0, 75.1, 28.78, 7.92, 36.7, -2.141, 5.438, 3.312, 860.0, 797.0, 365.0, 475.0, 665.0, 290.0, 542.0, -99999.0, -99999.0, 0.0
