arc_raw/USOS-ARL-Suite_ARC_20240723_RA.ict
71,1001
Xinrong Ren
NOAA Air Resources Lab
ARC-Suite
USOS: Utah Summer Ozone Study
1,1
2024,07,23,2024,07,23
1
StartTime_seconds, seconds, Start time in UTC seconds since midnight
38
1,1,1,1,1,1,1,1,1,1,1,1,1,1,1,1,1,1,1,1,1,1,1,1,1,1,1,1,1,1,1,1,1,1,1,1,1,1
-99999,-99999,-99999,-99999,-99999,-99999,-99999,-99999,-99999,-99999,-99999,-99999,-99999,-99999,-99999,-99999,-99999,-99999,-99999,-99999,-99999,-99999,-99999,-99999,-99999,-99999,-99999,-99999,-99999,-99999,-99999,-99999,-99999,-99999,-99999,-99999,-99999,-99999
lat_DGPS_deg, degrees, Latitude in decimal by Hemisphere VS1100 Differential GPS
lon_DGPS_deg, degrees, Longitude in decimal by Hemisphere VS1100 Differential GPS
alt_msl_m, meters, GPS Altitude MSL
speed_km_h, km/s, vehicle speed
RH, percent, relative humidity
true_WS_m_s, m/s, wind speed by 2D sonic sensor
true_WD_deg, degree, wind direction by 2D sonic sensor
CH4_aeris313_ppm, ppm, CH4 mixing ratio by Aeris
H2O_aeris313_ppm, ppm, H2O mixing ratio by Aeris
C2H6_aeris313_ppb, ppb, C2H6 mixing ratio by Aeris
r_aeris313, 1, relavence between CH4 and C2H6 by Aeris
C2C1_aeris313, 1, C2H6 to CH4 ratio by Aeris
CO_g2401m_ppm, ppm, CO mixing ratio by Picarro G2401m
CO2_g2401m_ppm, ppm, CO2 mixing ratio by Picarro G2401m
CH4_g2401m_ppm, ppm, CH4 mixing ratio by Picarro G2401m
H2O_g2401m, ppm, H2O mixing ratio by Picarro G2401m
delta13C_CH4_raw, permill, delta 13C of CH4 by Picarro G2201i
delta13C_CO2_raw, permill, delta 13C of CO2 by Picarro G2201i
CH4_g2201i_ppm, ppm, CH4 mixing ratio by Picarro G2201i
CO2_g2201i_ppm, ppm, CO2 mixing ratio by Picarro G2201i
NH3_g2301_ppb, ppb, NH3 mixing ratio by Picarro G2301
O3_2B_ppm, ppm, O3 mixing ratio by 2B
NO_G60_ppb, ppb, NO mixing ratio by G60
NO2_G60_ppb, ppb, NO2 mixing ratio by G60
NOx_G60_ppb, ppb, NOx mixing ratio by G60
NO_N500_ppb, ppb, NO mixing ratio by N500
NO2_N500_ppb, ppb, NO2 mixing ratio by N500
NOx_N500_ppb, ppb, NOx mixing ratio by N500
BC370_AE43_ng_m3, ng/m3, Black Carbon at 370 nm by AE43
BC470_AE43_ng_m3, ng/m3, Black Carbon at 470 nm by AE43
BC520_AE43_ng_m3, ng/m3, Black Carbon at 520 nm by AE43
BC590_AE43_ng_m3, ng/m3, Black Carbon at 590 nm by AE43
BC660_AE43_ng_m3, ng/m3, Black Carbon at 660 nm by AE43
BC880_AE43_ng_m3, ng/m3, Black Carbon at 880 nm by AE43
BC950_AE43_ng_m3, ng/m3, Black Carbon at 950 nm by AE43
PM25, ug/m3, PM2.5 by particle sensor
PM10, ug/m3, PM10 by particle sensor
Valve, boolian, indicator of valve conditions;0 is measurement; 10 is zeroing; 11 is spanning
1
SPECIAL COMMENTS, N/A
18
PI_CONTACT_INFO: xinrong.ren@noaa.gov, 301-683-1391, NOAA/ARL, 5830 University Research Court, College Park, MD 20740
PLATFORM: NOAA Air Resources Car
LOCATION: Salt Lake City
ASSOCIATED_DATA: N/A
INSTRUMENT_INFO: Hemisphere VS1100 differential GPS (Latitude, Longitude, GPS Altitude, speed), meteorological sensor (RH, WS, WD), 2B (O3), G60 CRDS (NO-NOx), Teledyne N500 (NO-NOx), Picarro G2401-m (CO2, CH4, CO, H2O), Picarro G2201i (CO2, CH4, d13C_CO2, d13C_CH4, H2O), Picarro 2301 (NH3), Aeris Ultra MIRA (CH4, C2H6, H2O, r, C2/C1), AE43 (Black Carbon), Partical sensor (PM2.5, PM10)
DATA_INFO: Records are reported at 1-second intervals. Hemisphere VS1100 differential GPS has 1-second ntervals. 2B O3 values are reported 2-second averages. G60 Cavity Rong Down NO-NO2-NO2 has 1-second average. Teledyne CAPS NO2 analyzer has 10-second time resolution. Picarro 2401m (CO2, CH4, CO, H2O) data has 2.5-second time resolution. Picarro 2201i (isotope) has ~5 second time resolution. Aeris Ultra MIRA has 1-second integration time. AE43 data are 10-second moving averages. Partical sensor has 10-second time resolution.
UNCERTAINTY: -99999, -99999, -99999, 15 m, -99999, -99999, -99999, -99999, 1 ppb, 100 ppm, 0.2 ppb, -99999, -99999, 5 ppb, 0.1 ppm, 1 ppb, 100 ppm, -99999, -99999, -99999, -99999, 2 ppb, 0.3 ppb, -99999, -99999, -99999, 0.05 ppb, 0.05 ppb, 0.05 ppb, 10 ng/m3, 10 ng/m3, 10 ng/m3, 10 ng/m3, 10 ng/m3, 10 ng/m3, 10 ng/m3, 10 ng/m3, 0
ULOD_FLAG: -77777
ULOD_VALUE: N/A
LLOD_FLAG: -88888
LLOD_VALUE: N/A
DM_CONTACT_INFO: Jiayang Sun; University of Maryland; jiayangs@umd.edu
PROJECT_INFO: USOS July - Aug 2024 https://deq.utah.gov/air-quality/utah-summer-ozone-study-usos
STIPULATIONS_ON_USE: Use of these data requires prior ok from PI.
OTHER_COMMENTS: N/A
REVISION: RA
RA: Preliminary Data for in-field use only.
StartTime_seconds, lat_DGPS_deg, lon_DGPS_deg, alt_msl_m, speed_km_h, RH, true_WS_m_s, true_WD_deg, CH4_aeris313_ppm, H2O_aeris313_ppm, C2H6_aeris313_ppb, r_aeris313, C2C1_aeris313, CO_g2401m_ppm, CO2_g2401m_ppm, CH4_g2401m_ppm, H2O_g2401m, delta13C_CH4_raw, delta13C_CO2_raw, CH4_g2201i_ppm, CO2_g2201i_ppm, NH3_g2301_ppb, O3_2B_ppm, NO_G60_ppb, NO2_G60_ppb, NOx_G60_ppb, NO_N500_ppb, NO2_N500_ppb, NOx_N500_ppb, BC370_AE43_ng_m3, BC470_AE43_ng_m3, BC520_AE43_ng_m3, BC590_AE43_ng_m3, BC660_AE43_ng_m3, BC880_AE43_ng_m3, BC950_AE43_ng_m3, PM25, PM10, Valve
[from data line 2351]
2351.0, 40.78069928216666, -111.94099439116665, 1288.801, 0.05, 15.0, -99999.0, -99999.0, 2.02405, 12684.2, 18.329, -0.132646, -99999.0, -99999.0, -99999.0, -99999.0, -99999.0, -46.229034339, -5.82994209515, 1.94607221303, 419.59529521265, -99999.0, -99999.0, 27.44, 1.67, 29.11, -0.898, 0.555, -0.34, 614.0, 428.0, 656.0, 545.0, 485.0, 366.0, 321.0, 5.82, 6.4, 0.0
2352.0, 40.78069928433333, -111.94099436216666, 1288.797, 0.06, 15.0, -99999.0, -99999.0, 2.02415, 12632.7, 18.0068, -0.121615, -99999.0, -99999.0, -99999.0, -99999.0, -99999.0, -99999.0, -99999.0, -99999.0, -99999.0, -99999.0, 68.3, 27.46, 1.68, 29.14, -0.898, 0.555, -0.34, 548.0, 248.0, 507.0, 457.0, 228.0, 436.0, -117.0, 6.34, 10.48, 0.0
2353.0, 40.78069929416666, -111.94099433883333, 1288.798, 0.05, 15.0, -99999.0, -99999.0, 2.02191, 12533.1, 18.5005, -0.317608, -99999.0, -99999.0, -99999.0, -99999.0, -99999.0, -50.970921303, -6.4875573986, 1.947972910119, 419.5922287638, -99999.0, 67.4, 27.41, 1.72, 29.13, -0.898, 0.555, -0.34, 688.0, 400.0, 358.0, 561.0, 778.0, 436.0, 464.0, 5.63, 6.58, 0.0
2354.0, 40.780699304, -111.9409942715, 1288.795, 0.01, 15.0, -99999.0, -99999.0, 2.02175, 12403.5, 18.171, -0.3115, -99999.0, -99999.0, -99999.0, -99999.0, -99999.0, -50.970921303, -6.4875573986, 1.947972910119, 419.6531727837, -99999.0, -99999.0, 27.41, 1.74, 29.16, -0.898, 0.555, -0.34, 548.0, 540.0, 507.0, 269.0, 396.0, 154.0, 709.0, 5.31, 5.31, 0.0
2355.0, 40.78069927716667, -111.94099425, 1288.795, 0.23, 15.0, -99999.0, -99999.0, 2.02274, 12293.6, 18.0171, -0.287831, -99999.0, -99999.0, -99999.0, -99999.0, -99999.0, -50.970921303, -5.5540726731, 1.947972910119, 419.7184708913, -99999.0, -99999.0, 27.44, 1.74, 29.18, -0.898, 0.555, -0.34, 483.0, 591.0, 298.0, 577.0, 253.0, 657.0, 413.0, 4.98, 4.98, 0.0
2356.0, 40.78069928216666, -111.94099422233333, 1288.792, 0.03, 15.0, -99999.0, -99999.0, 2.02431, 12189.7, 17.8379, -0.344457, -99999.0, -99999.0, -99999.0, -99999.0, -99999.0, -51.168837459, -5.5540726731, 1.961400751819, 419.7184708913, -99999.0, 67.7, 27.41, 1.74, 29.15, -0.898, 0.555, -0.34, 744.0, 484.0, 179.0, 630.0, 496.0, 362.0, 449.0, 5.73, 5.73, 0.0
2357.0, 40.780699285666664, -111.940994153, 1288.788, 0.07, 14.8, -99999.0, -99999.0, 2.02396, 12112.8, 18.1073, -0.331582, -99999.0, -99999.0, -99999.0, -99999.0, -99999.0, -99999.0, -99999.0, -99999.0, -99999.0, -99999.0, 70.2, 27.42, 1.72, 29.14, -0.898, 0.555, -0.34, 604.0, 839.0, 388.0, 545.0, 293.0, 362.0, 235.0, 5.73, 5.73, 0.0
2358.0, 40.78069926533333, -111.94099408933334, 1288.785, 0.08, 14.8, -99999.0, -99999.0, 2.0253, 12055.7, 18.1496, -0.336162, -99999.0, -99999.0, -99999.0, -99999.0, -99999.0, -51.168837459, -5.5540726731, 1.961400751819, 419.55631490825, -99999.0, -99999.0, 27.44, 1.72, 29.16, -0.898, 0.555, -0.34, 679.0, 270.0, 268.0, 545.0, 64.0, 216.0, 199.0, 5.25, 12.03, 0.0
2359.0, 40.780699267833334, -111.94099402633334, 1288.776, 0.06, 14.7, -99999.0, -99999.0, 2.02392, 12015.4, 17.9968, -0.319756, -99999.0, -99999.0, -99999.0, -99999.0, -99999.0, -51.168837459, -7.0706350047, 1.961400751819, 419.3870906325, -99999.0, -99999.0, 27.5, 1.71, 29.21, -0.898, 0.555, -0.34, 409.0, 439.0, 447.0, 338.0, 585.0, 657.0, -20.0, 5.4, 5.4, 0.0
2360.0, 40.78069923583334, -111.94099396349999, 1288.771, 0.14, 14.6, -99999.0, -99999.0, 2.02394, 11974.8, 18.1306, -0.225004, -99999.0, -99999.0, -99999.0, -99999.0, -99999.0, -53.728126406, -7.0706350047, 1.9638411165149998, 419.3870906325, -99999.0, 70.3, 27.52, 1.69, 29.22, -0.898, 0.555, -0.34, 688.0, 811.0, 835.0, 269.0, 689.0, 225.0, 781.0, 5.74, 6.69, 0.0
2361.0, 40.7806991815, -111.94099392349999, 1288.758, 0.13, 14.5, -99999.0, -99999.0, 2.02269, 11951.8, 17.8184, -0.113515, -99999.0, -99999.0, -99999.0, -99999.0, -99999.0, -99999.0, -99999.0, -99999.0, -99999.0, -99999.0, 68.2, 27.53, 1.68, 29.21, -0.898, 0.555, -0.34, 483.0, 428.0, 328.0, 661.0, 585.0, 291.0, 515.0, 6.15, 7.1, 0.0
2362.0, 40.78069913433333, -111.94099385566666, 1288.749, 0.15, 14.5, -99999.0, -99999.0, 2.02355, 11951.9, 18.2184, -0.0946921, -99999.0, -99999.0, -99999.0, -99999.0, -99999.0, -53.728126406, -7.0706350047, 1.9638411165149998, 419.4467530246, -99999.0, -99999.0, 27.56, 1.68, 29.24, -0.898, 0.555, -0.34, 548.0, 743.0, 746.0, 119.0, 728.0, 727.0, 459.0, 5.17, 5.17, 0.0
2363.0, 40.780699093500004, -111.94099380933334, 1288.741, 0.15, 14.4, -99999.0, -99999.0, 2.02171, 11943.5, 18.2699, -0.1476, -99999.0, -99999.0, -99999.0, -99999.0, -99999.0, -53.728126406, -5.6082554756, 1.9638411165149998, 419.5132331169, -99999.0, -99999.0, 27.52, 1.65, 29.17, -0.898, 0.555, -0.34, 614.0, 541.0, 567.0, 442.0, 560.0, 287.0, 424.0, 6.25, 9.84, 0.0
2364.0, 40.780699046666676, -111.94099375533332, 1288.732, 0.2, 14.4, -99999.0, -99999.0, 2.02552, 11919.4, 17.9844, -0.169649, -99999.0, -99999.0, -99999.0, -99999.0, -99999.0, -52.66405389, -5.6082554756, 1.947640446567, 419.5132331169, -99999.0, 67.7, 27.52, 1.63, 29.15, -0.898, 0.555, -0.34, 409.0, 614.0, 418.0, 254.0, 164.0, 736.0, 133.0, 5.28, 10.78, 0.0
2365.0, 40.780699026166666, -111.94099372000001, 1288.725, 0.05, 14.4, -99999.0, -99999.0, 2.02404, 11886.3, 18.3393, -0.173085, -99999.0, -99999.0, -99999.0, -99999.0, -99999.0, -99999.0, -99999.0, -99999.0, -99999.0, -99999.0, 68.8, 27.53, 1.62, 29.14, -0.898, 0.555, -0.34, 558.0, 850.0, 626.0, 338.0, 817.0, 291.0, 469.0, 5.71, 6.29, 0.0
2366.0, 40.78069900166666, -111.94099367316667, 1288.713, 0.07, 14.4, -99999.0, -99999.0, 2.02426, 11883.8, 18.2128, -0.172253, -99999.0, -99999.0, -99999.0, -99999.0, -99999.0, -52.66405389, -5.6082554756, 1.947640446567, 419.39850004150003, -99999.0, -99999.0, 27.58, 1.62, 29.2, -0.898, 0.555, -0.34, 697.0, 293.0, 716.0, 357.0, 749.0, -99999.0, -26.0, 5.56, 27.06, 0.0
2367.0, 40.780699002000006, -111.94099364633333, 1288.7, 0.03, 14.3, -99999.0, -99999.0, 2.02225, 11884.5, 18.2145, -0.191616, -99999.0, -99999.0, -99999.0, -99999.0, -99999.0, -52.66405389, -6.6420282736, 1.947640446567, 419.2789500921, -99999.0, -99999.0, 27.65, 1.59, 29.24, -0.898, 0.555, -0.34, 688.0, 828.0, 537.0, 473.0, 293.0, 366.0, 592.0, 5.45, 6.03, 0.0
2368.0, 40.78069895383333, -111.94099360966666, 1288.692, 0.09, 14.3, -99999.0, -99999.0, 2.02302, 11880.7, 17.8681, -0.143404, -99999.0, -99999.0, -99999.0, -99999.0, -99999.0, -44.15232454, -6.6420282736, 1.95192074297, 419.2789500921, -99999.0, 69.8, 27.67, 1.57, 29.24, -0.898, 0.555, -0.34, 818.0, 473.0, 239.0, 661.0, 446.0, 145.0, 526.0, 5.77, 5.77, 0.0
2369.0, 40.78069892683333, -111.9409935805, 1288.685, 0.01, 14.3, -99999.0, -99999.0, 2.02522, 11891.1, 18.1806, -0.136176, -99999.0, -99999.0, -99999.0, -99999.0, -99999.0, -99999.0, -99999.0, -99999.0, -99999.0, -99999.0, 68.7, 27.65, 1.56, 29.21, -0.898, 0.555, -0.34, 679.0, 563.0, 537.0, 150.0, 346.0, 441.0, 291.0, 6.26, 7.21, 0.0
2370.0, 40.780698937166676, -111.94099353150001, 1288.674, 0.15, 14.3, -99999.0, -99999.0, 2.02372, 11910.0, 17.954, -0.169703, -99999.0, -99999.0, -99999.0, -99999.0, -99999.0, -44.15232454, -6.6420282736, 1.95192074297, 419.4479784174, -99999.0, -99999.0, 27.61, 1.54, 29.16, -0.898, 0.555, -0.34, 483.0, 512.0, 298.0, 577.0, 610.0, 361.0, 393.0, 5.18, 5.18, 0.0
2371.0, 40.780698938166665, -111.94099349633333, 1288.668, 0.03, 14.3, -99999.0, -99999.0, 2.02235, 11974.1, 17.9847, -0.120534, -99999.0, -99999.0, -99999.0, -99999.0, -99999.0, -44.15232454, -7.4128991082, 1.95192074297, 419.61341196669997, -99999.0, -99999.0, 27.65, 1.53, 29.18, -0.945, 0.617, -0.33, 679.0, 704.0, 477.0, 238.0, 282.0, 295.0, 255.0, 5.15, 5.15, 0.0
2372.0, 40.780698946, -111.94099345833335, 1288.662, 0.05, 14.3, -99999.0, -99999.0, 2.02536, 12074.1, 17.987, -0.128601, -99999.0, -99999.0, -99999.0, -99999.0, -99999.0, -51.292459722, -7.4128991082, 1.9538215146479998, 419.61341196669997, -99999.0, 66.4, 27.68, 1.49, 29.17, -0.945, 0.617, -0.33, 474.0, -23.0, 447.0, 473.0, 407.0, 436.0, 832.0, 6.15, 6.15, 0.0
2373.0, 40.780698948, -111.94099341450001, 1288.652, 0.09, 14.3, -99999.0, -99999.0, 2.02388, 12175.6, 17.9021, -0.134065, -99999.0, -99999.0, -99999.0, -99999.0, -99999.0, -51.292459722, -7.4128991082, 1.9538215146479998, 419.61341196669997, -99999.0, 66.0, 27.74, 1.47, 29.21, -0.945, 0.617, -0.33, 614.0, 529.0, 537.0, 473.0, 343.0, 225.0, 679.0, 5.9, 5.9, 0.0
2374.0, 40.78069893666667, -111.94099338783332, 1288.642, 0.18, 14.4, -99999.0, -99999.0, 2.02565, 12228.8, 18.2129, -0.111184, -99999.0, -99999.0, -99999.0, -99999.0, -99999.0, -51.292459722, -7.4128991082, 1.9538215146479998, 419.51445711940005, -99999.0, -99999.0, 27.72, 1.45, 29.17, -0.945, 0.617, -0.33, 614.0, 676.0, 388.0, 561.0, 382.0, 952.0, 898.0, 5.17, 5.17, 0.0
2375.0, 40.7806989495, -111.94099335933333, 1288.634, 0.03, 14.4, -99999.0, -99999.0, 2.02341, 12284.8, 18.1197, -0.107999, -99999.0, -99999.0, -99999.0, -99999.0, -99999.0, -51.292459722, -6.4485121085, 1.9538215146479998, 419.51895325220005, -99999.0, -99999.0, 27.75, 1.44, 29.19, -0.945, 0.617, -0.33, 539.0, 496.0, 776.0, 649.0, 460.0, 362.0, 296.0, 5.22, 5.8, 0.0
2376.0, 40.780698967333336, -111.94099332916667, 1288.629, 0.03, 14.4, -99999.0, -99999.0, 2.02553, 12327.0, 17.9714, -0.102009, -99999.0, -99999.0, -99999.0, -99999.0, -99999.0, -53.365001499, -6.4485121085, 1.957106140914, 419.51895325220005, -99999.0, 66.3, 27.76, 1.44, 29.2, -0.945, 0.617, -0.33, 195.0, 484.0, 597.0, 85.0, 282.0, 802.0, 367.0, 5.98, 5.98, 0.0
2377.0, 40.780698990833336, -111.94099327583332, 1288.625, 0.01, 14.4, -99999.0, -99999.0, 2.0216, 12355.2, 18.1714, -0.143984, -99999.0, -99999.0, -99999.0, -99999.0, -99999.0, -53.365001499, -6.4485121085, 1.957106140914, 419.51895325220005, -99999.0, 66.0, 27.76, 1.43, 29.19, -0.945, 0.617, -0.33, 344.0, 721.0, 895.0, 530.0, 585.0, 807.0, 633.0, 5.65, 5.65, 0.0
2378.0, 40.780698985166666, -111.94099322183335, 1288.62, 0.11, 14.5, -99999.0, -99999.0, 2.02491, 12356.4, 18.4151, -0.0255018, -99999.0, -99999.0, -99999.0, -99999.0, -99999.0, -53.365001499, -6.4485121085, 1.957106140914, 419.1651845891, -99999.0, -99999.0, 27.75, 1.44, 29.19, -0.945, 0.617, -0.33, 474.0, 282.0, 805.0, 852.0, 471.0, 366.0, 786.0, 5.98, 7.13, 0.0
2379.0, 40.7806990075, -111.940993159, 1288.61, 0.1, 14.5, -99999.0, -99999.0, 2.02354, 12349.9, 17.918, -0.115848, -99999.0, -99999.0, -99999.0, -99999.0, -99999.0, -53.365001499, -7.9713507295, 1.957106140914, 419.15809084880004, -99999.0, -99999.0, 27.79, 1.41, 29.2, -0.945, 0.617, -0.33, 679.0, 580.0, 447.0, 411.0, 649.0, 802.0, 439.0, 5.84, 7.97, 0.0
2380.0, 40.780699017833335, -111.9409931085, 1288.605, 0.1, 14.5, -99999.0, -99999.0, 2.02343, 12340.9, 18.1761, -0.117739, -99999.0, -99999.0, -99999.0, -99999.0, -99999.0, -52.5439661, -7.9713507295, 1.968972181392, 419.15809084880004, -99999.0, 66.2, 27.79, 1.41, 29.2, -0.945, 0.617, -0.33, 818.0, 552.0, 626.0, 530.0, 278.0, -4.0, 204.0, 5.28, 7.41, 0.0
2381.0, 40.780699006166664, -111.94099306516667, 1288.596, 0.06, 14.6, -99999.0, -99999.0, 2.02367, 12339.0, 18.2238, -0.134233, -99999.0, -99999.0, -99999.0, -99999.0, -99999.0, -52.5439661, -7.9713507295, 1.968972181392, 419.15809084880004, -99999.0, 66.9, 27.74, 1.4, 29.14, -0.945, 0.617, -0.33, 800.0, 158.0, 477.0, 649.0, 842.0, 436.0, 209.0, 5.4, 5.98, 0.0
2382.0, 40.780698995499996, -111.94099300566668, 1288.587, 0.08, 14.7, -99999.0, -99999.0, 2.02393, 12326.4, 18.1186, -0.127324, -99999.0, -99999.0, -99999.0, -99999.0, -99999.0, -52.5439661, -7.9713507295, 1.968972181392, 419.17187207300003, -99999.0, -99999.0, 27.79, 1.34, 29.13, -0.945, 0.617, -0.33, 614.0, 614.0, 358.0, 85.0, 178.0, 432.0, 521.0, 5.67, 6.25, 0.0
2383.0, 40.78069900116667, -111.94099296916666, 1288.578, 0.09, 14.8, -99999.0, -99999.0, 2.02397, 12316.7, 18.0256, -0.00517152, -99999.0, -99999.0, -99999.0, -99999.0, -99999.0, -52.5439661, -5.4851282214, 1.968972181392, 419.1834538626, -99999.0, -99999.0, 27.77, 1.32, 29.09, -0.945, 0.617, -0.33, 549.0, 586.0, 567.0, 476.0, 649.0, -99999.0, 383.0, 5.33, 5.91, 0.0
2384.0, 40.780699009500005, -111.94099294383335, 1288.576, 0.05, 14.8, -99999.0, -99999.0, 2.02366, 12299.3, 17.9369, 0.0350929, -99999.0, -99999.0, -99999.0, -99999.0, -99999.0, -40.750911842, -5.4851282214, 1.940826646662, 419.1834538626, -99999.0, 67.1, 27.74, 1.31, 29.06, -0.945, 0.617, -0.33, 753.0, 394.0, 626.0, 677.0, 442.0, -75.0, 184.0, 6.26, 6.84, 0.0
2385.0, 40.7806990165, -111.94099288183334, 1288.565, 0.11, 14.9, -99999.0, -99999.0, 2.02633, 12292.6, 17.9701, -0.0339619, -99999.0, -99999.0, -99999.0, -99999.0, -99999.0, -40.750911842, -5.4851282214, 1.940826646662, 419.1834538626, -99999.0, 65.6, 27.75, 1.32, 29.07, -0.945, 0.617, -0.33, 967.0, 670.0, 328.0, 458.0, 178.0, -4.0, 204.0, 5.2, 5.2, 0.0
2386.0, 40.780699042833334, -111.94099282650001, 1288.55, 0.26, 14.9, -99999.0, -99999.0, 2.02395, 12302.7, 17.9474, -0.0174327, -99999.0, -99999.0, -99999.0, -99999.0, -99999.0, -40.750911842, -5.4851282214, 1.940826646662, 418.9371741975, -99999.0, -99999.0, 27.84, 1.31, 29.15, -0.945, 0.617, -0.33, 614.0, 450.0, 209.0, 389.0, 485.0, 71.0, -230.0, 5.42, 5.42, 0.0
2387.0, 40.7806990595, -111.94099277366668, 1288.539, 0.08, 14.9, -99999.0, -99999.0, 2.02417, 12299.1, 18.1272, -0.015512, -99999.0, -99999.0, -99999.0, -99999.0, -99999.0, -40.750911842, -4.4695106796, 1.940826646662, 418.9419025586, -99999.0, -99999.0, 27.84, 1.34, 29.17, -0.945, 0.617, -0.33, 409.0, 659.0, 358.0, 251.0, 664.0, 150.0, 122.0, 5.87, 5.87, 0.0
2388.0, 40.780699065, -111.94099271066668, 1288.535, 0.09, 14.9, -99999.0, -99999.0, 2.02376, 12326.8, 17.9412, -0.0300475, -99999.0, -99999.0, -99999.0, -99999.0, -99999.0, -42.389143668, -4.4695106796, 1.94581219744, 418.9419025586, -99999.0, 64.4, 27.83, 1.33, 29.16, -0.945, 0.617, -0.33, 614.0, 625.0, 537.0, 696.0, 599.0, 436.0, 245.0, 5.2, 5.2, 0.0
2389.0, 40.780699047, -111.94099264249999, 1288.531, 0.04, 14.9, -99999.0, -99999.0, 2.02509, 12395.6, 17.9418, -0.0602353, -99999.0, -99999.0, -99999.0, -99999.0, -99999.0, -42.389143668, -4.4695106796, 1.94581219744, 418.9419025586, -99999.0, 66.1, 27.86, 1.31, 29.17, -0.945, 0.617, -0.33, 483.0, 546.0, 60.0, 342.0, 203.0, 291.0, 337.0, 5.76, 5.76, 0.0
2390.0, 40.78069904816667, -111.94099258316668, 1288.53, 0.05, 14.9, -99999.0, -99999.0, 2.02537, 12477.7, 18.4656, 0.0408446, -99999.0, -99999.0, -99999.0, -99999.0, -99999.0, -42.389143668, -4.4695106796, 1.94581219744, 419.58886052130003, -99999.0, -99999.0, 27.85, 1.31, 29.16, -0.945, 0.617, -0.33, 418.0, 293.0, 656.0, 574.0, 168.0, 520.0, 679.0, 5.83, 7.96, 0.0
2391.0, 40.78069904916667, -111.94099250983332, 1288.523, 0.18, 14.9, -99999.0, -99999.0, 2.02438, 12506.1, 18.1578, -0.0194396, -99999.0, -99999.0, -99999.0, -99999.0, -99999.0, -42.389143668, -7.8266992341, 1.94581219744, 419.57320648530003, -99999.0, -99999.0, 27.85, 1.33, 29.17, -0.945, 0.617, -0.33, 753.0, 721.0, 626.0, 649.0, 685.0, 366.0, -46.0, 4.88, 4.88, 0.0
2392.0, 40.780699025, -111.94099244833333, 1288.521, 0.14, 14.9, -99999.0, -99999.0, 2.02551, 12502.2, 17.9569, -0.042919, -99999.0, -99999.0, -99999.0, -99999.0, -99999.0, -47.408385983, -7.8266992341, 1.951519337116, 419.57320648530003, -99999.0, 68.0, 27.93, 1.33, 29.26, -0.945, 0.617, -0.33, 409.0, 659.0, 358.0, 323.0, 268.0, 661.0, 837.0, 5.61, 6.56, 0.0
2393.0, 40.78069907983334, -111.94099241183334, 1288.515, 0.04, 14.9, -99999.0, -99999.0, 2.02542, 12476.4, 17.9864, 0.0182559, -99999.0, -99999.0, -99999.0, -99999.0, -99999.0, -47.408385983, -7.8266992341, 1.951519337116, 419.57320648530003, -99999.0, 68.4, 27.94, 1.34, 29.28, -0.945, 0.617, -0.019, 614.0, 591.0, 149.0, 918.0, 599.0, 441.0, 633.0, 6.1, 6.68, 0.0
