arc_raw/USOS-ARL-Suite_ARC_20240731_RA.ict
71,1001
Xinrong Ren
NOAA Air Resources Lab
ARC-Suite
USOS: Utah Summer Ozone Study
1,1
2024,07,31,2024,07,31
1
StartTime_seconds, seconds, Start time in UTC seconds since midnight
38
1,1,1,1,1,1,1,1,1,1,1,1,1,1,1,1,1,1,1,1,1,1,1,1,1,1,1,1,1,1,1,1,1,1,1,1,1,1
-99999,-99999,-99999,-99999,-99999,-99999,-99999,-99999,-99999,-99999,-99999,-99999,-99999,-99999,-99999,-99999,-99999,-99999,-99999,-99999,-99999,-99999,-99999,-99999,-99999,-99999,-99999,-99999,-99999,-99999,-99999,-99999,-99999,-99999,-99999,-99999,-99999,-99999
lat_DGPS_deg, degrees, Latitude in decimal by Hemisphere VS1100 Differential GPS
lon_DGPS_deg, degrees, Longitude in decimal by Hemisphere VS1100 Differential GPS
alt_msl_m, meters, GPS Altitude MSL
speed_km_h, km/s, vehicle speed
RH, percent, relative humidity
true_WS_m_s, m/s, wind speed by 2D sonic sensor
true_WD_deg, degree, wind direction by 2D sonic sensor
CH4_aeris313_ppm, ppm, CH4 mixing ratio by Aeris
H2O_aeris313_ppm, ppm, H2O mixing ratio by Aeris
C2H6_aeris313_ppb, ppb, C2H6 mixing ratio by Aeris
r_aeris313, 1, relavence between CH4 and C2H6 by Aeris
C2C1_aeris313, 1, C2H6 to CH4 ratio by Aeris
CO_g2401m_ppm, ppm, CO mixing ratio by Picarro G2401m
CO2_g2401m_ppm, ppm, CO2 mixing ratio by Picarro G2401m
CH4_g2401m_ppm, ppm, CH4 mixing ratio by Picarro G2401m
H2O_g2401m, ppm, H2O mixing ratio by Picarro G2401m
delta13C_CH4_raw, permill, delta 13C of CH4 by Picarro G2201i
delta13C_CO2_raw, permill, delta 13C of CO2 by Picarro G2201i
CH4_g2201i_ppm, ppm, CH4 mixing ratio by Picarro G2201i
CO2_g2201i_ppm, ppm, CO2 mixing ratio by Picarro G2201i
NH3_g2301_ppb, ppb, NH3 mixing ratio by Picarro G2301
O3_2B_ppm, ppm, O3 mixing ratio by 2B
NO_G60_ppb, ppb, NO mixing ratio by G60
NO2_G60_ppb, ppb, NO2 mixing ratio by G60
NOx_G60_ppb, ppb, NOx mixing ratio by G60
NO_N500_ppb, ppb, NO mixing ratio by N500
NO2_N500_ppb, ppb, NO2 mixing ratio by N500
NOx_N500_ppb, ppb, NOx mixing ratio by N500
BC370_AE43_ng_m3, ng/m3, Black Carbon at 370 nm by AE43
BC470_AE43_ng_m3, ng/m3, Black Carbon at 470 nm by AE43
BC520_AE43_ng_m3, ng/m3, Black Carbon at 520 nm by AE43
BC590_AE43_ng_m3, ng/m3, Black Carbon at 590 nm by AE43
BC660_AE43_ng_m3, ng/m3, Black Carbon at 660 nm by AE43
BC880_AE43_ng_m3, ng/m3, Black Carbon at 880 nm by AE43
BC950_AE43_ng_m3, ng/m3, Black Carbon at 950 nm by AE43
PM25, ug/m3, PM2.5 by particle sensor
PM10, ug/m3, PM10 by particle sensor
Valve, boolian, indicator of valve conditions;0 is measurement; 10 is zeroing; 11 is spanning
1
SPECIAL COMMENTS, N/A
18
PI_CONTACT_INFO: xinrong.ren@noaa.gov, 301-683-1391, NOAA/ARL, 5830 University Research Court, College Park, MD 20740
PLATFORM: NOAA Air Resources Car
LOCATION: Salt Lake City
ASSOCIATED_DATA: N/A
INSTRUMENT_INFO: Hemisphere VS1100 differential GPS (Latitude, Longitude, GPS Altitude, speed), meteorological sensor (RH, WS, WD), 2B (O3), G60 CRDS (NO-NOx), Teledyne N500 (NO-NOx), Picarro G2401-m (CO2, CH4, CO, H2O), Picarro G2201i (CO2, CH4, d13C_CO2, d13C_CH4, H2O), Picarro 2301 (NH3), Aeris Ultra MIRA (CH4, C2H6, H2O, r, C2/C1), AE43 (Black Carbon), Partical sensor (PM2.5, PM10)
DATA_INFO: Records are reported at 1-second intervals. Hemisphere VS1100 differential GPS has 1-second ntervals. 2B O3 values are reported 2-second averages. G60 Cavity Rong Down NO-NO2-NO2 has 1-second average. Teledyne CAPS NO2 analyzer has 10-second time resolution. Picarro 2401m (CO2, CH4, CO, H2O) data has 2.5-second time resolution. Picarro 2201i (isotope) has ~5 second time resolution. Aeris Ultra MIRA has 1-second integration time. AE43 data are 10-second moving averages. Partical sensor has 10-second time resolution.
UNCERTAINTY: -99999, -99999, -99999, 15 m, -99999, -99999, -99999, -99999, 1 ppb, 100 ppm, 0.2 ppb, -99999, -99999, 5 ppb, 0.1 ppm, 1 ppb, 100 ppm, -99999, -99999, -99999, -99999, 2 ppb, 0.3 ppb, -99999, -99999, -99999, 0.05 ppb, 0.05 ppb, 0.05 ppb, 10 ng/m3, 10 ng/m3, 10 ng/m3, 10 ng/m3, 10 ng/m3, 10 ng/m3, 10 ng/m3, 10 ng/m3, 0
ULOD_FLAG: -77777
ULOD_VALUE: N/A
LLOD_FLAG: -88888
LLOD_VALUE: N/A
DM_CONTACT_INFO: Jiayang Sun; University of Maryland; jiayangs@umd.edu
PROJECT_INFO: USOS July - Aug 2024 https://deq.utah.gov/air-quality/utah-summer-ozone-study-usos
STIPULATIONS_ON_USE: Use of these data requires prior ok from PI.
OTHER_COMMENTS: N/A
REVISION: RA
RA: Preliminary Data for in-field use only.
StartTime_seconds, lat_DGPS_deg, lon_DGPS_deg, alt_msl_m, speed_km_h, RH, true_WS_m_s, true_WD_deg, CH4_aeris313_ppm, H2O_aeris313_ppm, C2H6_aeris313_ppb, r_aeris313, C2C1_aeris313, CO_g2401m_ppm, CO2_g2401m_ppm, CH4_g2401m_ppm, H2O_g2401m, delta13C_CH4_raw, delta13C_CO2_raw, CH4_g2201i_ppm, CO2_g2201i_ppm, NH3_g2301_ppb, O3_2B_ppm, NO_G60_ppb, NO2_G60_ppb, NOx_G60_ppb, NO_N500_ppb, NO2_N500_ppb, NOx_N500_ppb, BC370_AE43_ng_m3, BC470_AE43_ng_m3, BC520_AE43_ng_m3, BC590_AE43_ng_m3, BC660_AE43_ng_m3, BC880_AE43_ng_m3, BC950_AE43_ng_m3, PM25, PM10, Valve
[from data line 2648]
2648.0, 40.78067725016666, -111.94098402966665, 1289.649, 0.02, 13.0, 0.52, 230.14, 2.03855, 8944.46, -0.718884, -2.27679e-05, -99999.0, 0.29755561316, 421.57733694, 1.9991941444, 0.75855258031, -41.557589661, -6.7160050685, 1.948989652522, 422.6293634223, -99999.0, -99999.0, 6.24, 5.77, 12.01, 6.219, 5.594, 11.812, 1159.0, 917.0, 800.0, 529.0, 1019.0, 690.0, 721.0, -99999.0, -99999.0, 0.0
2649.0, 40.780677235166664, -111.94098404416667, 1289.649, 0.07, 13.0, 0.56, 260.04, 2.03896, 8927.11, -0.714794, 0.0273875, -99999.0, 0.30166722037, 421.56020836000005, 1.9991061294, 0.75570716169, -41.557589661, -8.1794278034, 1.948989652522, 422.6224900962, -99999.0, 64.7, 6.04, 5.69, 11.73, 6.219, 5.594, 11.812, 1344.0, 953.0, 624.0, 786.0, 578.0, 904.0, 773.0, -99999.0, -99999.0, 0.0
2650.0, 40.780677244166675, -111.94098408466668, 1289.652, 0.19, 13.0, 0.0, 0.0, 2.03924, 8918.31, -0.987304, 0.0183871, -99999.0, 0.30166686793, 421.4448411, 1.9990181144, 0.75286174307, -40.165841006, -8.1794278034, 1.9530437409780002, 422.6224900962, -99999.0, -99999.0, 5.97, 5.57, 11.54, 6.219, 5.594, 11.812, 1112.0, 988.0, 782.0, 594.0, 942.0, 857.0, 321.0, -99999.0, -99999.0, 0.0
2651.0, 40.78067727399999, -111.94098409016667, 1289.646, 0.11, 13.0, 0.38, 226.46, 2.0407, 8902.14, -0.484304, 0.0306087, -99999.0, 0.28482113032, 421.34660242, 1.9990181144, 0.75286174307, -99999.0, -99999.0, -99999.0, -99999.0, -99999.0, 64.1, 5.89, 5.41, 11.3, 6.219, 5.594, 11.812, 1172.0, 741.0, 730.0, 715.0, 741.0, 864.0, 686.0, -99999.0, -99999.0, 0.0
2652.0, 40.780677304166666, -111.94098416466667, 1289.641, 0.07, 12.9, 0.0, 0.0, 2.03951, 8886.08, -0.567289, -0.00158253, -99999.0, 0.284821093885, 421.31962628, 1.9994695943, 0.75036628392, -40.165841006, -8.1794278034, 1.9530437409780002, 422.6224900962, -99999.0, -99999.0, 5.76, 5.22, 10.98, 6.219, 5.594, 11.812, 1033.0, 940.0, 963.0, 684.0, 1022.0, 768.0, 482.0, -99999.0, -99999.0, 0.0
2653.0, 40.780677413499994, -111.94098421666668, 1289.635, 0.12, 12.9, 0.47, 215.25, 2.03631, 8871.61, -0.861952, 0.122606, -99999.0, 0.28482105745, 421.29161967, 1.9994695943, 0.75036628392, -40.165841006, -8.1794278034, 1.9530437409780002, 422.135651488, -99999.0, 65.0, 5.66, 4.99, 10.65, 6.219, 5.594, 11.812, 953.0, 962.0, 874.0, 780.0, 687.0, 654.0, 553.0, -99999.0, -99999.0, 0.0
2654.0, 40.78067748716666, -111.94098426350001, 1289.627, 0.15, 12.9, 0.33, 216.88, 2.04071, 8851.77, -0.661834, 0.059639, -99999.0, 0.29572349435, 421.29161967, 1.9994695943, 0.75036628392, -40.165841006, -7.7103149648, 1.9530437409780002, 422.1378522541, -99999.0, -99999.0, 5.45, 4.76, 10.22, 6.219, 5.594, 11.812, 1251.0, 887.0, 587.0, 653.0, 763.0, 836.0, 1208.0, -99999.0, -99999.0, 0.0
2655.0, 40.78067754400001, -111.94098435483332, 1289.62, 0.01, 12.9, 0.41, 218.29, 2.03831, 8837.59, -0.766229, 0.0721017, -99999.0, 0.29572352994333334, 421.28540761333335, 1.9994026982, 0.7555006406999999, -33.488302925, -7.7103149648, 1.9415499111930001, 422.1378522541, -99999.0, 65.5, 5.23, 4.57, 9.79, 6.219, 5.594, 11.812, 1255.0, 913.0, 765.0, 800.0, 540.0, 717.0, 66.0, -99999.0, -99999.0, 0.0
2656.0, 40.780677553833335, -111.94098435983332, 1289.615, 0.12, 12.9, 0.51, 222.71, 2.03918, 8822.07, -0.809685, 0.103788, -99999.0, 0.29024986252, 421.25559458, 1.9994026982, 0.7555006407, -99999.0, -99999.0, -99999.0, -99999.0, -99999.0, -99999.0, 5.03, 4.42, 9.45, 0.0, 5.594, 5.594, 1248.0, 1041.0, 661.0, 1122.0, 540.0, 815.0, 925.0, -99999.0, -99999.0, 0.0
2657.0, 40.78067758066666, -111.94098444716668, 1289.597, 0.29, 12.9, 0.4, 224.08, 2.03977, 8813.51, -0.795892, 0.0486095, -99999.0, 0.290249950845, 421.28079863, 1.9998744576, 0.7580152475, -33.488302925, -7.7103149648, 1.9415499111930001, 422.1378522541, -99999.0, 65.3, 4.89, 4.3, 9.19, 0.0, 5.594, 5.594, 1079.0, 971.0, 1087.0, 746.0, 776.0, 930.0, 567.0, -99999.0, -99999.0, 0.0
2658.0, 40.780677619, -111.94098446366667, 1289.571, 0.11, 12.9, 0.52, 196.82, 2.03902, 8807.96, -0.477896, 0.0202842, -99999.0, 0.29025003917, 421.42488897, 1.9998744576, 0.7580152475, -33.488302925, -7.7103149648, 1.9415499111930001, 422.4875783716, -99999.0, -99999.0, 4.82, 4.2, 9.02, 0.0, 5.594, 5.594, 1159.0, 971.0, 711.0, 755.0, 636.0, 1067.0, 885.0, -99999.0, -99999.0, 0.0
2659.0, 40.78067768666666, -111.94098449733335, 1289.563, 0.14, 12.9, 0.46, 195.33, 2.03907, 8811.65, -0.549246, 0.00781353, -99999.0, 0.298475753, 421.42488897, 1.9998744576, 0.7580152475, -33.488302925, -9.4488819768, 1.9415499111930001, 422.4794154117, -99999.0, 64.2, 4.8, 4.07, 8.87, 0.0, 5.594, 5.594, 1016.0, 962.0, 767.0, 956.0, 802.0, 783.0, 511.0, -99999.0, -99999.0, 0.0
2660.0, 40.78067772266666, -111.94098450583333, 1289.556, 0.27, 12.9, 0.36, 208.53, 2.041, 8816.38, -0.561829, 0.0290801, -99999.0, 0.2984757158, 421.4290031466667, 1.9996038743, 0.7572639251099998, -39.523459572, -9.4488819768, 1.9544651710629999, 422.4794154117, -99999.0, -99999.0, 4.76, 3.98, 8.74, 0.0, 5.594, 5.594, 1331.0, 878.0, 854.0, 794.0, 725.0, 626.0, 639.0, -99999.0, -99999.0, 0.0
2661.0, 40.78067778583333, -111.94098452316666, 1289.55, 0.08, 12.8, 0.6, 197.48, 2.03911, 8832.52, -0.933086, 0.0795374, -99999.0, 0.28495497002, 421.42560636, 1.9996038743, 0.75726392511, -99999.0, -99999.0, -99999.0, -99999.0, -99999.0, 61.9, 4.75, 3.84, 8.59, 0.0, 5.594, 5.594, 1225.0, 1001.0, 748.0, 580.0, 767.0, 883.0, 1070.0, -99999.0, -99999.0, 0.0
2662.0, 40.78067784266667, -111.94098451616668, 1289.553, 0.15, 12.8, 0.51, 183.59, -99999.0, -99999.0, -99999.0, -99999.0, -99999.0, 0.28495497002, 421.42559179, 1.9992114108, 0.75801082671, -99999.0, -99999.0, -99999.0, -99999.0, -99999.0, -99999.0, 4.62, 3.73, 8.35, 0.0, 5.594, 5.594, 1000.0, 953.0, 837.0, 840.0, 834.0, 590.0, 618.0, -99999.0, -99999.0, 0.0
2663.0, 40.78067794500001, -111.940984532, 1289.546, 0.03, 12.8, 0.37, 189.28, 2.03958, 8845.66, -0.703133, 0.0516006, -99999.0, 0.28495498879, 421.448213405, 1.9992114108, 0.75801082671, -39.523459572, -9.4488819768, 1.9544651710629999, 422.36888351795, -99999.0, 62.8, 4.54, 3.66, 8.2, 0.0, 5.594, 5.594, 1377.0, 971.0, 926.0, 695.0, 968.0, 654.0, 731.0, -99999.0, -99999.0, 0.0
2664.0, 40.78067803, -111.9409845505, 1289.531, 0.1, 12.8, 0.0, 0.0, 2.03809, 8840.1, -0.732823, -0.089716, -99999.0, 0.29457917905, 421.47083502, 1.9992114108, 0.75801082671, -39.523459572, -7.0892999692, 1.9544651710629999, 422.2694245911, -99999.0, -99999.0, 4.45, 3.55, 8.0, 0.0, 5.594, 5.594, 1112.0, 878.0, 785.0, 760.0, 894.0, 581.0, 735.0, -99999.0, -99999.0, 0.0
2665.0, 40.78067809816666, -111.94098454499999, 1289.528, 0.14, 12.9, 0.0, 0.0, -99999.0, -99999.0, -99999.0, -99999.0, -99999.0, 0.29457921546, 421.4883562, 1.9996286146, 0.76257892663, -36.483416459, -7.0892999692, 1.9526575339430001, 422.2694245911, -99999.0, 65.8, 4.33, 3.46, 7.8, 0.0, 5.594, 5.594, 1046.0, 1019.0, 817.0, 749.0, 655.0, 753.0, 672.0, -99999.0, -99999.0, 0.0
2666.0, 40.780678234999996, -111.940984584, 1289.509, 0.11, 12.9, 0.29, 186.5, 2.03964, 8835.52, -1.0557, -0.0947075, -99999.0, 0.293882876265, 421.4712635, 1.9996286146, 0.76257892663, -99999.0, -99999.0, -99999.0, -99999.0, -99999.0, -99999.0, 4.26, 3.36, 7.62, 0.0, 5.594, 5.594, 1142.0, 1107.0, 874.0, 780.0, 744.0, 552.0, 654.0, -99999.0, -99999.0, 0.0
2667.0, 40.780678287499995, -111.94098458250001, 1289.512, 0.14, 12.9, 0.46, 320.17, 2.04082, 8838.47, -0.858916, -0.113891, -99999.0, 0.29318650066, 421.51093631, 1.9995031458, 0.77004450247, -99999.0, -99999.0, -99999.0, -99999.0, -99999.0, 65.4, 4.14, 3.28, 7.42, 0.0, 5.594, 5.594, 1364.0, 997.0, 1015.0, 509.0, 795.0, 282.0, 639.0, -99999.0, -99999.0, 0.0
2668.0, 40.78067836416667, -111.94098456466666, 1289.52, 0.13, 12.9, 0.63, 322.18, 2.04083, 8858.91, -0.619651, -0.0887549, -99999.0, 0.29318660807, 421.54165431499996, 1.9995031458, 0.77004450247, -36.483416459, -7.0892999692, 1.9526575339430001, 422.17935785195004, -99999.0, -99999.0, 4.1, 3.22, 7.32, 0.0, 5.594, 5.594, 1218.0, 988.0, 891.0, 995.0, 799.0, 991.0, 1129.0, -99999.0, -99999.0, 0.0
2669.0, 40.7806784165, -111.94098456483334, 1289.531, 0.14, 12.9, 0.0, 0.0, 2.04108, 8873.06, -0.714302, -0.0901426, -99999.0, 0.29866823545, 421.57237232, 1.9995031458, 0.77004450247, -36.483416459, -8.2497448393, 1.9526575339430001, 422.0838477393, -99999.0, 63.5, 4.07, 3.14, 7.21, 0.0, 5.594, 5.594, 1205.0, 1041.0, 1211.0, 760.0, 706.0, 751.0, 445.0, -99999.0, -99999.0, 0.0
2670.0, 40.78067853216666, -111.94098459249999, 1289.538, 0.19, 13.0, 0.47, 354.5, 2.03954, 8889.0, -0.759679, -0.0914409, -99999.0, 0.29866820837499997, 421.62836971, 1.999762319, 0.77955850217, -38.742632737, -8.2497448393, 1.955097749817, 422.0838477393, -99999.0, -99999.0, 4.05, 3.09, 7.14, 0.0, 5.594, 5.594, 1175.0, 1103.0, 802.0, 1006.0, 668.0, 781.0, 787.0, -99999.0, -99999.0, 0.0
2671.0, 40.780678596166666, -111.94098459, 1289.562, 0.05, 13.0, 0.0, 0.0, 2.04033, 8903.43, -0.899315, -0.107796, -99999.0, 0.2986681813, 421.61824274, 1.999762319, 0.77955850217, -99999.0, -99999.0, -99999.0, -99999.0, -99999.0, 62.9, 4.09, 3.0, 7.1, 0.0, 5.594, 5.594, 1050.0, 874.0, 1213.0, 882.0, 764.0, 900.0, 888.0, -99999.0, -99999.0, 0.0
2672.0, 40.78067872966667, -111.94098463416667, 1289.579, 0.16, 13.0, 0.0, 0.0, 2.03957, 8931.36, -0.322145, -0.108795, -99999.0, 0.29601078052, 421.62320698, 1.99965809795, 0.7763062108250001, -99999.0, -99999.0, -99999.0, -99999.0, -99999.0, -99999.0, 4.09, 2.92, 7.01, 0.0, 5.594, 5.594, 1142.0, 1090.0, 1087.0, 769.0, 904.0, 641.0, 810.0, -99999.0, -99999.0, 0.0
2673.0, 40.78067890849999, -111.9409846495, 1289.577, 0.14, 13.0, 0.0, 0.0, 2.03909, 8956.96, -0.457174, -0.137069, -99999.0, 0.29601042684, 421.561944165, 1.9995538769, 0.77305391948, -38.742632737, -8.2497448393, 1.955097749817, 422.1190651791, -99999.0, 61.1, 4.06, 2.87, 6.92, 0.115, 4.125, 4.219, 1318.0, 803.0, 909.0, 811.0, 780.0, 537.0, 778.0, -99999.0, -99999.0, 0.0
2674.0, 40.78067904016667, -111.94098466766667, 1289.592, 0.05, 13.0, 0.0, 0.0, 2.03955, 8983.09, -0.588571, -0.0767917, -99999.0, 0.29396697867, 421.49571711, 1.9995538769, 0.77305391948, -38.742632737, -7.0432980419, 1.955097749817, 422.159942721, -99999.0, -99999.0, 4.08, 2.82, 6.9, 0.115, 4.125, 4.219, 1252.0, 900.0, 1104.0, 896.0, 1057.0, 647.0, 651.0, -99999.0, -99999.0, 0.0
2675.0, 40.780679179, -111.94098468449998, 1289.597, 0.09, 13.1, 0.0, 0.0, 2.04189, 8985.77, -0.489428, 0.0183258, -99999.0, 0.29396711113499996, 421.48308917, 1.9993586955, 0.77572819856, -99999.0, -99999.0, -99999.0, -99999.0, -99999.0, 60.0, 4.07, 2.81, 6.88, 0.115, 4.125, 4.219, 1189.0, 979.0, 891.0, 1052.0, 684.0, 864.0, 1096.0, -99999.0, -99999.0, 0.0
2676.0, 40.780679348499994, -111.940984744, 1289.602, 0.19, 13.1, 0.0, 0.0, 2.03942, 8977.62, -0.431938, 0.233321, -99999.0, 0.2939672436, 421.61136416, 1.9993586955, 0.77572819856, -45.932721007, -7.0432980419, 1.960344646021, 422.159942721, -99999.0, -99999.0, 4.08, 2.78, 6.86, 0.115, 4.125, 4.219, 1176.0, 807.0, 854.0, 639.0, 799.0, 596.0, 663.0, -99999.0, -99999.0, 0.0
2677.0, 40.780679496666664, -111.94098481866668, 1289.583, 0.07, 13.1, 0.4, 114.89, 2.0398, 8973.94, -0.533724, 0.234716, -99999.0, 0.29833433085, 421.619476135, 1.9996365013, 0.7768504657049999, -99999.0, -99999.0, -99999.0, -99999.0, -99999.0, 60.8, 4.11, 2.76, 6.87, 0.115, 4.125, 4.219, 1159.0, 754.0, 624.0, 636.0, 780.0, 628.0, 712.0, -99999.0, -99999.0, 0.0
2678.0, 40.780679616166665, -111.94098485333333, 1289.582, 0.06, 13.1, 0.35, 135.81, 2.03884, 8973.33, -0.883719, 0.251876, -99999.0, 0.2983354403, 421.91397940499996, 1.9999143071, 0.77797273285, -45.932721007, -7.0432980419, 1.960344646021, 422.1713979789, -99999.0, -99999.0, 4.11, 2.71, 6.82, 0.115, 4.125, 4.219, 1222.0, 900.0, 980.0, 639.0, 649.0, 734.0, 764.0, -99999.0, -99999.0, 0.0
2679.0, 40.780679678999995, -111.94098485783334, 1289.593, 0.21, 13.1, 0.54, 109.46, 2.0385, 8983.12, -0.512552, 0.206887, -99999.0, 0.29853471893, 422.2003707, 1.9999143071, 0.77797273285, -45.932721007, -6.9379549017, 1.960344646021, 422.183347486, -99999.0, 59.7, 4.05, 2.7, 6.75, 0.115, 4.125, 4.219, 1268.0, 1002.0, 552.0, 806.0, 927.0, 794.0, 658.0, -99999.0, -99999.0, 0.0
2680.0, 40.780679758666665, -111.940984876, 1289.602, 0.22, 13.1, 0.7, 100.68, 2.03957, 8998.97, -0.805333, 0.170198, -99999.0, 0.298534918535, 422.22400143, 1.9997181692, 0.78288269309, -99999.0, -99999.0, -99999.0, -99999.0, -99999.0, -99999.0, 4.05, 2.68, 6.72, 0.115, 4.125, 4.219, 1315.0, 904.0, 802.0, 916.0, 760.0, 1036.0, 515.0, -99999.0, -99999.0, 0.0
2681.0, 40.780679870666674, -111.94098493283333, 1289.586, 0.14, 13.1, 0.74, 119.6, 2.03832, 9008.6, -0.603594, 0.149601, -99999.0, 0.29853511814, 422.47614762, 1.9997181692, 0.78288269309, -37.652366434, -6.9379549017, 1.94700052312, 422.183347486, -99999.0, 59.8, 4.07, 2.64, 6.71, 0.115, 4.125, 4.219, 1255.0, 1094.0, 748.0, 905.0, 891.0, 911.0, 548.0, -99999.0, -99999.0, 0.0
2682.0, 40.78067994283332, -111.94098497383332, 1289.55, 0.08, 13.1, 0.76, 124.82, 2.03852, 9001.51, -0.691658, 0.0546141, -99999.0, 0.29582836015, 422.47614762, 1.9997181692, 0.78288269309, -99999.0, -99999.0, -99999.0, -99999.0, -99999.0, -99999.0, 4.09, 2.64, 6.73, 0.115, 4.125, 4.219, 1109.0, 979.0, 713.0, 670.0, 591.0, 995.0, 897.0, -99999.0, -99999.0, 0.0
2683.0, 40.78068002783334, -111.94098501333335, 1289.516, 0.21, 13.1, 0.91, 131.44, 2.04112, 9003.44, -0.747873, 0.0261717, -99999.0, 0.29582834588333334, 422.47800681333337, 1.9991446796999999, 0.78666168283, -37.652366434, -6.9379549017, 1.94700052312, 422.35387943060005, -99999.0, 63.4, 4.11, 2.62, 6.74, 0.115, 4.125, 4.219, 1033.0, 980.0, 874.0, 806.0, 946.0, 732.0, 443.0, -99999.0, -99999.0, 0.0
2684.0, 40.780680094000004, -111.94098505933334, 1289.495, 0.31, 13.1, 0.88, 132.71, 2.03962, 9033.17, -0.393433, 0.00403597, -99999.0, 0.28795589666, 422.42428426, 1.9991446797, 0.78666168283, -37.652366434, -6.8786564321, 1.94700052312, 422.5246898166, -99999.0, -99999.0, 4.12, 2.64, 6.76, 0.115, 4.125, 4.219, 1176.0, 1028.0, 713.0, 670.0, 1019.0, 1104.0, 607.0, -99999.0, -99999.0, 0.0
2685.0, 40.780680150833334, -111.94098509049999, 1289.481, 0.12, 13.1, 0.29, 148.5, 2.04067, 9064.29, -0.4747, 0.0312923, -99999.0, 0.28795571364, 422.39612326, 1.9991241123, 0.77436327744, -99999.0, -99999.0, -99999.0, -99999.0, -99999.0, 65.5, 4.15, 2.66, 6.8, 0.115, 4.125, 4.219, 1225.0, 1165.0, 998.0, 1253.0, 780.0, 743.0, 679.0, -99999.0, -99999.0, 0.0
2686.0, 40.780680156833334, -111.9409851305, 1289.454, 0.12, 13.1, 0.38, 291.88, 2.0412, 9077.12, -0.71553, 0.0152588, -99999.0, 0.28795553062, 422.27881484, 1.9991241123, 0.77436327744, -28.733194184, -6.8786564321, 1.936466318251, 422.5246898166, -99999.0, -99999.0, 4.14, 2.69, 6.82, 0.115, 4.125, 4.219, 1033.0, 1059.0, 909.0, 715.0, 776.0, 1076.0, 529.0, -99999.0, -99999.0, 0.0
2687.0, 40.780680236166674, -111.940985186, 1289.446, 0.15, 13.1, 0.67, 332.52, 2.03887, 9076.47, -0.517562, 0.0164656, -99999.0, 0.27821318949, 422.27881484, 1.9991241123, 0.77436327744, -99999.0, -99999.0, -99999.0, -99999.0, -99999.0, 64.5, 4.17, 2.73, 6.9, 0.115, 4.125, 4.219, 1066.0, 1002.0, 874.0, 715.0, 780.0, 938.0, 796.0, -99999.0, -99999.0, 0.0
2688.0, 40.780680329000006, -111.94098526766666, 1289.439, 0.16, 13.1, 0.78, 339.72, 2.03922, 9061.72, -0.550622, 0.0198242, -99999.0, 0.27821332841, 422.27581248, 1.9991285989, 0.7857525496, -28.733194184, -6.8786564321, 1.936466318251, 422.5246898166, -99999.0, -99999.0, 4.21, 2.78, 6.99, 0.115, 4.125, 4.219, 1162.0, 931.0, 730.0, 922.0, 783.0, 365.0, 665.0, -99999.0, -99999.0, 0.0
