arc_raw/USOS-ARL-Suite_ARC_20240803_RA.ict
71,1001
Xinrong Ren
NOAA Air Resources Lab
ARC-Suite
USOS: Utah Summer Ozone Study
1,1
2024,08,03,2024,08,03
1
StartTime_seconds, seconds, Start time in UTC seconds since midnight
38
1,1,1,1,1,1,1,1,1,1,1,1,1,1,1,1,1,1,1,1,1,1,1,1,1,1,1,1,1,1,1,1,1,1,1,1,1,1
-99999,-99999,-99999,-99999,-99999,-99999,-99999,-99999,-99999,-99999,-99999,-99999,-99999,-99999,-99999,-99999,-99999,-99999,-99999,-99999,-99999,-99999,-99999,-99999,-99999,-99999,-99999,-99999,-99999,-99999,-99999,-99999,-99999,-99999,-99999,-99999,-99999,-99999
lat_DGPS_deg, degrees, Latitude in decimal by Hemisphere VS1100 Differential GPS
lon_DGPS_deg, degrees, Longitude in decimal by Hemisphere VS1100 Differential GPS
alt_msl_m, meters, GPS Altitude MSL
speed_km_h, km/s, vehicle speed
RH, percent, relative humidity
true_WS_m_s, m/s, wind speed by 2D sonic sensor
true_WD_deg, degree, wind direction by 2D sonic sensor
CH4_aeris313_ppm, ppm, CH4 mixing ratio by Aeris
H2O_aeris313_ppm, ppm, H2O mixing ratio by Aeris
C2H6_aeris313_ppb, ppb, C2H6 mixing ratio by Aeris
r_aeris313, 1, relavence between CH4 and C2H6 by Aeris
C2C1_aeris313, 1, C2H6 to CH4 ratio by Aeris
CO_g2401m_ppm, ppm, CO mixing ratio by Picarro G2401m
CO2_g2401m_ppm, ppm, CO2 mixing ratio by Picarro G2401m
CH4_g2401m_ppm, ppm, CH4 mixing ratio by Picarro G2401m
H2O_g2401m, ppm, H2O mixing ratio by Picarro G2401m
delta13C_CH4_raw, permill, delta 13C of CH4 by Picarro G2201i
delta13C_CO2_raw, permill, delta 13C of CO2 by Picarro G2201i
CH4_g2201i_ppm, ppm, CH4 mixing ratio by Picarro G2201i
CO2_g2201i_ppm, ppm, CO2 mixing ratio by Picarro G2201i
NH3_g2301_ppb, ppb, NH3 mixing ratio by Picarro G2301
O3_2B_ppm, ppm, O3 mixing ratio by 2B
NO_G60_ppb, ppb, NO mixing ratio by G60
NO2_G60_ppb, ppb, NO2 mixing ratio by G60
NOx_G60_ppb, ppb, NOx mixing ratio by G60
NO_N500_ppb, ppb, NO mixing ratio by N500
NO2_N500_ppb, ppb, NO2 mixing ratio by N500
NOx_N500_ppb, ppb, NOx mixing ratio by N500
BC370_AE43_ng_m3, ng/m3, Black Carbon at 370 nm by AE43
BC470_AE43_ng_m3, ng/m3, Black Carbon at 470 nm by AE43
BC520_AE43_ng_m3, ng/m3, Black Carbon at 520 nm by AE43
BC590_AE43_ng_m3, ng/m3, Black Carbon at 590 nm by AE43
BC660_AE43_ng_m3, ng/m3, Black Carbon at 660 nm by AE43
BC880_AE43_ng_m3, ng/m3, Black Carbon at 880 nm by AE43
BC950_AE43_ng_m3, ng/m3, Black Carbon at 950 nm by AE43
PM25, ug/m3, PM2.5 by particle sensor
PM10, ug/m3, PM10 by particle sensor
Valve, boolian, indicator of valve conditions;0 is measurement; 10 is zeroing; 11 is spanning
1
SPECIAL COMMENTS, N/A
18
PI_CONTACT_INFO: xinrong.ren@noaa.gov, 301-683-1391, NOAA/ARL, 5830 University Research Court, College Park, MD 20740
PLATFORM: NOAA Air Resources Car
LOCATION: Salt Lake City
ASSOCIATED_DATA: N/A
INSTRUMENT_INFO: Hemisphere VS1100 differential GPS (Latitude, Longitude, GPS Altitude, speed), meteorological sensor (RH, WS, WD), 2B (O3), G60 CRDS (NO-NOx), Teledyne N500 (NO-NOx), Picarro G2401-m (CO2, CH4, CO, H2O), Picarro G2201i (CO2, CH4, d13C_CO2, d13C_CH4, H2O), Picarro 2301 (NH3), Aeris Ultra MIRA (CH4, C2H6, H2O, r, C2/C1), AE43 (Black Carbon), Partical sensor (PM2.5, PM10)
DATA_INFO: Records are reported at 1-second intervals. Hemisphere VS1100 differential GPS has 1-second ntervals. 2B O3 values are reported 2-second averages. G60 Cavity Rong Down NO-NO2-NO2 has 1-second average. Teledyne CAPS NO2 analyzer has 10-second time resolution. Picarro 2401m (CO2, CH4, CO, H2O) data has 2.5-second time resolution. Picarro 2201i (isotope) has ~5 second time resolution. Aeris Ultra MIRA has 1-second integration time. AE43 data are 10-second moving averages. Partical sensor has 10-second time resolution.
UNCERTAINTY: -99999, -99999, -99999, 15 m, -99999, -99999, -99999, -99999, 1 ppb, 100 ppm, 0.2 ppb, -99999, -99999, 5 ppb, 0.1 ppm, 1 ppb, 100 ppm, -99999, -99999, -99999, -99999, 2 ppb, 0.3 ppb, -99999, -99999, -99999, 0.05 ppb, 0.05 ppb, 0.05 ppb, 10 ng/m3, 10 ng/m3, 10 ng/m3, 10 ng/m3, 10 ng/m3, 10 ng/m3, 10 ng/m3, 10 ng/m3, 0
ULOD_FLAG: -77777
ULOD_VALUE: N/A
LLOD_FLAG: -88888
LLOD_VALUE: N/A
DM_CONTACT_INFO: Jiayang Sun; University of Maryland; jiayangs@umd.edu
PROJECT_INFO: USOS July - Aug 2024 https://deq.utah.gov/air-quality/utah-summer-ozone-study-usos
STIPULATIONS_ON_USE: Use of these data requires prior ok from PI.
OTHER_COMMENTS: N/A
REVISION: RA
RA: Preliminary Data for in-field use only.
StartTime_seconds, lat_DGPS_deg, lon_DGPS_deg, alt_msl_m, speed_km_h, RH, true_WS_m_s, true_WD_deg, CH4_aeris313_ppm, H2O_aeris313_ppm, C2H6_aeris313_ppb, r_aeris313, C2C1_aeris313, CO_g2401m_ppm, CO2_g2401m_ppm, CH4_g2401m_ppm, H2O_g2401m, delta13C_CH4_raw, delta13C_CO2_raw, CH4_g2201i_ppm, CO2_g2201i_ppm, NH3_g2301_ppb, O3_2B_ppm, NO_G60_ppb, NO2_G60_ppb, NOx_G60_ppb, NO_N500_ppb, NO2_N500_ppb, NOx_N500_ppb, BC370_AE43_ng_m3, BC470_AE43_ng_m3, BC520_AE43_ng_m3, BC590_AE43_ng_m3, BC660_AE43_ng_m3, BC880_AE43_ng_m3, BC950_AE43_ng_m3, PM25, PM10, Valve
[from data line 4879]
4879.0, 40.78070379116667, -111.94097216483333, 1286.316, 0.14, 15.0, -99999.0, -99999.0, 2.06444, 11745.1, -0.949421, -0.0620673, -99999.0, 0.19399358501, 422.7466887, 2.0269421232, 1.0433892821, -36.832656232, -6.8467318609, 1.970430060548, 422.94037979259997, -99999.0, 56.9, 4.79, 6.25, 11.03, -0.179, 6.25, 6.062, 501.0, 374.0, 380.0, 220.0, 376.0, 202.0, 692.0, -99999.0, -99999.0, 0.0
4880.0, 40.780703665000004, -111.94097208099998, 1286.342, 0.14, 15.0, -99999.0, -99999.0, 2.06305, 11761.8, -1.03312, -0.0484745, -99999.0, 0.1980078521, 422.80528154, 2.02690547585, 1.0551245700499998, -41.977561489, -6.8467318609, 1.9705880013760002, 422.94037979259997, -99999.0, -99999.0, 4.82, 6.23, 11.05, -0.179, 6.25, 6.062, 752.0, 607.0, 467.0, 149.0, 400.0, 407.0, 194.0, -99999.0, -99999.0, 0.0
4881.0, 40.780703485000004, -111.94097193016665, 1286.358, 0.06, 15.1, -99999.0, -99999.0, 2.06114, 11784.3, -1.08182, -0.067703, -99999.0, 0.19800852805, 422.941784195, 2.0268688285, 1.066859858, -99999.0, -99999.0, -99999.0, -99999.0, -99999.0, -99999.0, 4.8, 6.25, 11.05, -0.179, 6.25, 6.062, 501.0, 591.0, 680.0, 483.0, 727.0, 35.0, 95.0, -99999.0, -99999.0, 0.0
4882.0, 40.7807033155, -111.94097174933334, 1286.389, 0.12, 15.1, -99999.0, -99999.0, 2.063, 11820.3, -1.09272, -0.0505951, -99999.0, 0.20005200209, 423.01969401, 2.0268688285, 1.066859858, -41.977561489, -6.8467318609, 1.9705880013760002, 422.94037979259997, -99999.0, 56.6, 4.77, 6.26, 11.03, -0.179, 6.25, 6.062, 505.0, 743.0, 490.0, 102.0, 480.0, 202.0, 500.0, -99999.0, -99999.0, 0.0
4883.0, 40.78070314816667, -111.94097160000001, 1286.426, 0.07, 15.1, -99999.0, -99999.0, 2.06099, 11876.6, -1.25287, -0.0335823, -99999.0, 0.200052866845, 423.06862136, 2.0266945992, 1.0581282902, -41.977561489, -6.8467318609, 1.9705880013760002, 423.01090256839996, -99999.0, 57.0, 4.73, 6.28, 11.01, -0.179, 6.25, 6.062, 691.0, 508.0, 77.0, 573.0, 417.0, 407.0, -68.0, -99999.0, -99999.0, 0.0
4884.0, 40.78070298116666, -111.94097148750001, 1286.47, 0.02, 15.1, -99999.0, -99999.0, 2.06236, 11924.5, -1.21838, -0.021627, -99999.0, 0.2000537316, 423.48463359, 2.0266945992, 1.0581282902, -41.977561489, -6.1817128465, 1.9705880013760002, 423.01402881869996, -99999.0, -99999.0, 4.74, 6.27, 11.01, -0.179, 6.25, 6.062, 501.0, 395.0, 555.0, 220.0, 584.0, 712.0, 12.0, -99999.0, -99999.0, 0.0
4885.0, 40.78070280916668, -111.94097134033333, 1286.526, 0.18, 15.2, -99999.0, -99999.0, 2.06226, 11955.7, -1.57777, -0.0186235, -99999.0, 0.20994980713, 423.48463359, 2.0266945992, 1.0581282902, -36.112294351, -6.1817128465, 1.966495244738, 423.01402881869996, -99999.0, -99999.0, 4.74, 6.27, 11.01, -0.179, 6.25, 6.062, 752.0, 434.0, 700.0, 471.0, 271.0, 171.0, 653.0, -99999.0, -99999.0, 0.0
4886.0, 40.78070260266666, -111.94097118516666, 1286.587, 0.21, 15.2, -99999.0, -99999.0, 2.06258, 11975.8, -1.50975, -0.188863, -99999.0, 0.2099499231033333, 423.47265972333327, 2.0267694327, 1.0648027267, -99999.0, -99999.0, -99999.0, -99999.0, -99999.0, 58.6, 4.72, 6.27, 10.98, -0.179, 6.25, 6.062, 631.0, 628.0, 422.0, 322.0, 317.0, 204.0, 277.0, -99999.0, -99999.0, 0.0
4887.0, 40.78070238716668, -111.94097104100001, 1286.658, 0.18, 15.2, -99999.0, -99999.0, 2.06246, 11980.7, -0.942535, -0.226298, -99999.0, 0.2156257061, 423.46237479, 2.0267694327, 1.0648027267, -36.112294351, -6.1817128465, 1.966495244738, 423.01402881869996, -99999.0, 56.9, 4.73, 6.27, 11.0, -0.179, 6.25, 6.062, 626.0, 571.0, 808.0, 790.0, 529.0, 475.0, 265.0, -99999.0, -99999.0, 0.0
4888.0, 40.78070215616666, -111.94097091016666, 1286.737, 0.07, 15.2, -99999.0, -99999.0, 2.06081, 11992.8, -1.14306, -0.224183, -99999.0, 0.21562528286, 423.4218062, 2.0270096208, 1.0459175731, -36.112294351, -6.1817128465, 1.966495244738, 423.6172294036, -99999.0, -99999.0, 4.73, 6.26, 10.99, -0.179, 6.25, 6.062, 251.0, 408.0, 400.0, 604.0, 692.0, 206.0, 636.0, -99999.0, -99999.0, 0.0
4889.0, 40.780701996999994, -111.94097081366665, 1286.809, 0.05, 15.2, -99999.0, -99999.0, 2.06301, 12001.0, -1.14544, -0.207345, -99999.0, 0.21562485962, 423.26500589, 2.0270096208, 1.0459175731, -36.112294351, -7.2108475487, 1.966495244738, 423.612384549, -99999.0, 52.4, 4.79, 6.24, 11.03, -0.179, 6.25, 6.062, 631.0, 427.0, 99.0, 583.0, 383.0, 372.0, 483.0, -99999.0, -99999.0, 0.0
4890.0, 40.78070181, -111.94097069233334, 1286.879, 0.09, 15.3, -99999.0, -99999.0, 2.06261, 12016.9, -1.45708, -0.20509, -99999.0, 0.20183630379, 423.26500589, 2.0270096208, 1.0459175731, -31.616332754, -7.2108475487, 1.964089737173, 423.612384549, -99999.0, -99999.0, 4.84, 6.24, 11.07, -0.179, 6.25, 6.062, 499.0, 613.0, 364.0, 423.0, 381.0, 135.0, 387.0, -99999.0, -99999.0, 0.0
4891.0, 40.780701615166656, -111.94097057833332, 1286.943, 0.08, 15.3, -99999.0, -99999.0, 2.06224, 12005.3, -0.91782, -0.125224, -99999.0, 0.2018367256, 423.17398735, 2.0274848399, 1.0373760242, -99999.0, -99999.0, -99999.0, -99999.0, -99999.0, 53.4, 4.78, 6.28, 11.06, -0.179, 6.25, 6.062, 691.0, 424.0, 516.0, 518.0, 424.0, 510.0, 969.0, -99999.0, -99999.0, 0.0
4892.0, 40.780701421833335, -111.94097044399999, 1287.011, 0.08, 15.3, -99999.0, -99999.0, 2.06057, 11969.0, -1.15024, -0.126761, -99999.0, 0.20524069887000002, 423.34503769, 2.0274848399, 1.0373760242, -99999.0, -99999.0, -99999.0, -99999.0, -99999.0, -99999.0, 4.72, 6.29, 11.01, -0.179, 6.25, 6.062, 501.0, 660.0, 315.0, 356.0, 504.0, 508.0, 833.0, -99999.0, -99999.0, 0.0
4893.0, 40.78070123366667, -111.94097033233332, 1287.079, 0.07, 15.3, -99999.0, -99999.0, 2.05957, 11924.5, -1.2099, -0.153223, -99999.0, 0.20864425033, 423.31123273, 2.0273786323, 1.0357333168, -31.616332754, -7.2108475487, 1.964089737173, 423.72831465045, -99999.0, 58.5, 4.73, 6.31, 11.04, -0.179, 6.25, 6.062, 566.0, 660.0, 357.0, 632.0, 595.0, 410.0, 136.0, -99999.0, -99999.0, 0.0
4894.0, 40.78070103666666, -111.9409702295, 1287.145, 0.15, 15.3, -99999.0, -99999.0, 2.06283, 11886.2, -0.917738, -0.118951, -99999.0, 0.20864328597, 423.18821561, 2.0273786323, 1.0357333168, -31.616332754, -8.1251982508, 1.964089737173, 423.83993790970004, -99999.0, -99999.0, 4.69, 6.33, 11.02, -0.179, 6.25, 6.062, 626.0, 364.0, 317.0, 573.0, 755.0, 508.0, 389.0, -99999.0, -99999.0, 0.0
4895.0, 40.78070087266666, -111.94097015266668, 1287.205, 0.02, 15.3, -99999.0, -99999.0, 2.06381, 11865.0, -1.16449, 0.00203004, -99999.0, 0.19906644978, 423.06519849, 2.0273786323, 1.0357333168, -30.280143482, -8.1251982508, 1.9627361928, 423.83993790970004, -99999.0, 57.9, 4.72, 6.35, 11.07, -0.179, 6.25, 6.062, 691.0, 615.0, 538.0, 12.0, 358.0, 407.0, 335.0, -99999.0, -99999.0, 0.0
4896.0, 40.780700675333335, -111.94097006266665, 1287.266, 0.09, 15.3, -99999.0, -99999.0, 2.0644, 11850.6, -1.08737, 0.0745849, -99999.0, 0.199066446195, 423.07584908, 2.0278102988, 1.0405866618, -99999.0, -99999.0, -99999.0, -99999.0, -99999.0, -99999.0, 4.7, 6.33, 11.03, -0.179, 6.25, 6.062, 881.0, 751.0, 351.0, 514.0, 170.0, 576.0, 389.0, -99999.0, -99999.0, 0.0
4897.0, 40.780700452333335, -111.94097000383333, 1287.33, 0.11, 15.3, -99999.0, -99999.0, 2.06409, 11838.3, -1.07434, 0.08515, -99999.0, 0.19906644261, 423.14625323, 2.0278102988, 1.0405866618, -99999.0, -99999.0, -99999.0, -99999.0, -99999.0, 54.9, 4.7, 6.36, 11.05, -0.179, 6.25, 6.062, 626.0, 783.0, 680.0, 620.0, 508.0, 747.0, 277.0, -99999.0, -99999.0, 0.0
4898.0, 40.78070024416666, -111.9409699105, 1287.394, 0.08, 15.3, -99999.0, -99999.0, 2.06092, 11827.3, -1.52387, 0.160849, -99999.0, 0.20637983262, 423.16212674999997, 2.0276896562499998, 1.0429434537, -30.280143482, -8.1251982508, 1.9627361928, 423.73988324370004, -99999.0, -99999.0, 4.7, 6.33, 11.03, -0.179, 6.25, 6.062, 753.0, 219.0, 771.0, 445.0, 395.0, 203.0, 402.0, -99999.0, -99999.0, 0.0
4899.0, 40.78070005766667, -111.94096982233334, 1287.448, 0.2, 15.3, -99999.0, -99999.0, 2.06244, 11828.6, -1.42818, 0.174127, -99999.0, 0.20638050403, 423.260894615, 2.0275690137, 1.0453002456, -30.280143482, -5.7765597331, 1.9627361928, 423.65088608540003, -99999.0, 56.4, 4.67, 6.32, 10.99, -0.295, 6.375, 6.094, 756.0, 858.0, 541.0, 298.0, 313.0, 407.0, 109.0, -99999.0, -99999.0, 0.0
4900.0, 40.78069989783334, -111.94096975433334, 1287.503, 0.13, 15.3, -99999.0, -99999.0, 2.06233, 11833.5, -1.82231, 0.148664, -99999.0, 0.20852148075, 423.34378896, 2.0275690137, 1.0453002456, -37.361702314, -5.7765597331, 1.967525871739, 423.65088608540003, -99999.0, -99999.0, 4.63, 6.3, 10.92, -0.295, 6.375, 6.094, 626.0, 348.0, 748.0, 573.0, 292.0, 136.0, 415.0, -99999.0, -99999.0, 0.0
4901.0, 40.780699734, -111.94096967983333, 1287.556, 0.08, 15.3, -99999.0, -99999.0, 2.06228, 11843.1, -1.39535, 0.157528, -99999.0, 0.208522187655, 423.3757911, 2.0275039868, 1.0502255798, -99999.0, -99999.0, -99999.0, -99999.0, -99999.0, 58.3, 4.6, 6.3, 10.9, -0.295, 6.375, 6.094, 691.0, 364.0, 465.0, 390.0, 442.0, 747.0, 97.0, -99999.0, -99999.0, 0.0
4902.0, 40.780699551666665, -111.94096960583332, 1287.618, 0.13, 15.3, -99999.0, -99999.0, 2.06578, 11863.9, -1.10877, 0.145047, -99999.0, 0.20852289456, 423.68730688, 2.0275039868, 1.0502255798, -99999.0, -99999.0, -99999.0, -99999.0, -99999.0, -99999.0, 4.55, 6.32, 10.87, -0.295, 6.375, 6.094, 816.0, 835.0, 547.0, 425.0, 170.0, 407.0, 415.0, -99999.0, -99999.0, 0.0
4903.0, 40.78069942283333, -111.94096960066666, 1287.663, 0.13, 15.3, -99999.0, -99999.0, 2.06211, 11868.6, -0.935711, 0.174426, -99999.0, 0.20624854343, 423.68730688, 2.0275039868, 1.0502255798, -37.361702314, -5.7765597331, 1.967525871739, 423.9337127438, -99999.0, 56.1, 4.5, 6.32, 10.82, -0.295, 6.375, 6.094, 691.0, 427.0, 567.0, 595.0, 463.0, 611.0, 180.0, -99999.0, -99999.0, 0.0
4904.0, 40.780699244500006, -111.94096958716666, 1287.707, 0.07, 15.3, -99999.0, -99999.0, 2.06402, 11878.4, -1.38603, 0.141227, -99999.0, 0.20624976850333335, 423.91282291, 2.0276294261, 1.0772803376, -37.361702314, -6.5665797284, 1.967525871739, 424.2128149824, -99999.0, -99999.0, 4.48, 6.32, 10.81, -0.295, 6.375, 6.094, 626.0, 325.0, 572.0, 527.0, 717.0, 272.0, 95.0, -99999.0, -99999.0, 0.0
4905.0, 40.7806991405, -111.94096966216667, 1287.745, 0.19, 15.3, -99999.0, -99999.0, 2.06343, 11899.9, -1.37293, 0.124801, -99999.0, 0.20220853998, 424.15135637, 2.0276294261, 1.0772803376, -34.565507757, -6.5665797284, 1.9653339418, 424.2128149824, -99999.0, 51.7, 4.49, 6.32, 10.81, -0.295, 6.375, 6.094, 505.0, 487.0, 249.0, 186.0, 237.0, 340.0, 571.0, -99999.0, -99999.0, 0.0
4906.0, 40.78069910583333, -111.94096977749999, 1287.773, 0.11, 15.3, -99999.0, -99999.0, 2.0636, 11945.8, -1.3502, 0.121796, -99999.0, 0.202208276385, 424.23135086, 2.0272108331, 1.0742564602, -99999.0, -99999.0, -99999.0, -99999.0, -99999.0, -99999.0, 4.53, 6.3, 10.83, -0.295, 6.375, 6.094, 626.0, 584.0, 383.0, 381.0, 445.0, 136.0, 571.0, -99999.0, -99999.0, 0.0
4907.0, 40.78069911583333, -111.94096990833334, 1287.787, 0.13, 15.3, -99999.0, -99999.0, 2.06294, 12015.8, -1.35973, 0.120339, -99999.0, 0.20220801279, 424.12130904, 2.0272108331, 1.0742564602, -99999.0, -99999.0, -99999.0, -99999.0, -99999.0, 49.1, 4.53, 6.31, 10.84, -0.295, 6.375, 6.094, 380.0, 476.0, 473.0, 645.0, 449.0, 646.0, 430.0, -99999.0, -99999.0, 0.0
4908.0, 40.78069910183334, -111.94097001966665, 1287.807, 0.03, 15.3, -99999.0, -99999.0, 2.06131, 12080.3, -1.60596, 0.188998, -99999.0, 0.21022073926, 424.12130904, 2.0272108331, 1.0742564602, -34.565507757, -6.5665797284, 1.9653339418, 424.26263901285, -99999.0, -99999.0, 4.53, 6.3, 10.83, -0.295, 6.375, 6.094, 501.0, 531.0, 244.0, 518.0, 703.0, 372.0, 265.0, -99999.0, -99999.0, 0.0
4909.0, 40.78069908933333, -111.94097015833334, 1287.82, 0.18, 15.3, -99999.0, -99999.0, 2.06264, 12101.6, -1.19352, 0.135789, -99999.0, 0.210221284255, 424.0946392, 2.0271662558, 1.0692640299, -34.565507757, -7.6867977913, 1.9653339418, 424.3071807183, -99999.0, 50.0, 4.5, 6.31, 10.81, -0.295, 6.375, 6.094, 752.0, 534.0, 629.0, 573.0, 484.0, 307.0, 221.0, -99999.0, -99999.0, 0.0
4910.0, 40.7806991525, -111.94097034500001, 1287.827, 0.1, 15.4, -99999.0, -99999.0, 2.06179, 12117.6, -1.3825, 0.133347, -99999.0, 0.21022182925, 424.24583659, 2.0271662558, 1.0692640299, -33.809387526, -7.6867977913, 1.9552592922399998, 424.3071807183, -99999.0, -99999.0, 4.55, 6.32, 10.88, -0.295, 6.375, 6.094, 441.0, 547.0, 360.0, 56.0, 400.0, 340.0, 510.0, -99999.0, -99999.0, 0.0
4911.0, 40.780699219999995, -111.94097054050002, 1287.83, 0.07, 15.4, -99999.0, -99999.0, 2.0655, 12118.3, -1.14779, 0.191992, -99999.0, 0.20537308934, 424.2444545, 2.02732030035, 1.0713448813, -99999.0, -99999.0, -99999.0, -99999.0, -99999.0, 51.4, 4.58, 6.33, 10.9, -0.295, 6.375, 6.094, 441.0, 393.0, 431.0, 350.0, 504.0, 475.0, 180.0, -99999.0, -99999.0, 0.0
4912.0, 40.78069918466666, -111.94097061416666, 1287.845, 0.03, 15.4, -99999.0, -99999.0, 2.06178, 12109.0, -1.2792, 0.186574, -99999.0, 0.20537373744, 424.37323902, 2.0274743449, 1.0734257327, -99999.0, -99999.0, -99999.0, -99999.0, -99999.0, -99999.0, 4.66, 6.29, 10.95, -0.295, 6.375, 6.094, 441.0, 623.0, 383.0, 205.0, 445.0, 136.0, 471.0, -99999.0, -99999.0, 0.0
4913.0, 40.780699230833335, -111.940970781, 1287.852, 0.1, 15.5, -99999.0, -99999.0, 2.06297, 12104.6, -1.40698, 0.187646, -99999.0, 0.20656439981, 424.50340563, 2.0274743449, 1.0734257327, -33.809387526, -7.6867977913, 1.9552592922399998, 424.25811602005, -99999.0, 53.1, 4.67, 6.29, 10.96, -0.295, 6.375, 6.094, 691.0, 249.0, 640.0, 493.0, 612.0, 340.0, 415.0, -99999.0, -99999.0, 0.0
4914.0, 40.780699315999996, -111.94097092783335, 1287.848, 0.22, 15.6, -99999.0, -99999.0, 2.06285, 12104.6, -1.81883, 0.162567, -99999.0, 0.20656290732, 424.49560553, 2.027422492, 1.0669218982, -33.809387526, -7.8540058331, 1.9552592922399998, 424.20826304409997, -99999.0, -99999.0, 4.67, 6.27, 10.93, -0.295, 6.375, 6.094, 566.0, 495.0, 309.0, 341.0, 734.0, 780.0, 194.0, -99999.0, -99999.0, 0.0
4915.0, 40.78069938366667, -111.94097103466666, 1287.841, 0.13, 15.6, -99999.0, -99999.0, 2.06305, 12121.8, -1.34915, 0.151257, -99999.0, 0.20656141483, 423.80357035, 2.027422492, 1.0669218982, -99999.0, -99999.0, -99999.0, -99999.0, -99999.0, 55.8, 4.67, 6.27, 10.95, -0.295, 6.375, 6.094, 816.0, 479.0, 606.0, 434.0, 275.0, 239.0, 180.0, -99999.0, -99999.0, 0.0
4916.0, 40.78069944633333, -111.94097110550001, 1287.84, 0.05, 15.6, -99999.0, -99999.0, 2.063, 12134.9, -0.753668, 0.155065, -99999.0, 0.20768434585, 423.76485515499996, 2.0272494598, 1.0585279129999998, -48.967659579, -7.8540058331, 1.981883324449, 424.20826304409997, -99999.0, -99999.0, 4.68, 6.26, 10.94, -0.295, 6.375, 6.094, 501.0, 427.0, 581.0, 375.0, 118.0, 646.0, 291.0, -99999.0, -99999.0, 0.0
4917.0, 40.780699476666676, -111.940971174, 1287.836, 0.13, 15.6, -99999.0, -99999.0, 2.06143, 12136.2, -1.06931, 0.138177, -99999.0, 0.20768015495, 423.253557935, 2.0270764276, 1.0501339278, -99999.0, -99999.0, -99999.0, -99999.0, -99999.0, 56.4, 4.69, 6.25, 10.94, -0.295, 6.375, 6.094, 566.0, 544.0, 482.0, 130.0, 529.0, -99999.0, 415.0, -99999.0, -99999.0, 0.0
4918.0, 40.78069948266666, -111.94097122399998, 1287.827, 0.1, 15.6, -99999.0, -99999.0, 2.06506, 12105.8, -1.77375, 0.0432381, -99999.0, 0.20810509861, 422.78097591, 2.0270764276, 1.0501339278, -48.967659579, -7.8540058331, 1.981883324449, 424.20826304409997, -99999.0, -99999.0, 4.66, 6.25, 10.91, -0.295, 6.375, 6.094, 749.0, 506.0, 604.0, 571.0, 55.0, 677.0, 276.0, -99999.0, -99999.0, 0.0
