arc_raw/USOS-ARL-Suite_ARC_20240730_RA.ict
71,1001
Xinrong Ren
NOAA Air Resources Lab
ARC-Suite
USOS: Utah Summer Ozone Study
1,1
2024,07,30,2024,07,30
1
StartTime_seconds, seconds, Start time in UTC seconds since midnight
38
1,1,1,1,1,1,1,1,1,1,1,1,1,1,1,1,1,1,1,1,1,1,1,1,1,1,1,1,1,1,1,1,1,1,1,1,1,1
-99999,-99999,-99999,-99999,-99999,-99999,-99999,-99999,-99999,-99999,-99999,-99999,-99999,-99999,-99999,-99999,-99999,-99999,-99999,-99999,-99999,-99999,-99999,-99999,-99999,-99999,-99999,-99999,-99999,-99999,-99999,-99999,-99999,-99999,-99999,-99999,-99999,-99999
lat_DGPS_deg, degrees, Latitude in decimal by Hemisphere VS1100 Differential GPS
lon_DGPS_deg, degrees, Longitude in decimal by Hemisphere VS1100 Differential GPS
alt_msl_m, meters, GPS Altitude MSL
speed_km_h, km/s, vehicle speed
RH, percent, relative humidity
true_WS_m_s, m/s, wind speed by 2D sonic sensor
true_WD_deg, degree, wind direction by 2D sonic sensor
CH4_aeris313_ppm, ppm, CH4 mixing ratio by Aeris
H2O_aeris313_ppm, ppm, H2O mixing ratio by Aeris
C2H6_aeris313_ppb, ppb, C2H6 mixing ratio by Aeris
r_aeris313, 1, relavence between CH4 and C2H6 by Aeris
C2C1_aeris313, 1, C2H6 to CH4 ratio by Aeris
CO_g2401m_ppm, ppm, CO mixing ratio by Picarro G2401m
CO2_g2401m_ppm, ppm, CO2 mixing ratio by Picarro G2401m
CH4_g2401m_ppm, ppm, CH4 mixing ratio by Picarro G2401m
H2O_g2401m, ppm, H2O mixing ratio by Picarro G2401m
delta13C_CH4_raw, permill, delta 13C of CH4 by Picarro G2201i
delta13C_CO2_raw, permill, delta 13C of CO2 by Picarro G2201i
CH4_g2201i_ppm, ppm, CH4 mixing ratio by Picarro G2201i
CO2_g2201i_ppm, ppm, CO2 mixing ratio by Picarro G2201i
NH3_g2301_ppb, ppb, NH3 mixing ratio by Picarro G2301
O3_2B_ppm, ppm, O3 mixing ratio by 2B
NO_G60_ppb, ppb, NO mixing ratio by G60
NO2_G60_ppb, ppb, NO2 mixing ratio by G60
NOx_G60_ppb, ppb, NOx mixing ratio by G60
NO_N500_ppb, ppb, NO mixing ratio by N500
NO2_N500_ppb, ppb, NO2 mixing ratio by N500
NOx_N500_ppb, ppb, NOx mixing ratio by N500
BC370_AE43_ng_m3, ng/m3, Black Carbon at 370 nm by AE43
BC470_AE43_ng_m3, ng/m3, Black Carbon at 470 nm by AE43
BC520_AE43_ng_m3, ng/m3, Black Carbon at 520 nm by AE43
BC590_AE43_ng_m3, ng/m3, Black Carbon at 590 nm by AE43
BC660_AE43_ng_m3, ng/m3, Black Carbon at 660 nm by AE43
BC880_AE43_ng_m3, ng/m3, Black Carbon at 880 nm by AE43
BC950_AE43_ng_m3, ng/m3, Black Carbon at 950 nm by AE43
PM25, ug/m3, PM2.5 by particle sensor
PM10, ug/m3, PM10 by particle sensor
Valve, boolian, indicator of valve conditions;0 is measurement; 10 is zeroing; 11 is spanning
1
SPECIAL COMMENTS, N/A
18
PI_CONTACT_INFO: xinrong.ren@noaa.gov, 301-683-1391, NOAA/ARL, 5830 University Research Court, College Park, MD 20740
PLATFORM: NOAA Air Resources Car
LOCATION: Salt Lake City
ASSOCIATED_DATA: N/A
INSTRUMENT_INFO: Hemisphere VS1100 differential GPS (Latitude, Longitude, GPS Altitude, speed), meteorological sensor (RH, WS, WD), 2B (O3), G60 CRDS (NO-NOx), Teledyne N500 (NO-NOx), Picarro G2401-m (CO2, CH4, CO, H2O), Picarro G2201i (CO2, CH4, d13C_CO2, d13C_CH4, H2O), Picarro 2301 (NH3), Aeris Ultra MIRA (CH4, C2H6, H2O, r, C2/C1), AE43 (Black Carbon), Partical sensor (PM2.5, PM10)
DATA_INFO: Records are reported at 1-second intervals. Hemisphere VS1100 differential GPS has 1-second ntervals. 2B O3 values are reported 2-second averages. G60 Cavity Rong Down NO-NO2-NO2 has 1-second average. Teledyne CAPS NO2 analyzer has 10-second time resolution. Picarro 2401m (CO2, CH4, CO, H2O) data has 2.5-second time resolution. Picarro 2201i (isotope) has ~5 second time resolution. Aeris Ultra MIRA has 1-second integration time. AE43 data are 10-second moving averages. Partical sensor has 10-second time resolution.
UNCERTAINTY: -99999, -99999, -99999, 15 m, -99999, -99999, -99999, -99999, 1 ppb, 100 ppm, 0.2 ppb, -99999, -99999, 5 ppb, 0.1 ppm, 1 ppb, 100 ppm, -99999, -99999, -99999, -99999, 2 ppb, 0.3 ppb, -99999, -99999, -99999, 0.05 ppb, 0.05 ppb, 0.05 ppb, 10 ng/m3, 10 ng/m3, 10 ng/m3, 10 ng/m3, 10 ng/m3, 10 ng/m3, 10 ng/m3, 10 ng/m3, 0
ULOD_FLAG: -77777
ULOD_VALUE: N/A
LLOD_FLAG: -88888
LLOD_VALUE: N/A
DM_CONTACT_INFO: Jiayang Sun; University of Maryland; jiayangs@umd.edu
PROJECT_INFO: USOS July - Aug 2024 https://deq.utah.gov/air-quality/utah-summer-ozone-study-usos
STIPULATIONS_ON_USE: Use of these data requires prior ok from PI.
OTHER_COMMENTS: N/A
REVISION: RA
RA: Preliminary Data for in-field use only.
StartTime_seconds, lat_DGPS_deg, lon_DGPS_deg, alt_msl_m, speed_km_h, RH, true_WS_m_s, true_WD_deg, CH4_aeris313_ppm, H2O_aeris313_ppm, C2H6_aeris313_ppb, r_aeris313, C2C1_aeris313, CO_g2401m_ppm, CO2_g2401m_ppm, CH4_g2401m_ppm, H2O_g2401m, delta13C_CH4_raw, delta13C_CO2_raw, CH4_g2201i_ppm, CO2_g2201i_ppm, NH3_g2301_ppb, O3_2B_ppm, NO_G60_ppb, NO2_G60_ppb, NOx_G60_ppb, NO_N500_ppb, NO2_N500_ppb, NOx_N500_ppb, BC370_AE43_ng_m3, BC470_AE43_ng_m3, BC520_AE43_ng_m3, BC590_AE43_ng_m3, BC660_AE43_ng_m3, BC880_AE43_ng_m3, BC950_AE43_ng_m3, PM25, PM10, Valve
[from data line 2387]
2387.0, 40.780701505, -111.94098279516666, 1287.86, 0.09, 11.2, -99999.0, -99999.0, -99999.0, -99999.0, -99999.0, -99999.0, -99999.0, -0.34562151123, 413.11799484, 1.9259037282, 0.67887537196, 113.36649011, -525.0084074, 1.979653136809, 420.31574761859997, -99999.0, -99999.0, -99999.0, -99999.0, -99999.0, 0.258, 0.629, 0.887, 497.0, 486.0, 365.0, -13.0, 212.0, 365.0, 427.0, -99999.0, -99999.0, 0.0
2388.0, 40.78070169383333, -111.9409830025, 1287.835, 0.07, 11.2, -99999.0, -99999.0, -99999.0, -99999.0, -99999.0, -99999.0, -99999.0, -0.34562151123, 413.11799484, 1.9261186452, 0.67887537196, 113.36649011, -525.0084074, 1.979653136809, 424.9882846956, -99999.0, 62.2, -99999.0, -99999.0, -99999.0, 0.258, 0.629, 0.887, 895.0, 827.0, 250.0, 685.0, 326.0, 471.0, 376.0, -99999.0, -99999.0, 0.0
2389.0, 40.780701927166675, -111.94098321133333, 1287.812, 0.07, 11.2, -99999.0, -99999.0, -99999.0, -99999.0, -99999.0, -99999.0, -99999.0, -0.34562213438, 413.11799484, 1.9261186452, 0.67887537196, 113.36649011, -530.27388861, 1.979653136809, 424.9632719584, -99999.0, -99999.0, -99999.0, -99999.0, -99999.0, 0.258, 0.629, 0.887, 957.0, 696.0, 595.0, 120.0, 627.0, 231.0, 432.0, -99999.0, -99999.0, 0.0
2390.0, 40.780702076833336, -111.94098339233332, 1287.797, 0.14, 11.3, -99999.0, -99999.0, -99999.0, -99999.0, -99999.0, -99999.0, -99999.0, -0.34562213438, 412.4819141, 1.9261186452, 0.67887537196, 122.41988107, -530.27388861, 1.967210650015, 424.9632719584, -99999.0, 61.3, -99999.0, -99999.0, -99999.0, 0.258, 0.629, 0.887, 895.0, 545.0, 311.0, 532.0, 749.0, -138.0, 460.0, -99999.0, -99999.0, 0.0
2391.0, 40.780702246999994, -111.94098357050001, 1287.773, 0.02, 11.3, -99999.0, -99999.0, -99999.0, -99999.0, -99999.0, -99999.0, -99999.0, -0.32509041025, 412.4819141, 1.9261186452, 0.67887537196, 122.41988107, -530.27388861, 1.967210650015, 424.9632719584, -99999.0, -99999.0, -99999.0, -99999.0, -99999.0, 0.258, 0.629, 0.887, 808.0, 696.0, 528.0, 133.0, -383.0, 302.0, 359.0, -99999.0, -99999.0, 0.0
2392.0, 40.78070236683333, -111.94098371633332, 1287.759, 0.12, 11.2, -99999.0, -99999.0, -99999.0, -99999.0, -99999.0, -99999.0, -99999.0, -0.32509041025, 412.4819141, 1.9250139417, 0.67887537196, 122.41988107, -528.850347095, 1.967210650015, 423.0452532936, -99999.0, 61.6, -99999.0, -99999.0, -99999.0, 0.258, 0.629, 0.887, 311.0, 643.0, 149.0, 120.0, 366.0, 49.0, -157.0, -99999.0, -99999.0, 0.0
2393.0, 40.780702510999994, -111.94098388299999, 1287.733, 0.11, 11.2, -99999.0, -99999.0, -99999.0, -99999.0, -99999.0, -99999.0, -99999.0, -0.32509109523, 412.347979135, 1.9250139417, 0.67887537196, -99999.0, -99999.0, -99999.0, -99999.0, -99999.0, -99999.0, -99999.0, -99999.0, -99999.0, 0.258, 0.629, 0.887, 1044.0, 591.0, 568.0, 279.0, 749.0, 249.0, 157.0, -99999.0, -99999.0, 0.0
2394.0, 40.78070251716666, -111.94098392616667, 1287.722, 0.08, 11.2, -99999.0, -99999.0, -99999.0, -99999.0, -99999.0, -99999.0, -99999.0, -0.33494676086, 412.21404417, 1.9250139417, 0.67887537196, 106.31368991, -527.42680558, 1.9677894207220001, 423.051984948, -99999.0, 62.9, -99999.0, -99999.0, -99999.0, 0.258, 0.629, 0.887, 870.0, 873.0, 95.0, 406.0, 171.0, 378.0, 432.0, -99999.0, -99999.0, 0.0
2395.0, 40.78070251316666, -111.94098393983334, 1287.709, 0.08, 11.1, -99999.0, -99999.0, -99999.0, -99999.0, -99999.0, -99999.0, -99999.0, -99999.0, -99999.0, -99999.0, -99999.0, 106.31368991, -527.42680558, 1.9677894207220001, 423.051984948, -99999.0, -99999.0, -99999.0, -99999.0, -99999.0, 0.258, 0.629, 0.887, 721.0, 624.0, 805.0, 392.0, 749.0, 814.0, 494.0, -99999.0, -99999.0, 0.0
2396.0, 40.78070249316667, -111.94098396883334, 1287.695, 0.05, 11.0, -99999.0, -99999.0, -99999.0, -99999.0, -99999.0, -99999.0, -99999.0, -0.33494662683, 412.21404417, 1.9256963116, 0.67887537196, 106.31368991, -528.7477597249999, 1.9677894207220001, 423.8896909249, -99999.0, 65.0, -99999.0, -99999.0, -99999.0, 0.258, 0.629, 0.887, 1106.0, 387.0, 420.0, 133.0, 521.0, -218.0, 612.0, -99999.0, -99999.0, 0.0
2397.0, 40.780702491, -111.94098403083332, 1287.683, 0.14, 11.0, -99999.0, -99999.0, -99999.0, -99999.0, -99999.0, -99999.0, -99999.0, -0.3349464928, 412.22915329, 1.9256963116, 0.67887537196, -99999.0, -99999.0, -99999.0, -99999.0, -99999.0, -99999.0, -99999.0, -99999.0, -99999.0, 0.258, 0.629, 0.887, 621.0, -387.0, 453.0, 279.0, -179.0, 418.0, 427.0, -99999.0, -99999.0, 0.0
2398.0, 40.78070245866666, -111.94098408416667, 1287.675, 0.11, 11.0, -99999.0, -99999.0, -99999.0, -99999.0, -99999.0, -99999.0, -99999.0, -0.34221729016, 412.22915329, 1.9256963116, 0.67887537196, 133.84044958, -530.06871387, 1.902295130341, 423.88343192499997, -99999.0, 65.7, -99999.0, -99999.0, -99999.0, 0.258, 0.629, 0.887, 311.0, 853.0, 670.0, -7.0, 277.0, 427.0, 28.0, -99999.0, -99999.0, 0.0
2399.0, 40.78070251166666, -111.94098415633334, 1287.66, 0.05, 10.9, -99999.0, -99999.0, -99999.0, -99999.0, -99999.0, -99999.0, -99999.0, -0.34221729016, 412.22915329, 1.9262908145, 0.67887537196, 133.84044958, -530.06871387, 1.902295130341, 423.88343192499997, -99999.0, -99999.0, -99999.0, -99999.0, -99999.0, 0.258, 0.629, 0.887, 1081.0, 801.0, 535.0, 7.0, 896.0, 507.0, 937.0, -99999.0, -99999.0, 0.0
2400.0, 40.78070254616667, -111.94098420383334, 1287.654, 0.08, 10.9, -99999.0, -99999.0, -99999.0, -99999.0, -99999.0, -99999.0, -99999.0, -0.34221754227, 412.22915329, 1.9262908145, 0.67887537196, 133.84044958, -529.313966865, 1.902295130341, 422.28790014850006, -99999.0, 64.8, -99999.0, -99999.0, -99999.0, 0.222, 0.672, 0.895, 808.0, 545.0, 386.0, 558.0, 480.0, 271.0, 528.0, -99999.0, -99999.0, 0.0
2401.0, 40.78070258583333, -111.94098426183334, 1287.65, 0.11, 10.9, -99999.0, -99999.0, -99999.0, -99999.0, -99999.0, -99999.0, -99999.0, -0.34062077153500003, 412.25405425, 1.9262908145, 0.67887537196, -99999.0, -99999.0, -99999.0, -99999.0, -99999.0, -99999.0, -99999.0, -99999.0, -99999.0, 0.222, 0.672, 0.895, 1280.0, 565.0, 365.0, 259.0, 81.0, -58.0, 269.0, -99999.0, -99999.0, 0.0
2402.0, 40.7807026485, -111.94098432266668, 1287.644, 0.02, 10.9, -99999.0, -99999.0, -99999.0, -99999.0, -99999.0, -99999.0, -99999.0, -99999.0, -99999.0, -99999.0, -99999.0, 121.37201914, -528.55921986, 1.940622295057, 422.29146283110003, -99999.0, 63.5, -99999.0, -99999.0, -99999.0, 0.222, 0.672, 0.895, 124.0, 657.0, 162.0, 538.0, 497.0, 271.0, 118.0, -99999.0, -99999.0, 0.0
2403.0, 40.780702786, -111.94098443366666, 1287.649, 0.12, 10.9, -99999.0, -99999.0, -99999.0, -99999.0, -99999.0, -99999.0, -99999.0, -0.3390240008, 412.25405425, 1.9267394515, 0.67887537196, 121.37201914, -528.55921986, 1.940622295057, 422.29146283110003, -99999.0, -99999.0, -99999.0, -99999.0, -99999.0, 0.222, 0.672, 0.895, 1205.0, 446.0, 399.0, 286.0, 98.0, -329.0, 146.0, -99999.0, -99999.0, 0.0
2404.0, 40.78070292916667, -111.940984564, 1287.648, 0.04, 10.9, -99999.0, -99999.0, -99999.0, -99999.0, -99999.0, -99999.0, -99999.0, -0.33902435585, 412.12844886000005, 1.9267394515, 0.67887537196, 121.37201914, -531.100077395, 1.940622295057, 425.83445879515, -99999.0, 62.4, -99999.0, -99999.0, -99999.0, 0.222, 0.672, 0.895, 721.0, 643.0, 318.0, 279.0, 244.0, 729.0, 297.0, -99999.0, -99999.0, 0.0
2405.0, 40.7807030555, -111.94098466833333, 1287.646, 0.1, 10.8, -99999.0, -99999.0, -99999.0, -99999.0, -99999.0, -99999.0, -99999.0, -0.35072559739, 412.00284347, 1.9267394515, 0.67887537196, -99999.0, -99999.0, -99999.0, -99999.0, -99999.0, -99999.0, -99999.0, -99999.0, -99999.0, 0.222, 0.672, 0.895, 683.0, 913.0, 636.0, 406.0, 635.0, -191.0, -337.0, -99999.0, -99999.0, 0.0
2406.0, 40.78070316433333, -111.9409847635, 1287.642, 0.09, 10.8, -99999.0, -99999.0, -99999.0, -99999.0, -99999.0, -99999.0, -99999.0, -0.35072559739, 412.00284347, 1.9251186389, 0.67887537196, 134.73525646, -533.64093493, 1.90737724134, 425.8223640455, -99999.0, 62.8, -99999.0, -99999.0, -99999.0, 0.222, 0.672, 0.895, 920.0, 59.0, -20.0, 678.0, 212.0, 98.0, -123.0, -99999.0, -99999.0, 0.0
2407.0, 40.780703258333325, -111.94098486, 1287.647, 0.09, 10.8, -99999.0, -99999.0, -99999.0, -99999.0, -99999.0, -99999.0, -99999.0, -0.35072531422, 412.00284347, 1.9251186389, 0.67887537196, 134.73525646, -533.64093493, 1.90737724134, 425.8223640455, -99999.0, -99999.0, -99999.0, -99999.0, -99999.0, 0.222, 0.672, 0.895, 646.0, 309.0, 697.0, 120.0, 497.0, 71.0, 196.0, -99999.0, -99999.0, 0.0
2408.0, 40.78070341183333, -111.94098498633333, 1287.651, 0.08, 10.8, -99999.0, -99999.0, -99999.0, -99999.0, -99999.0, -99999.0, -99999.0, -0.35072531422, 412.03721973, 1.9251186389, 0.67887537196, 134.73525646, -531.3693878649999, 1.90737724134, 423.0107038174, -99999.0, 63.2, -99999.0, -99999.0, -99999.0, 0.222, 0.672, 0.895, 447.0, 499.0, 379.0, 386.0, 440.0, 213.0, -297.0, -99999.0, -99999.0, 0.0
2409.0, 40.7807035355, -111.94098507716666, 1287.664, 0.08, 10.8, -99999.0, -99999.0, -99999.0, -99999.0, -99999.0, -99999.0, -99999.0, -0.33575125813, 412.03721973, 1.9251186389, 0.67887537196, -99999.0, -99999.0, -99999.0, -99999.0, -99999.0, -99999.0, -99999.0, -99999.0, -99999.0, 0.222, 0.672, 0.895, 572.0, 840.0, 399.0, 266.0, 497.0, 391.0, 191.0, -99999.0, -99999.0, 0.0
2410.0, 40.78070361266667, -111.94098510816666, 1287.677, 0.09, 10.8, -99999.0, -99999.0, -99999.0, -99999.0, -99999.0, -99999.0, -99999.0, -0.33575125813, 412.03721973, 1.9249344244, 0.67887537196, 130.7767721, -529.0978408, 1.936094134977, 423.0214449523, -99999.0, 61.1, -99999.0, -99999.0, -99999.0, 0.222, 0.672, 0.895, 1441.0, 309.0, 643.0, 386.0, 171.0, 4.0, 1021.0, -99999.0, -99999.0, 0.0
2411.0, 40.78070368666667, -111.94098519416666, 1287.686, 0.22, 10.8, -99999.0, -99999.0, -99999.0, -99999.0, -99999.0, -99999.0, -99999.0, -0.33575114021, 412.14480141, 1.9249344244, 0.67887537196, 130.7767721, -529.0978408, 1.936094134977, 423.0214449523, -99999.0, -99999.0, -99999.0, -99999.0, -99999.0, 0.222, 0.672, 0.895, 447.0, 387.0, 447.0, 253.0, 692.0, 551.0, -17.0, -99999.0, -99999.0, 0.0
2412.0, 40.780703760166666, -111.9409852685, 1287.691, 0.22, 10.8, -99999.0, -99999.0, -99999.0, -99999.0, -99999.0, -99999.0, -99999.0, -0.34265829591, 412.25238309, 1.9249344244, 0.67887537196, 130.7767721, -529.8575797450001, 1.936094134977, 423.82580492369993, -99999.0, 60.1, -99999.0, -99999.0, -99999.0, 0.222, 0.672, 0.895, 932.0, 794.0, 643.0, 519.0, 977.0, 493.0, 247.0, -99999.0, -99999.0, 0.0
2413.0, 40.780703833333334, -111.94098531466668, 1287.698, 0.17, 10.8, -99999.0, -99999.0, -99999.0, -99999.0, -99999.0, -99999.0, -99999.0, -0.34265829591, 412.25238309, 1.925956062, 0.67887537196, -99999.0, -99999.0, -99999.0, -99999.0, -99999.0, -99999.0, -99999.0, -99999.0, -99999.0, 0.222, 0.672, 0.895, 1255.0, 565.0, 277.0, 532.0, 212.0, 578.0, 875.0, -99999.0, -99999.0, 0.0
2414.0, 40.78070390666667, -111.94098536649999, 1287.707, 0.1, 10.8, -99999.0, -99999.0, -99999.0, -99999.0, -99999.0, -99999.0, -99999.0, -0.34265814097, 412.25238309, 1.925956062, 0.67887537196, 104.62275279, -530.61731869, 1.953799190516, 423.82220559489997, -99999.0, 62.1, -99999.0, -99999.0, -99999.0, 0.222, 0.672, 0.895, 895.0, 703.0, 460.0, 266.0, 114.0, 400.0, 163.0, -99999.0, -99999.0, 0.0
2415.0, 40.780703982666665, -111.94098539916668, 1287.709, 0.09, 10.7, -99999.0, -99999.0, -99999.0, -99999.0, -99999.0, -99999.0, -99999.0, -0.34265814097, 412.42544995, 1.925956062, 0.67887537196, 104.62275279, -530.61731869, 1.953799190516, 423.82220559489997, -99999.0, -99999.0, -99999.0, -99999.0, -99999.0, 0.222, 0.672, 0.895, 746.0, 289.0, 535.0, 538.0, 423.0, 462.0, 741.0, -99999.0, -99999.0, 0.0
2416.0, 40.78070402583334, -111.940985402, 1287.72, 0.03, 10.7, -99999.0, -99999.0, -99999.0, -99999.0, -99999.0, -99999.0, -99999.0, -0.35335100436, 412.42544995, 1.925956062, 0.67887537196, 104.62275279, -529.315820505, 1.953799190516, 421.59870689179996, -99999.0, 63.8, -99999.0, -99999.0, -99999.0, 0.222, 0.672, 0.895, 1019.0, 506.0, 352.0, 266.0, 383.0, 560.0, 623.0, -99999.0, -99999.0, 0.0
2417.0, 40.78070406566667, -111.94098544166667, 1287.733, 0.11, 10.6, -99999.0, -99999.0, -99999.0, -99999.0, -99999.0, -99999.0, -99999.0, -0.35335100436, 412.42544995, 1.926421883, 0.67887537196, -99999.0, -99999.0, -99999.0, -99999.0, -99999.0, -99999.0, -99999.0, -99999.0, -99999.0, 0.222, 0.672, 0.895, 683.0, 171.0, 893.0, 259.0, 130.0, 173.0, 572.0, -99999.0, -99999.0, 0.0
2418.0, 40.780704104, -111.94098544933334, 1287.742, 0.12, 10.6, -99999.0, -99999.0, -99999.0, -99999.0, -99999.0, -99999.0, -99999.0, -0.35335077239, 412.42544995, 1.926421883, 0.67887537196, 115.68897441, -528.01432232, 1.942234363745, 421.60484041399997, -99999.0, 63.2, -99999.0, -99999.0, -99999.0, 0.222, 0.672, 0.895, 311.0, 446.0, 365.0, 286.0, 366.0, 369.0, 84.0, -99999.0, -99999.0, 0.0
2419.0, 40.78070414333334, -111.94098547866666, 1287.749, 0.12, 10.6, -99999.0, -99999.0, -99999.0, -99999.0, -99999.0, -99999.0, -99999.0, -0.35335077239, 412.43796875, 1.926421883, 0.67887537196, 115.68897441, -528.01432232, 1.942234363745, 421.65471439994997, -99999.0, -99999.0, -99999.0, -99999.0, -99999.0, 0.222, 0.672, 0.895, 423.0, 860.0, 568.0, -146.0, 407.0, -49.0, 449.0, -99999.0, -99999.0, 0.0
2420.0, 40.780704183666664, -111.94098551533334, 1287.762, 0.06, 10.5, -99999.0, -99999.0, -99999.0, -99999.0, -99999.0, -99999.0, -99999.0, -0.35157724594, 412.43796875, 1.926421883, 0.67887537196, 115.68897441, -527.4481164, 1.942234363745, 421.7072573549, -99999.0, 60.8, -99999.0, -99999.0, -99999.0, 0.222, 0.672, 0.895, 522.0, 525.0, 467.0, 552.0, 228.0, -27.0, 718.0, -99999.0, -99999.0, 0.0
2421.0, 40.780704222, -111.94098553350001, 1287.767, 0.09, 10.5, -99999.0, -99999.0, -99999.0, -99999.0, -99999.0, -99999.0, -99999.0, -0.35157724594, 412.43796875, 1.9256847765, 0.67887537196, 122.20710659, -527.4481164, 1.950222410042, 421.7072573549, -99999.0, -99999.0, -99999.0, -99999.0, -99999.0, 0.222, 0.672, 0.895, 597.0, 643.0, -41.0, -153.0, 228.0, -289.0, 281.0, -99999.0, -99999.0, 0.0
2422.0, 40.780704234666665, -111.94098552866666, 1287.775, 0.03, 10.5, -99999.0, -99999.0, -99999.0, -99999.0, -99999.0, -99999.0, -99999.0, -0.35157715084, 412.466575305, 1.9256847765, 0.67887537196, -99999.0, -99999.0, -99999.0, -99999.0, -99999.0, 60.2, -99999.0, -99999.0, -99999.0, 0.214, 0.672, 0.887, 733.0, 624.0, 589.0, 273.0, 537.0, 196.0, 398.0, -99999.0, -99999.0, 0.0
2423.0, 40.78070422333333, -111.94098551683334, 1287.787, 0.04, 10.5, -99999.0, -99999.0, -99999.0, -99999.0, -99999.0, -99999.0, -99999.0, -0.35016497015, 412.49518186, 1.9256847765, 0.67887537196, 122.20710659, -527.4481164, 1.950222410042, 423.24178415104996, -99999.0, -99999.0, -99999.0, -99999.0, -99999.0, 0.214, 0.672, 0.887, 385.0, 722.0, 359.0, 412.0, 269.0, 165.0, 359.0, -99999.0, -99999.0, 0.0
2424.0, 40.78070420466668, -111.94098548916666, 1287.797, 0.15, 10.5, -99999.0, -99999.0, -99999.0, -99999.0, -99999.0, -99999.0, -99999.0, -99999.0, -99999.0, -99999.0, -99999.0, 122.20710659, -530.44402397, 1.950222410042, 424.76208612849996, -99999.0, 61.7, -99999.0, -99999.0, -99999.0, 0.214, 0.672, 0.887, 659.0, 604.0, 420.0, 7.0, 407.0, 116.0, 123.0, -99999.0, -99999.0, 0.0
2425.0, 40.78070420233333, -111.94098546566666, 1287.807, 0.13, 10.5, -99999.0, -99999.0, -99999.0, -99999.0, -99999.0, -99999.0, -99999.0, -0.35016497015, 412.49518186, 1.9280863128, 0.67887537196, 114.58149787, -530.44402397, 1.9620357058840001, 424.76208612849996, -99999.0, -99999.0, -99999.0, -99999.0, -99999.0, 0.214, 0.672, 0.887, 1591.0, 269.0, 413.0, 419.0, 635.0, 4.0, 17.0, -99999.0, -99999.0, 0.0
2426.0, 40.78070418316667, -111.94098542366667, 1287.816, 0.04, 10.5, -99999.0, -99999.0, -99999.0, -99999.0, -99999.0, -99999.0, -99999.0, -0.35016504356, 412.499878685, 1.9280863128, 0.67887537196, -99999.0, -99999.0, -99999.0, -99999.0, -99999.0, 61.2, -99999.0, -99999.0, -99999.0, 0.214, 0.672, 0.887, 497.0, 643.0, 575.0, 412.0, 668.0, 427.0, 696.0, -99999.0, -99999.0, 0.0
