arc_raw/USOS-ARL-Suite_ARC_20240721_RA.ict
71,1001
Xinrong Ren
NOAA Air Resources Lab
ARC-Suite
USOS: Utah Summer Ozone Study
1,1
2024,07,21,2024,07,21
1
StartTime_seconds, seconds, Start time in UTC seconds since midnight
38
1,1,1,1,1,1,1,1,1,1,1,1,1,1,1,1,1,1,1,1,1,1,1,1,1,1,1,1,1,1,1,1,1,1,1,1,1,1
-99999,-99999,-99999,-99999,-99999,-99999,-99999,-99999,-99999,-99999,-99999,-99999,-99999,-99999,-99999,-99999,-99999,-99999,-99999,-99999,-99999,-99999,-99999,-99999,-99999,-99999,-99999,-99999,-99999,-99999,-99999,-99999,-99999,-99999,-99999,-99999,-99999,-99999
lat_DGPS_deg, degrees, Latitude in decimal by Hemisphere VS1100 Differential GPS
lon_DGPS_deg, degrees, Longitude in decimal by Hemisphere VS1100 Differential GPS
alt_msl_m, meters, GPS Altitude MSL
speed_km_h, km/s, vehicle speed
RH, percent, relative humidity
true_WS_m_s, m/s, wind speed by 2D sonic sensor
true_WD_deg, degree, wind direction by 2D sonic sensor
CH4_aeris313_ppm, ppm, CH4 mixing ratio by Aeris
H2O_aeris313_ppm, ppm, H2O mixing ratio by Aeris
C2H6_aeris313_ppb, ppb, C2H6 mixing ratio by Aeris
r_aeris313, 1, relavence between CH4 and C2H6 by Aeris
C2C1_aeris313, 1, C2H6 to CH4 ratio by Aeris
CO_g2401m_ppm, ppm, CO mixing ratio by Picarro G2401m
CO2_g2401m_ppm, ppm, CO2 mixing ratio by Picarro G2401m
CH4_g2401m_ppm, ppm, CH4 mixing ratio by Picarro G2401m
H2O_g2401m, ppm, H2O mixing ratio by Picarro G2401m
delta13C_CH4_raw, permill, delta 13C of CH4 by Picarro G2201i
delta13C_CO2_raw, permill, delta 13C of CO2 by Picarro G2201i
CH4_g2201i_ppm, ppm, CH4 mixing ratio by Picarro G2201i
CO2_g2201i_ppm, ppm, CO2 mixing ratio by Picarro G2201i
NH3_g2301_ppb, ppb, NH3 mixing ratio by Picarro G2301
O3_2B_ppm, ppm, O3 mixing ratio by 2B
NO_G60_ppb, ppb, NO mixing ratio by G60
NO2_G60_ppb, ppb, NO2 mixing ratio by G60
NOx_G60_ppb, ppb, NOx mixing ratio by G60
NO_N500_ppb, ppb, NO mixing ratio by N500
NO2_N500_ppb, ppb, NO2 mixing ratio by N500
NOx_N500_ppb, ppb, NOx mixing ratio by N500
BC370_AE43_ng_m3, ng/m3, Black Carbon at 370 nm by AE43
BC470_AE43_ng_m3, ng/m3, Black Carbon at 470 nm by AE43
BC520_AE43_ng_m3, ng/m3, Black Carbon at 520 nm by AE43
BC590_AE43_ng_m3, ng/m3, Black Carbon at 590 nm by AE43
BC660_AE43_ng_m3, ng/m3, Black Carbon at 660 nm by AE43
BC880_AE43_ng_m3, ng/m3, Black Carbon at 880 nm by AE43
BC950_AE43_ng_m3, ng/m3, Black Carbon at 950 nm by AE43
PM25, ug/m3, PM2.5 by particle sensor
PM10, ug/m3, PM10 by particle sensor
Valve, boolian, indicator of valve conditions;0 is measurement; 10 is zeroing; 11 is spanning
1
SPECIAL COMMENTS, N/A
18
PI_CONTACT_INFO: xinrong.ren@noaa.gov, 301-683-1391, NOAA/ARL, 5830 University Research Court, College Park, MD 20740
PLATFORM: NOAA Air Resources Car
LOCATION: Salt Lake City
ASSOCIATED_DATA: N/A
INSTRUMENT_INFO: Hemisphere VS1100 differential GPS (Latitude, Longitude, GPS Altitude, speed), meteorological sensor (RH, WS, WD), 2B (O3), G60 CRDS (NO-NOx), Teledyne N500 (NO-NOx), Picarro G2401-m (CO2, CH4, CO, H2O), Picarro G2201i (CO2, CH4, d13C_CO2, d13C_CH4, H2O), Picarro 2301 (NH3), Aeris Ultra MIRA (CH4, C2H6, H2O, r, C2/C1), AE43 (Black Carbon), Partical sensor (PM2.5, PM10)
DATA_INFO: Records are reported at 1-second intervals. Hemisphere VS1100 differential GPS has 1-second ntervals. 2B O3 values are reported 2-second averages. G60 Cavity Rong Down NO-NO2-NO2 has 1-second average. Teledyne CAPS NO2 analyzer has 10-second time resolution. Picarro 2401m (CO2, CH4, CO, H2O) data has 2.5-second time resolution. Picarro 2201i (isotope) has ~5 second time resolution. Aeris Ultra MIRA has 1-second integration time. AE43 data are 10-second moving averages. Partical sensor has 10-second time resolution.
UNCERTAINTY: -99999, -99999, -99999, 15 m, -99999, -99999, -99999, -99999, 1 ppb, 100 ppm, 0.2 ppb, -99999, -99999, 5 ppb, 0.1 ppm, 1 ppb, 100 ppm, -99999, -99999, -99999, -99999, 2 ppb, 0.3 ppb, -99999, -99999, -99999, 0.05 ppb, 0.05 ppb, 0.05 ppb, 10 ng/m3, 10 ng/m3, 10 ng/m3, 10 ng/m3, 10 ng/m3, 10 ng/m3, 10 ng/m3, 10 ng/m3, 0
ULOD_FLAG: -77777
ULOD_VALUE: N/A
LLOD_FLAG: -88888
LLOD_VALUE: N/A
DM_CONTACT_INFO: Jiayang Sun; University of Maryland; jiayangs@umd.edu
PROJECT_INFO: USOS July - Aug 2024 https://deq.utah.gov/air-quality/utah-summer-ozone-study-usos
STIPULATIONS_ON_USE: Use of these data requires prior ok from PI.
OTHER_COMMENTS: N/A
REVISION: RA
RA: Preliminary Data for in-field use only.
StartTime_seconds, lat_DGPS_deg, lon_DGPS_deg, alt_msl_m, speed_km_h, RH, true_WS_m_s, true_WD_deg, CH4_aeris313_ppm, H2O_aeris313_ppm, C2H6_aeris313_ppb, r_aeris313, C2C1_aeris313, CO_g2401m_ppm, CO2_g2401m_ppm, CH4_g2401m_ppm, H2O_g2401m, delta13C_CH4_raw, delta13C_CO2_raw, CH4_g2201i_ppm, CO2_g2201i_ppm, NH3_g2301_ppb, O3_2B_ppm, NO_G60_ppb, NO2_G60_ppb, NOx_G60_ppb, NO_N500_ppb, NO2_N500_ppb, NOx_N500_ppb, BC370_AE43_ng_m3, BC470_AE43_ng_m3, BC520_AE43_ng_m3, BC590_AE43_ng_m3, BC660_AE43_ng_m3, BC880_AE43_ng_m3, BC950_AE43_ng_m3, PM25, PM10, Valve
[from data line 4621]
7063.0, 40.78069004633333, -111.94098974516668, 1287.966, 0.04, 19.7, 1.37, 118.26, 1.97644, 13136.8, 18.6769, 0.134298, -99999.0, 0.15973581734, 425.84141120000004, 1.9544236688, 1.1490331814, -50.504301429, -6.9273064545, 1.91616200699, 425.47863686629995, -99999.0, 49.4, 18.87, 2.68, 21.55, -0.762, 2.297, 1.539, -99999.0, -99999.0, -99999.0, -99999.0, -99999.0, -99999.0, -99999.0, 3.9, 6.0, 0.0
7064.0, 40.78069008833334, -111.940989745, 1287.958, 0.11, 19.8, 1.48, 154.76, 1.97938, 13167.0, 18.9888, 0.194634, -99999.0, 0.16228069714, 425.26291728, 1.9544236688, 1.1490331814, -50.504301429, -6.9273064545, 1.91616200699, 425.47863686629995, -99999.0, -99999.0, 18.88, 2.66, 21.53, -0.762, 2.297, 1.539, -99999.0, -99999.0, -99999.0, -99999.0, -99999.0, -99999.0, -99999.0, 3.88, 5.41, 0.0
7065.0, 40.78069012533334, -111.94098972016667, 1287.951, 0.08, 19.8, 1.4, 137.05, 1.9768, 13183.5, 18.9865, 0.168433, -99999.0, 0.16228025316, 425.21878282, 1.9548362336, 1.144783375, -50.504301429, -6.9273064545, 1.91616200699, 425.0795850407, -99999.0, 47.0, 18.87, 2.67, 21.54, -0.762, 2.297, 1.539, -99999.0, -99999.0, -99999.0, -99999.0, -99999.0, -99999.0, -99999.0, 5.49, 8.2, 0.0
7066.0, 40.78069021933333, -111.94098968633334, 1287.938, 0.06, 19.8, 1.67, 150.74, 1.97765, 13184.9, 18.8611, 0.185309, -99999.0, 0.16227980918, 425.01339771, 1.9548362336, 1.144783375, -50.504301429, -7.2049390162, 1.91616200699, 425.0782735079, -99999.0, -99999.0, 18.88, 2.68, 21.56, -0.762, 2.297, 1.539, -99999.0, -99999.0, -99999.0, -99999.0, -99999.0, -99999.0, -99999.0, -99999.0, -99999.0, 0.0
7067.0, 40.78069035466667, -111.94098963933332, 1287.914, 0.03, 19.8, 1.55, 150.34, 1.97596, 13184.1, 18.67, 0.2239, -99999.0, 0.15937188075, 424.98285422000004, 1.95461536445, 1.1377534502, -48.281501772, -7.2049390162, 1.904512611775, 425.0782735079, -99999.0, 44.0, 18.89, 2.69, 21.58, -0.762, 2.297, 1.539, -99999.0, -99999.0, -99999.0, -99999.0, -99999.0, -99999.0, -99999.0, 3.87, 6.55, 0.0
7068.0, 40.780690461, -111.94098958499998, 1287.9, 0.11, 19.8, 1.44, 140.84, 1.97837, 13170.8, 18.8152, 0.299074, -99999.0, 0.1593637564, 424.18172909, 1.9543944953, 1.1307235254, -48.281501772, -7.2049390162, 1.904512611775, 425.0782735079, -99999.0, -99999.0, 18.82, 2.7, 21.52, -0.762, 2.297, 1.539, -99999.0, -99999.0, -99999.0, -99999.0, -99999.0, -99999.0, -99999.0, 4.21, 6.7, 0.0
7069.0, 40.7806905935, -111.94098952799999, 1287.874, 0.09, 19.8, 1.0, 120.94, 1.9802, 13155.3, 18.9364, 0.216459, -99999.0, 0.14338209348, 423.41114745, 1.9543944953, 1.1307235254, -48.281501772, -6.831184020649999, 1.904512611775, 425.14231859644997, -99999.0, 44.6, 18.89, 2.69, 21.58, -0.762, 2.297, 1.539, -99999.0, -99999.0, -99999.0, -99999.0, -99999.0, -99999.0, -99999.0, 4.91, 12.49, 0.0
7070.0, 40.780690740500006, -111.94098947066665, 1287.849, 0.06, 19.8, 1.06, 132.75, 1.97951, 13143.0, 18.7068, 0.192193, -99999.0, 0.143381072845, 423.35169402, 1.9542698137, 1.1268893112, -99999.0, -99999.0, -99999.0, -99999.0, -99999.0, -99999.0, 18.86, 2.7, 21.56, -0.762, 2.297, 1.539, -99999.0, -99999.0, -99999.0, -99999.0, -99999.0, -99999.0, -99999.0, 3.48, 3.48, 0.0
7071.0, 40.78069089666668, -111.94098941333331, 1287.823, 0.04, 19.7, 0.94, 135.34, 1.97647, 13123.3, 18.3844, 0.257767, -99999.0, 0.14338005221, 422.97581114, 1.9542698137, 1.1268893112, -38.910345716, -6.4574290251, 1.902948266431, 425.1440844691, -99999.0, 49.6, 18.88, 2.69, 21.57, -0.762, 2.297, 1.539, -99999.0, -99999.0, -99999.0, -99999.0, -99999.0, -99999.0, -99999.0, 4.28, 6.035, 0.0
7072.0, 40.78069103566667, -111.94098935916666, 1287.801, 0.03, 19.7, 1.29, 118.26, 1.97692, 13089.3, 18.8102, 0.28097, -99999.0, 0.15556731555, 422.970413305, 1.95392506535, 1.1271802739, -38.910345716, -6.4574290251, 1.902948266431, 425.1440844691, -99999.0, -99999.0, 18.89, 2.68, 21.57, -0.762, 2.297, 1.539, -99999.0, -99999.0, -99999.0, -99999.0, -99999.0, -99999.0, -99999.0, -99999.0, -99999.0, 0.0
7073.0, 40.780691154, -111.94098931416666, 1287.786, 0.14, 19.7, 1.49, 84.53, 1.97791, 13055.1, 18.7837, 0.317251, -99999.0, 0.15557004619, 423.2371221, 1.953580317, 1.1274712366, -38.910345716, -6.327516453099999, 1.902948266431, 424.88474349809997, -99999.0, 52.7, 18.9, 2.68, 21.58, -0.625, 2.297, 1.68, -99999.0, -99999.0, -99999.0, -99999.0, -99999.0, -99999.0, -99999.0, 4.395, 8.12, 0.0
7074.0, 40.7806912955, -111.94098927066668, 1287.765, 0.15, 19.7, 2.12, 91.73, 1.9794, 13034.3, 18.8237, 0.299081, -99999.0, 0.15707695586, 423.50922873, 1.953580317, 1.1274712366, -99999.0, -99999.0, -99999.0, -99999.0, -99999.0, -99999.0, 18.92, 2.68, 21.6, -0.625, 2.297, 1.68, -99999.0, -99999.0, -99999.0, -99999.0, -99999.0, -99999.0, -99999.0, -99999.0, -99999.0, 0.0
7075.0, 40.78069142616666, -111.94098926099998, 1287.739, 0.13, 19.6, 2.17, 102.37, 1.97558, 13014.8, 18.4226, 0.384636, -99999.0, 0.157078751575, 423.53983586, 1.9540635366, 1.1360982569, -52.801484345, -6.1976038811, 1.9250549667199999, 424.8853569181, -99999.0, 51.5, 18.87, 2.7, 21.57, -0.625, 2.297, 1.68, -99999.0, -99999.0, -99999.0, -99999.0, -99999.0, -99999.0, -99999.0, 3.67, 7.69, 0.0
7076.0, 40.780691501999996, -111.94098921933333, 1287.727, 0.07, 19.6, 2.01, 88.04, 1.97784, 12999.9, 18.657, 0.366061, -99999.0, 0.15708054729, 424.25481701, 1.9540635366, 1.1360982569, -52.801484345, -6.1976038811, 1.9250549667199999, 424.8853569181, -99999.0, -99999.0, 18.86, 2.69, 21.55, -0.625, 2.297, 1.68, -99999.0, -99999.0, -99999.0, -99999.0, -99999.0, -99999.0, -99999.0, 3.7800000000000002, 4.835, 0.0
7077.0, 40.780691557, -111.94098918200001, 1287.714, 0.1, 19.6, 1.32, 105.54, 1.97697, 12998.8, 18.7058, 0.371271, -99999.0, 0.15901415668, 424.282179095, 1.9544636558000001, 1.1400011023999999, -52.801484345, -7.339814692699999, 1.9250549667199999, 425.5574380691, -99999.0, 49.3, 18.84, 2.7, 21.54, -0.625, 2.297, 1.68, -99999.0, -99999.0, -99999.0, -99999.0, -99999.0, -99999.0, -99999.0, 3.52, 7.11, 0.0
7078.0, 40.78069165316666, -111.9409891515, 1287.703, 0.08, 19.6, 1.8, 79.25, 1.97901, 13005.8, 18.3877, 0.26455, -99999.0, 0.15901850687, 424.70677584500004, 1.954863775, 1.1439039479, -99999.0, -99999.0, -99999.0, -99999.0, -99999.0, -99999.0, 18.85, 2.71, 21.56, -0.625, 2.297, 1.68, -99999.0, -99999.0, -99999.0, -99999.0, -99999.0, -99999.0, -99999.0, -99999.0, -99999.0, 0.0
7079.0, 40.78069169716667, -111.94098913983335, 1287.696, 0.07, 19.6, 1.59, 77.33, 1.97855, 13009.8, 18.7188, 0.260011, -99999.0, 0.16847699989, 425.10401051, 1.954863775, 1.1439039479, -46.337646749, -8.4820255043, 1.908820678311, 425.5520361889, -99999.0, 51.3, 18.86, 2.7, 21.57, -0.625, 2.297, 1.68, -99999.0, -99999.0, -99999.0, -99999.0, -99999.0, -99999.0, -99999.0, 4.79, 6.285, 0.0
7080.0, 40.780691735, -111.94098910899999, 1287.691, 0.06, 19.6, 1.96, 78.33, 1.97861, 13026.4, 19.2121, 0.277993, -99999.0, 0.16847564188, 425.12022289, 1.9549204767, 1.1409561178, -46.337646749, -8.4820255043, 1.908820678311, 425.5520361889, -99999.0, -99999.0, 18.85, 2.71, 21.56, -0.625, 2.297, 1.68, -99999.0, -99999.0, -99999.0, -99999.0, -99999.0, -99999.0, -99999.0, -99999.0, -99999.0, 0.0
7081.0, 40.780691753, -111.94098909883333, 1287.688, 0.14, 19.6, 1.7, 102.53, 1.98039, 13051.9, 18.8365, 0.29225, -99999.0, 0.16847428387, 424.58909249, 1.9549204767, 1.1409561178, -46.337646749, -8.014780751149999, 1.908820678311, 425.19155476134995, -99999.0, 52.4, 18.87, 2.74, 21.61, -0.625, 2.297, 1.68, -99999.0, -99999.0, -99999.0, -99999.0, -99999.0, -99999.0, -99999.0, 4.255, 6.415, 0.0
7082.0, 40.78069176266666, -111.94098905450001, 1287.687, 0.07, 19.6, 1.63, 109.82, 1.97917, 13073.8, 18.7552, 0.311425, -99999.0, 0.15970303871, 424.58909249, 1.9549204767, 1.1409561178, -99999.0, -99999.0, -99999.0, -99999.0, -99999.0, -99999.0, 18.84, 2.75, 21.59, -0.625, 2.297, 1.68, -99999.0, -99999.0, -99999.0, -99999.0, -99999.0, -99999.0, -99999.0, 3.45, 4.4, 0.0
7083.0, 40.780691751, -111.940989024, 1287.687, 0.15, 19.6, 1.11, 97.03, 1.97796, 13096.6, 18.9145, 0.301552, -99999.0, 0.15970198367666666, 424.49086819333337, 1.9548056653999997, 1.1381166917, -53.658841116, -7.547535998, 1.922958233089, 425.19376262789996, -99999.0, 47.7, 18.91, 2.75, 21.65, -0.625, 2.297, 1.68, -99999.0, -99999.0, -99999.0, -99999.0, -99999.0, -99999.0, -99999.0, 4.4, 4.4, 0.0
7084.0, 40.780691746833334, -111.94098900916667, 1287.688, 0.08, 19.6, 0.71, 95.93, 1.97658, 13094.3, 18.7192, 0.303099, -99999.0, 0.15765754638, 424.33299336, 1.9548056654, 1.1381166917, -53.658841116, -7.547535998, 1.922958233089, 425.19376262789996, -99999.0, -99999.0, 18.96, 2.76, 21.72, -0.625, 2.297, 1.68, -99999.0, -99999.0, -99999.0, -99999.0, -99999.0, -99999.0, -99999.0, 3.67, 6.28, 0.0
7085.0, 40.78069173316667, -111.94098898083332, 1287.69, 0.08, 19.6, 0.98, 48.73, 1.97816, 13095.1, 18.5498, 0.295115, -99999.0, 0.15765711319, 424.31715954, 1.9548067701, 1.1362019735, -53.658841116, -7.18476631835, 1.922958233089, 425.19080110065, -99999.0, 44.8, 18.99, 2.77, 21.76, -0.625, 2.297, 1.68, -99999.0, -99999.0, -99999.0, -99999.0, -99999.0, -99999.0, -99999.0, -99999.0, -99999.0, 0.0
7086.0, 40.780691702999995, -111.94098897183333, 1287.695, 0.08, 19.6, 1.16, 44.73, 1.98038, 13089.3, 18.89, 0.330108, -99999.0, 0.15765668, 424.09074925, 1.9548067701, 1.1362019735, -99999.0, -99999.0, -99999.0, -99999.0, -99999.0, -99999.0, 19.0, 2.77, 21.77, -0.625, 2.297, 1.68, -99999.0, -99999.0, -99999.0, -99999.0, -99999.0, -99999.0, -99999.0, 4.13, 11.365, 0.0
7087.0, 40.780691672333326, -111.94098892666668, 1287.701, 0.03, 19.6, 0.52, 115.22, 1.97688, 13079.7, 18.78, 0.358221, -99999.0, 0.15001120023, 424.09074925, 1.9548067701, 1.1362019735, -48.934779066, -6.8219966387, 1.9115709564980001, 425.19251527340003, -99999.0, 46.5, 19.02, 2.77, 21.8, -0.625, 2.297, 1.68, -99999.0, -99999.0, -99999.0, -99999.0, -99999.0, -99999.0, -99999.0, 3.85, 26.43, 0.0
7088.0, 40.78069164883333, -111.9409889005, 1287.704, 0.18, 19.6, 1.12, 79.31, 1.97765, 13072.7, 18.5988, 0.340523, -99999.0, 0.15001076296333332, 424.06312341333336, 1.9543907702, 1.1378849449, -48.934779066, -6.8219966387, 1.9115709564980001, 425.10941415165007, -99999.0, -99999.0, 19.02, 2.78, 21.8, -0.625, 2.297, 1.68, -99999.0, -99999.0, -99999.0, -99999.0, -99999.0, -99999.0, -99999.0, -99999.0, -99999.0, 0.0
7089.0, 40.78069159783334, -111.94098886799999, 1287.712, 0.03, 19.6, 0.37, 85.51, 1.97956, 13077.8, 18.4331, 0.247528, -99999.0, 0.15392193087, 424.00941448, 1.9543907702, 1.1378849449, -48.934779066, -8.0073973316, 1.9115709564980001, 425.02071392000005, -99999.0, 45.5, 19.05, 2.78, 21.84, -0.625, 2.297, 1.68, -99999.0, -99999.0, -99999.0, -99999.0, -99999.0, -99999.0, -99999.0, 4.23, 9.32, 0.0
7090.0, 40.780691570500004, -111.94098882283333, 1287.715, 0.11, 19.6, 0.94, 64.33, 1.97975, 13077.9, 18.7996, 0.26336, -99999.0, 0.15392193087, 424.02161068, 1.9546576362, 1.1398665677, -52.083253407, -8.0073973316, 1.914492240123, 425.02071392000005, -99999.0, -99999.0, 19.04, 2.8, 21.84, -0.625, 2.297, 1.68, -99999.0, -99999.0, -99999.0, -99999.0, -99999.0, -99999.0, -99999.0, 3.92, 16.96, 0.0
7091.0, 40.78069155349999, -111.94098878916665, 1287.718, 0.07, 19.6, 0.7, 75.64, 1.97924, 13070.2, 18.8039, 0.267437, -99999.0, 0.15392517897, 424.29722499, 1.9546576362, 1.1398665677, -99999.0, -99999.0, -99999.0, -99999.0, -99999.0, 44.1, 19.06, 2.8, 21.86, -0.625, 2.297, 1.68, -99999.0, -99999.0, -99999.0, -99999.0, -99999.0, -99999.0, -99999.0, 4.4350000000000005, 5.88, 0.0
7092.0, 40.78069150466666, -111.94098875466668, 1287.727, 0.02, 19.6, 0.84, 99.83, 1.97834, 13073.5, 18.8762, 0.305495, -99999.0, 0.15496538284, 424.5728393, 1.9546576362, 1.1398665677, -52.083253407, -8.0073973316, 1.914492240123, 425.07613675455, -99999.0, -99999.0, 19.09, 2.8, 21.89, -0.625, 2.297, 1.68, -99999.0, -99999.0, -99999.0, -99999.0, -99999.0, -99999.0, -99999.0, -99999.0, -99999.0, 0.0
7093.0, 40.7806914545, -111.94098871400001, 1287.734, 0.12, 19.6, 0.53, 73.83, 1.97689, 13073.6, 18.7439, 0.293812, -99999.0, 0.154967728635, 424.60933824, 1.9545586095, 1.1488375932, -52.083253407, -5.2960688085, 1.914492240123, 425.1443695914, -99999.0, 47.6, 19.06, 2.81, 21.87, -0.625, 2.297, 1.68, -99999.0, -99999.0, -99999.0, -99999.0, -99999.0, -99999.0, -99999.0, 4.68, 6.72, 0.0
7094.0, 40.78069139766667, -111.94098867066666, 1287.744, 0.07, 19.6, 0.28, 22.36, 1.97781, 13068.3, 18.388, 0.266238, -99999.0, 0.15387075231, 425.49426773, 1.9545586095, 1.1488375932, -47.442840864, -5.2960688085, 1.908776690918, 425.1443695914, -99999.0, -99999.0, 19.04, 2.82, 21.86, -0.625, 2.297, 1.68, -99999.0, -99999.0, -99999.0, -99999.0, -99999.0, -99999.0, -99999.0, 4.64, 11.78, 0.0
7095.0, 40.78069134316667, -111.94098863883333, 1287.757, 0.08, 19.6, 0.52, 84.95, 1.98056, 13075.5, 18.8212, 0.341677, -99999.0, 0.15277143019, 425.52432546, 1.9543242402, 1.1488644015, -99999.0, -99999.0, -99999.0, -99999.0, -99999.0, 50.5, 19.06, 2.82, 21.88, -0.637, 2.312, 1.68, -99999.0, -99999.0, -99999.0, -99999.0, -99999.0, -99999.0, -99999.0, 4.06, 16.68, 0.0
7096.0, 40.78069128933334, -111.94098860950001, 1287.766, 0.02, 19.6, 0.33, 85.56, 1.97839, 13088.5, 18.7186, 0.357798, -99999.0, 0.15276419304, 424.90165766, 1.9543242402, 1.1488644015, -47.442840864, -5.2960688085, 1.908776690918, 425.11141663520004, -99999.0, -99999.0, 19.03, 2.82, 21.85, -0.637, 2.312, 1.68, -99999.0, -99999.0, -99999.0, -99999.0, -99999.0, -99999.0, -99999.0, 4.22, 4.22, 0.0
7097.0, 40.78069122583333, -111.94098856866667, 1287.776, 0.03, 19.7, 0.33, 71.36, 1.97655, 13107.3, 18.9781, 0.278239, -99999.0, 0.15103365098, 424.27898986, 1.9543242402, 1.1488644015, -47.442840864, -5.2106380908, 1.908776690918, 425.0788672443, -99999.0, 50.1, 19.09, 2.82, 21.92, -0.637, 2.312, 1.68, -99999.0, -99999.0, -99999.0, -99999.0, -99999.0, -99999.0, -99999.0, 3.83, 5.93, 0.0
7098.0, 40.78069117766667, -111.94098852783333, 1287.785, 0.01, 19.7, 0.81, 57.37, 1.97717, 13128.7, 18.8623, 0.253693, -99999.0, 0.15103343027, 424.28183317, 1.9542693443, 1.149691307, -53.985785143, -5.2106380908, 1.919777726541, 425.0788672443, -99999.0, -99999.0, 19.06, 2.83, 21.89, -0.637, 2.312, 1.68, -99999.0, -99999.0, -99999.0, -99999.0, -99999.0, -99999.0, -99999.0, 4.39, 5.34, 0.0
7099.0, 40.7806911385, -111.94098849833333, 1287.794, 0.02, 19.7, 0.73, 79.37, 1.9793, 13132.8, 18.6016, 0.190216, -99999.0, 0.15103320956, 424.12235847, 1.9542693443, 1.149691307, -99999.0, -99999.0, -99999.0, -99999.0, -99999.0, 49.3, 19.09, 2.85, 21.94, -0.637, 2.312, 1.68, -99999.0, -99999.0, -99999.0, -99999.0, -99999.0, -99999.0, -99999.0, 4.08, 8.25, 0.0
7100.0, 40.780691092166656, -111.940988472, 1287.803, 0.09, 19.7, 0.59, 51.08, 1.97806, 13144.7, 18.8943, 0.190394, -99999.0, 0.15905676652, 424.121095845, 1.9541497255000002, 1.1488986208, -53.985785143, -5.2106380908, 1.919777726541, 425.2056052817, -99999.0, -99999.0, 19.1, 2.86, 21.96, -0.637, 2.312, 1.68, -99999.0, -99999.0, -99999.0, -99999.0, -99999.0, -99999.0, -99999.0, 4.225, 9.295, 0.0
7101.0, 40.780691026166664, -111.94098844016668, 1287.814, 0.07, 19.7, 0.71, 83.58, 1.97658, 13147.8, 18.5317, 0.158719, -99999.0, 0.15905956905, 424.37093534999997, 1.9540301067, 1.1481059346, -53.985785143, -6.9206464891, 1.919777726541, 425.3242606115, -99999.0, 48.0, 19.13, 2.85, 21.98, -0.637, 2.312, 1.68, -99999.0, -99999.0, -99999.0, -99999.0, -99999.0, -99999.0, -99999.0, -99999.0, -99999.0, 0.0
