arc_raw/USOS-ARL-Suite_ARC_20240801_RA.ict
71,1001
Xinrong Ren
NOAA Air Resources Lab
ARC-Suite
USOS: Utah Summer Ozone Study
1,1
2024,08,01,2024,08,01
1
StartTime_seconds, seconds, Start time in UTC seconds since midnight
38
1,1,1,1,1,1,1,1,1,1,1,1,1,1,1,1,1,1,1,1,1,1,1,1,1,1,1,1,1,1,1,1,1,1,1,1,1,1
-99999,-99999,-99999,-99999,-99999,-99999,-99999,-99999,-99999,-99999,-99999,-99999,-99999,-99999,-99999,-99999,-99999,-99999,-99999,-99999,-99999,-99999,-99999,-99999,-99999,-99999,-99999,-99999,-99999,-99999,-99999,-99999,-99999,-99999,-99999,-99999,-99999,-99999
lat_DGPS_deg, degrees, Latitude in decimal by Hemisphere VS1100 Differential GPS
lon_DGPS_deg, degrees, Longitude in decimal by Hemisphere VS1100 Differential GPS
alt_msl_m, meters, GPS Altitude MSL
speed_km_h, km/s, vehicle speed
RH, percent, relative humidity
true_WS_m_s, m/s, wind speed by 2D sonic sensor
true_WD_deg, degree, wind direction by 2D sonic sensor
CH4_aeris313_ppm, ppm, CH4 mixing ratio by Aeris
H2O_aeris313_ppm, ppm, H2O mixing ratio by Aeris
C2H6_aeris313_ppb, ppb, C2H6 mixing ratio by Aeris
r_aeris313, 1, relavence between CH4 and C2H6 by Aeris
C2C1_aeris313, 1, C2H6 to CH4 ratio by Aeris
CO_g2401m_ppm, ppm, CO mixing ratio by Picarro G2401m
CO2_g2401m_ppm, ppm, CO2 mixing ratio by Picarro G2401m
CH4_g2401m_ppm, ppm, CH4 mixing ratio by Picarro G2401m
H2O_g2401m, ppm, H2O mixing ratio by Picarro G2401m
delta13C_CH4_raw, permill, delta 13C of CH4 by Picarro G2201i
delta13C_CO2_raw, permill, delta 13C of CO2 by Picarro G2201i
CH4_g2201i_ppm, ppm, CH4 mixing ratio by Picarro G2201i
CO2_g2201i_ppm, ppm, CO2 mixing ratio by Picarro G2201i
NH3_g2301_ppb, ppb, NH3 mixing ratio by Picarro G2301
O3_2B_ppm, ppm, O3 mixing ratio by 2B
NO_G60_ppb, ppb, NO mixing ratio by G60
NO2_G60_ppb, ppb, NO2 mixing ratio by G60
NOx_G60_ppb, ppb, NOx mixing ratio by G60
NO_N500_ppb, ppb, NO mixing ratio by N500
NO2_N500_ppb, ppb, NO2 mixing ratio by N500
NOx_N500_ppb, ppb, NOx mixing ratio by N500
BC370_AE43_ng_m3, ng/m3, Black Carbon at 370 nm by AE43
BC470_AE43_ng_m3, ng/m3, Black Carbon at 470 nm by AE43
BC520_AE43_ng_m3, ng/m3, Black Carbon at 520 nm by AE43
BC590_AE43_ng_m3, ng/m3, Black Carbon at 590 nm by AE43
BC660_AE43_ng_m3, ng/m3, Black Carbon at 660 nm by AE43
BC880_AE43_ng_m3, ng/m3, Black Carbon at 880 nm by AE43
BC950_AE43_ng_m3, ng/m3, Black Carbon at 950 nm by AE43
PM25, ug/m3, PM2.5 by particle sensor
PM10, ug/m3, PM10 by particle sensor
Valve, boolian, indicator of valve conditions;0 is measurement; 10 is zeroing; 11 is spanning
1
SPECIAL COMMENTS, N/A
18
PI_CONTACT_INFO: xinrong.ren@noaa.gov, 301-683-1391, NOAA/ARL, 5830 University Research Court, College Park, MD 20740
PLATFORM: NOAA Air Resources Car
LOCATION: Salt Lake City
ASSOCIATED_DATA: N/A
INSTRUMENT_INFO: Hemisphere VS1100 differential GPS (Latitude, Longitude, GPS Altitude, speed), meteorological sensor (RH, WS, WD), 2B (O3), G60 CRDS (NO-NOx), Teledyne N500 (NO-NOx), Picarro G2401-m (CO2, CH4, CO, H2O), Picarro G2201i (CO2, CH4, d13C_CO2, d13C_CH4, H2O), Picarro 2301 (NH3), Aeris Ultra MIRA (CH4, C2H6, H2O, r, C2/C1), AE43 (Black Carbon), Partical sensor (PM2.5, PM10)
DATA_INFO: Records are reported at 1-second intervals. Hemisphere VS1100 differential GPS has 1-second ntervals. 2B O3 values are reported 2-second averages. G60 Cavity Rong Down NO-NO2-NO2 has 1-second average. Teledyne CAPS NO2 analyzer has 10-second time resolution. Picarro 2401m (CO2, CH4, CO, H2O) data has 2.5-second time resolution. Picarro 2201i (isotope) has ~5 second time resolution. Aeris Ultra MIRA has 1-second integration time. AE43 data are 10-second moving averages. Partical sensor has 10-second time resolution.
UNCERTAINTY: -99999, -99999, -99999, 15 m, -99999, -99999, -99999, -99999, 1 ppb, 100 ppm, 0.2 ppb, -99999, -99999, 5 ppb, 0.1 ppm, 1 ppb, 100 ppm, -99999, -99999, -99999, -99999, 2 ppb, 0.3 ppb, -99999, -99999, -99999, 0.05 ppb, 0.05 ppb, 0.05 ppb, 10 ng/m3, 10 ng/m3, 10 ng/m3, 10 ng/m3, 10 ng/m3, 10 ng/m3, 10 ng/m3, 10 ng/m3, 0
ULOD_FLAG: -77777
ULOD_VALUE: N/A
LLOD_FLAG: -88888
LLOD_VALUE: N/A
DM_CONTACT_INFO: Jiayang Sun; University of Maryland; jiayangs@umd.edu
PROJECT_INFO: USOS July - Aug 2024 https://deq.utah.gov/air-quality/utah-summer-ozone-study-usos
STIPULATIONS_ON_USE: Use of these data requires prior ok from PI.
OTHER_COMMENTS: N/A
REVISION: RA
RA: Preliminary Data for in-field use only.
StartTime_seconds, lat_DGPS_deg, lon_DGPS_deg, alt_msl_m, speed_km_h, RH, true_WS_m_s, true_WD_deg, CH4_aeris313_ppm, H2O_aeris313_ppm, C2H6_aeris313_ppb, r_aeris313, C2C1_aeris313, CO_g2401m_ppm, CO2_g2401m_ppm, CH4_g2401m_ppm, H2O_g2401m, delta13C_CH4_raw, delta13C_CO2_raw, CH4_g2201i_ppm, CO2_g2201i_ppm, NH3_g2301_ppb, O3_2B_ppm, NO_G60_ppb, NO2_G60_ppb, NOx_G60_ppb, NO_N500_ppb, NO2_N500_ppb, NOx_N500_ppb, BC370_AE43_ng_m3, BC470_AE43_ng_m3, BC520_AE43_ng_m3, BC590_AE43_ng_m3, BC660_AE43_ng_m3, BC880_AE43_ng_m3, BC950_AE43_ng_m3, PM25, PM10, Valve
[from data line 321]
321.0, 40.780690249833334, -111.94099804116668, 1295.271, 0.14, 16.8, -99999.0, -99999.0, 2.0375, 13057.2, -1.25762, -0.221745, -99999.0, -99999.0, -99999.0, -99999.0, -99999.0, -99999.0, -99999.0, -99999.0, -99999.0, -99999.0, -99999.0, 3.56, 0.14, 3.7, -0.318, 1.641, 1.32, 1937.0, 1230.0, 949.0, 1183.0, 1012.0, 574.0, 623.0, -99999.0, -99999.0, 0.0
322.0, 40.780690125166664, -111.94099785649999, 1295.316, 0.07, 16.7, -99999.0, -99999.0, 2.03856, 13048.1, -1.4109, -0.255781, -99999.0, -99999.0, -99999.0, -99999.0, -99999.0, -99999.0, -99999.0, -99999.0, -99999.0, -99999.0, 50.5, 3.57, 0.13, 3.7, -0.318, 1.641, 1.32, 1460.0, 1206.0, 842.0, 945.0, 1400.0, 741.0, 1084.0, -99999.0, -99999.0, 0.0
323.0, 40.7806899855, -111.94099767499999, 1295.359, 0.17, 16.7, -99999.0, -99999.0, 2.03726, 13016.0, -0.896082, -0.198395, -99999.0, -99999.0, -99999.0, -99999.0, -99999.0, -99999.0, -99999.0, -99999.0, -99999.0, -99999.0, -99999.0, 3.66, 0.14, 3.8, -0.318, 1.641, 1.32, 1794.0, 1224.0, 936.0, 1059.0, 616.0, 405.0, 980.0, -99999.0, -99999.0, 0.0
324.0, 40.78068988016666, -111.9409975145, 1295.393, 0.03, 16.6, -99999.0, -99999.0, 2.03677, 12978.6, -1.18114, -0.126497, -99999.0, -99999.0, -99999.0, -99999.0, -99999.0, -99999.0, -99999.0, -99999.0, -99999.0, -99999.0, 55.3, 3.71, 0.18, 3.89, -0.318, 1.641, 1.32, 1656.0, 1236.0, 1240.0, 1019.0, 791.0, 646.0, 1184.0, -99999.0, -99999.0, 0.0
325.0, 40.78068975483333, -111.94099734083332, 1295.427, 0.03, 16.6, -99999.0, -99999.0, 2.04024, 12928.8, -1.01261, -0.0404427, -99999.0, -99999.0, -99999.0, -99999.0, -99999.0, -99999.0, -99999.0, -99999.0, -99999.0, -99999.0, -99999.0, 3.71, 0.22, 3.92, -0.318, 1.641, 1.32, 1741.0, 1147.0, 974.0, 1176.0, 833.0, 637.0, 1158.0, -99999.0, -99999.0, 0.0
326.0, 40.78068959616667, -111.94099721250001, 1295.468, 0.23, 16.6, -99999.0, -99999.0, 2.04063, 12889.0, -1.34554, -0.110423, -99999.0, -99999.0, -99999.0, -99999.0, -99999.0, -99999.0, -99999.0, -99999.0, -99999.0, -99999.0, 59.2, 3.71, 0.22, 3.94, -0.318, 1.641, 1.32, 1895.0, 1468.0, 1012.0, 596.0, 514.0, 665.0, 948.0, -99999.0, -99999.0, 0.0
327.0, 40.78068951566667, -111.94099707383333, 1295.496, 0.06, 16.5, -99999.0, -99999.0, 2.04171, 12855.4, -1.13211, -0.133171, -99999.0, -99999.0, -99999.0, -99999.0, -99999.0, -99999.0, -99999.0, -99999.0, -99999.0, -99999.0, -99999.0, 3.71, 0.27, 3.99, -0.318, 1.641, 1.32, 1380.0, 1117.0, 1323.0, 660.0, 948.0, 601.0, 953.0, -99999.0, -99999.0, 0.0
328.0, 40.78068948233334, -111.94099698583335, 1295.504, 0.15, 16.5, -99999.0, -99999.0, 2.04126, 12830.5, -0.917622, -0.00872112, -99999.0, -99999.0, -99999.0, -99999.0, -99999.0, -99999.0, -99999.0, -99999.0, -99999.0, -99999.0, 59.3, 3.7, 0.3, 4.0, -0.318, 1.641, 1.32, 1884.0, 1426.0, 1050.0, 1116.0, 898.0, 915.0, 508.0, -99999.0, -99999.0, 0.0
329.0, 40.78068947783334, -111.94099687933334, 1295.503, 0.04, 16.4, -99999.0, -99999.0, 2.04388, 12807.9, -0.749612, 0.252277, -99999.0, -99999.0, -99999.0, -99999.0, -99999.0, -99999.0, -99999.0, -99999.0, -99999.0, -99999.0, -99999.0, 3.67, 0.35, 4.03, -0.318, 1.641, 1.32, 1173.0, 1099.0, 1272.0, 292.0, 708.0, 735.0, 854.0, -99999.0, -99999.0, 0.0
330.0, 40.78068950883333, -111.94099680250001, 1295.491, 0.06, 16.4, -99999.0, -99999.0, 2.04164, 12809.7, -1.08606, 0.261878, -99999.0, -99999.0, -99999.0, -99999.0, -99999.0, -99999.0, -99999.0, -99999.0, -99999.0, -99999.0, 57.5, 3.72, 0.39, 4.1, -0.318, 1.641, 1.32, 1539.0, 1153.0, 1152.0, 928.0, 1031.0, 592.0, 1037.0, -99999.0, -99999.0, 0.0
331.0, 40.780689537166666, -111.94099676233333, 1295.474, 0.15, 16.4, -99999.0, -99999.0, 2.04502, 12813.0, -1.12788, 0.2438, -99999.0, -99999.0, -99999.0, -99999.0, -99999.0, -99999.0, -99999.0, -99999.0, -99999.0, -99999.0, -99999.0, 3.79, 0.43, 4.22, -0.318, 1.641, 1.32, 1593.0, 1212.0, 1051.0, 704.0, 986.0, 536.0, 791.0, -99999.0, -99999.0, 0.0
332.0, 40.78068957316667, -111.94099673033334, 1295.461, 0.02, 16.4, -99999.0, -99999.0, 2.04328, 12809.5, -1.04453, 0.272815, -99999.0, -99999.0, -99999.0, -99999.0, -99999.0, -99999.0, -99999.0, -99999.0, -99999.0, -99999.0, 56.7, 3.85, 0.48, 4.33, -0.318, 1.641, 1.32, 1651.0, 1361.0, 1202.0, 871.0, 841.0, 915.0, 592.0, -99999.0, -99999.0, 0.0
333.0, 40.780689647500004, -111.94099672749999, 1295.443, 0.03, 16.4, -99999.0, -99999.0, 2.04287, 12788.5, -1.22492, 0.248868, -99999.0, -99999.0, -99999.0, -99999.0, -99999.0, -99999.0, -99999.0, -99999.0, -99999.0, -99999.0, -99999.0, 3.83, 0.53, 4.35, -0.318, 1.641, 1.32, 1693.0, 1200.0, 1158.0, 767.0, 1092.0, 886.0, 681.0, -99999.0, -99999.0, 0.0
334.0, 40.78068970333334, -111.94099669983333, 1295.433, 0.04, 16.4, -99999.0, -99999.0, 2.04226, 12765.6, -1.29559, 0.197235, -99999.0, -99999.0, -99999.0, -99999.0, -99999.0, -99999.0, -99999.0, -99999.0, -99999.0, -99999.0, 57.9, 3.89, 0.55, 4.44, -0.318, 1.641, 1.32, 1614.0, 1224.0, 1076.0, 767.0, 1157.0, 818.0, 618.0, -99999.0, -99999.0, 0.0
335.0, 40.78068975266666, -111.94099669516666, 1295.419, 0.15, 16.4, -99999.0, -99999.0, 2.04064, 12757.4, -1.06123, 0.222975, -99999.0, -99999.0, -99999.0, -99999.0, -99999.0, -99999.0, -99999.0, -99999.0, -99999.0, -99999.0, -99999.0, 3.96, 0.59, 4.55, -0.318, 1.641, 1.32, 1731.0, 1111.0, 911.0, 1102.0, 986.0, 680.0, 896.0, -99999.0, -99999.0, 0.0
336.0, 40.780689756166666, -111.94099664533333, 1295.424, 0.15, 16.4, -99999.0, -99999.0, 2.03941, 12747.5, -1.42707, 0.19529, -99999.0, -99999.0, -99999.0, -99999.0, -99999.0, -99999.0, -99999.0, -99999.0, -99999.0, -99999.0, 58.9, 3.96, 0.59, 4.55, -0.318, 1.641, 1.32, 1301.0, 992.0, 1063.0, 700.0, 1366.0, 717.0, 1189.0, -99999.0, -99999.0, 0.0
337.0, 40.780689781999996, -111.94099660583333, 1295.426, 0.11, 16.4, -99999.0, -99999.0, 2.04171, 12746.1, -0.757406, 0.237365, -99999.0, -99999.0, -99999.0, -99999.0, -99999.0, -99999.0, -99999.0, -99999.0, -99999.0, -99999.0, -99999.0, 4.05, 0.72, 4.78, -0.318, 1.641, 1.32, 1683.0, 1361.0, 1013.0, 1297.0, 1005.0, 1067.0, 576.0, -99999.0, -99999.0, 0.0
338.0, 40.78068979783333, -111.94099655933333, 1295.428, 0.17, 16.3, -99999.0, -99999.0, 2.04354, 12745.2, -1.34771, 0.189682, -99999.0, -99999.0, -99999.0, -99999.0, -99999.0, -99999.0, -99999.0, -99999.0, -99999.0, -99999.0, 57.5, 4.09, 0.78, 4.86, -0.318, 1.641, 1.32, 1964.0, 1224.0, 1063.0, 603.0, 940.0, 986.0, 613.0, -99999.0, -99999.0, 0.0
339.0, 40.780689766500004, -111.94099651383334, 1295.435, 0.16, 16.3, -99999.0, -99999.0, 2.04348, 12747.4, -1.18363, 0.198854, -99999.0, -99999.0, -99999.0, -99999.0, -99999.0, -99999.0, -99999.0, -99999.0, -99999.0, -99999.0, -99999.0, 4.07, 0.82, 4.89, -0.318, 1.641, 1.32, 1391.0, 1188.0, 1133.0, 650.0, 670.0, 746.0, 508.0, -99999.0, -99999.0, 0.0
340.0, 40.78068971733334, -111.94099646516666, 1295.443, 0.07, 16.3, -99999.0, -99999.0, 2.04328, 12755.5, -1.07371, 0.168898, -99999.0, -99999.0, -99999.0, -99999.0, -99999.0, -99999.0, -99999.0, -99999.0, -99999.0, -99999.0, 55.6, 4.09, 0.85, 4.94, -0.318, 1.641, 1.32, 1412.0, 1082.0, 1082.0, 771.0, 1199.0, 1110.0, 587.0, -99999.0, -99999.0, 0.0
341.0, 40.780689691, -111.94099643233334, 1295.445, 0.03, 16.3, -99999.0, -99999.0, 2.04365, 12774.5, -1.00789, 0.197197, -99999.0, -99999.0, -99999.0, -99999.0, -99999.0, -99999.0, -99999.0, -99999.0, -99999.0, -99999.0, -99999.0, 4.05, 0.91, 4.96, -0.318, 1.641, 1.32, 1534.0, 1236.0, 823.0, 824.0, 609.0, 850.0, 241.0, -99999.0, -99999.0, 0.0
342.0, 40.780689697666666, -111.94099638483334, 1295.449, 0.05, 16.3, -99999.0, -99999.0, 2.04184, 12803.0, -0.818367, 0.212566, -99999.0, -99999.0, -99999.0, -99999.0, -99999.0, -99999.0, -99999.0, -99999.0, -99999.0, -99999.0, 55.6, 4.05, 0.91, 4.96, -0.318, 1.641, 1.32, 1370.0, 1123.0, 962.0, 1290.0, 715.0, 732.0, 1300.0, -99999.0, -99999.0, 0.0
343.0, 40.78068971399999, -111.940996338, 1295.452, 0.06, 16.3, -99999.0, -99999.0, 2.04323, 12835.4, -1.10305, 0.178905, -99999.0, -99999.0, -99999.0, -99999.0, -99999.0, -99999.0, -99999.0, -99999.0, -99999.0, -99999.0, -99999.0, 4.15, 1.0, 5.15, -0.318, 1.641, 1.32, 1540.0, 1331.0, 1044.0, 895.0, 556.0, 599.0, 309.0, -99999.0, -99999.0, 0.0
344.0, 40.78068978766666, -111.94099629850001, 1295.438, 0.09, 16.3, -99999.0, -99999.0, 2.04252, 12852.3, -0.930932, 0.168691, -99999.0, -99999.0, -99999.0, -99999.0, -99999.0, -99999.0, -99999.0, -99999.0, -99999.0, -99999.0, 56.2, 4.15, 1.0, 5.15, 0.18, 1.641, 1.82, 1726.0, 1236.0, 804.0, 771.0, 693.0, 911.0, 755.0, -99999.0, -99999.0, 0.0
345.0, 40.78068984033333, -111.94099625533333, 1295.431, 0.12, 16.4, -99999.0, -99999.0, 2.04378, 12870.2, -0.935916, 0.13716, -99999.0, -99999.0, -99999.0, -99999.0, -99999.0, -99999.0, -99999.0, -99999.0, -99999.0, -99999.0, -99999.0, 4.1, 1.08, 5.18, 0.18, 1.641, 1.82, 1662.0, 1064.0, 1127.0, 771.0, 1081.0, 698.0, 1095.0, -99999.0, -99999.0, 0.0
346.0, 40.78068989650001, -111.94099619116666, 1295.418, 0.04, 16.5, -99999.0, -99999.0, 2.04179, 12898.3, -1.23087, 0.0811832, -99999.0, -99999.0, -99999.0, -99999.0, -99999.0, -99999.0, -99999.0, -99999.0, -99999.0, -99999.0, 54.3, 4.1, 1.08, 5.18, 0.18, 1.641, 1.82, 1752.0, 1260.0, 949.0, 1009.0, 940.0, 680.0, 744.0, -99999.0, -99999.0, 0.0
347.0, 40.78068997933334, -111.94099611466666, 1295.404, 0.03, 16.6, -99999.0, -99999.0, 2.04265, 12918.6, -1.22532, 0.0657319, -99999.0, -99999.0, -99999.0, -99999.0, -99999.0, -99999.0, -99999.0, -99999.0, -99999.0, -99999.0, -99999.0, 4.2, 1.15, 5.35, 0.18, 1.641, 1.82, 1858.0, 1337.0, 1051.0, 828.0, 803.0, 857.0, 1153.0, -99999.0, -99999.0, 0.0
348.0, 40.78069009250001, -111.94099607566667, 1295.381, 0.14, 16.6, -99999.0, -99999.0, 2.0439, 12933.4, -1.02094, -0.0343396, -99999.0, -99999.0, -99999.0, -99999.0, -99999.0, -99999.0, -99999.0, -99999.0, -99999.0, -99999.0, 51.6, 4.25, 1.18, 5.43, 0.18, 1.641, 1.82, 1742.0, 1355.0, 956.0, 774.0, 1077.0, 633.0, 1257.0, -99999.0, -99999.0, 0.0
349.0, 40.780690143, -111.94099602283335, 1295.379, 0.09, 16.7, -99999.0, -99999.0, 2.04316, 12948.2, -0.883833, 0.187976, -99999.0, -99999.0, -99999.0, -99999.0, -99999.0, -99999.0, -99999.0, -99999.0, -99999.0, -99999.0, -99999.0, 4.25, 1.18, 5.43, 0.18, 1.641, 1.82, 1582.0, 1426.0, 1127.0, 828.0, 1298.0, 459.0, 823.0, -99999.0, -99999.0, 0.0
350.0, 40.78069019583334, -111.94099597499999, 1295.373, 0.07, 16.8, -99999.0, -99999.0, 2.04289, 12963.3, -1.14897, 0.249303, -99999.0, -99999.0, -99999.0, -99999.0, -99999.0, -99999.0, -99999.0, -99999.0, -99999.0, -99999.0, 52.6, 4.24, 1.21, 5.45, 0.18, 1.641, 1.82, 1858.0, 1084.0, 1104.0, 708.0, 929.0, 635.0, 543.0, -99999.0, -99999.0, 0.0
351.0, 40.7806901985, -111.94099591266668, 1295.377, 0.14, 16.8, -99999.0, -99999.0, 2.04313, 12991.3, -1.1799, 0.1912, -99999.0, -99999.0, -99999.0, -99999.0, -99999.0, -99999.0, -99999.0, -99999.0, -99999.0, -99999.0, -99999.0, 4.26, 1.24, 5.5, 0.18, 1.641, 1.82, 1625.0, 1016.0, 899.0, 875.0, 932.0, 1069.0, 1053.0, -99999.0, -99999.0, 0.0
352.0, 40.780690155833334, -111.94099593066667, 1295.374, 0.06, 16.9, -99999.0, -99999.0, 2.04135, 13024.2, -0.727439, 0.0593937, -99999.0, -99999.0, -99999.0, -99999.0, -99999.0, -99999.0, -99999.0, -99999.0, -99999.0, -99999.0, 55.1, 4.3, 1.26, 5.56, 0.18, 1.641, 1.82, 1503.0, 1108.0, 1369.0, 1112.0, 884.0, 608.0, 548.0, -99999.0, -99999.0, 0.0
353.0, 40.78069016283333, -111.94099590116666, 1295.383, 0.03, 16.9, -99999.0, -99999.0, 2.04369, 13060.3, -0.945883, 0.188018, -99999.0, -99999.0, -99999.0, -99999.0, -99999.0, -99999.0, -99999.0, -99999.0, -99999.0, -99999.0, -99999.0, 4.27, 1.27, 5.55, 0.18, 1.641, 1.82, 1582.0, 1076.0, 1057.0, 774.0, 605.0, 784.0, 613.0, -99999.0, -99999.0, 0.0
354.0, 40.78069034, -111.94099587633333, 1295.368, 0.12, 16.9, -99999.0, -99999.0, 2.04158, 13032.6, -0.994972, 0.139081, -99999.0, -99999.0, -99999.0, -99999.0, -99999.0, -99999.0, -99999.0, -99999.0, -99999.0, -99999.0, 55.8, 4.27, 1.27, 5.55, 0.18, 1.641, 1.82, 1524.0, 1272.0, 994.0, 935.0, 921.0, 884.0, 723.0, -99999.0, -99999.0, 0.0
355.0, 40.78069056766667, -111.94099590149999, 1295.316, 0.09, 16.9, -99999.0, -99999.0, 2.0414, 12957.9, -1.08246, 0.166588, -99999.0, -99999.0, -99999.0, -99999.0, -99999.0, -99999.0, -99999.0, -99999.0, -99999.0, -99999.0, -99999.0, 4.25, 1.28, 5.53, 0.18, 1.641, 1.82, 1774.0, 1058.0, 823.0, 1236.0, 887.0, 400.0, 1158.0, -99999.0, -99999.0, 0.0
356.0, 40.780690672166656, -111.94099591466666, 1295.273, 0.04, 16.8, -99999.0, -99999.0, 2.04178, 12944.5, -1.1173, 0.0973506, -99999.0, -99999.0, -99999.0, -99999.0, -99999.0, -99999.0, -99999.0, -99999.0, -99999.0, -99999.0, 55.4, 4.34, 1.28, 5.62, 0.18, 1.641, 1.82, 1620.0, 1016.0, 956.0, 814.0, 643.0, 606.0, 613.0, -99999.0, -99999.0, 0.0
357.0, 40.78069083433334, -111.94099592416666, 1295.238, 0.09, 16.8, -99999.0, -99999.0, 2.04192, 12946.1, -1.18626, 0.100242, -99999.0, -99999.0, -99999.0, -99999.0, -99999.0, -99999.0, -99999.0, -99999.0, -99999.0, -99999.0, -99999.0, 4.34, 1.26, 5.6, 0.18, 1.641, 1.82, 1413.0, 945.0, 1139.0, 942.0, 1016.0, 665.0, 1059.0, -99999.0, -99999.0, 0.0
358.0, 40.78069093983333, -111.94099593566668, 1295.229, 0.08, 16.8, -99999.0, -99999.0, 2.04304, 12913.8, -0.896217, 0.146779, -99999.0, -99999.0, -99999.0, -99999.0, -99999.0, -99999.0, -99999.0, -99999.0, -99999.0, -99999.0, 56.3, 4.34, 1.24, 5.58, 0.18, 1.641, 1.82, 1179.0, 1111.0, 1019.0, 1005.0, 948.0, 732.0, 990.0, -99999.0, -99999.0, 0.0
359.0, 40.78069090966667, -111.94099577616667, 1295.226, 0.06, 16.7, -99999.0, -99999.0, 2.04251, 12868.6, -0.809285, 0.077795, -99999.0, -99999.0, -99999.0, -99999.0, -99999.0, -99999.0, -99999.0, -99999.0, -99999.0, -99999.0, -99999.0, 4.42, 1.25, 5.67, 0.18, 1.641, 1.82, 1843.0, 1201.0, 836.0, 657.0, 1146.0, 617.0, 749.0, -99999.0, -99999.0, 0.0
360.0, 40.78069101883333, -111.94099571500001, 1295.201, 0.12, 16.6, -99999.0, -99999.0, 2.04095, 12821.9, -1.46303, 0.168011, -99999.0, -99999.0, -99999.0, -99999.0, -99999.0, -99999.0, -99999.0, -99999.0, -99999.0, -99999.0, 60.2, 4.33, 1.26, 5.59, 0.18, 1.641, 1.82, 1280.0, 1426.0, 886.0, 824.0, 750.0, 873.0, 854.0, -99999.0, -99999.0, 0.0
361.0, 40.78069123816667, -111.94099572633334, 1295.152, 0.04, 16.4, -99999.0, -99999.0, 2.04155, 12785.1, -1.01473, 0.195755, -99999.0, -99999.0, -99999.0, -99999.0, -99999.0, -99999.0, -99999.0, -99999.0, -99999.0, -99999.0, -99999.0, 4.36, 1.22, 5.58, 0.18, 1.641, 1.82, 1530.0, 1236.0, 1019.0, 992.0, 1051.0, 800.0, 760.0, -99999.0, -99999.0, 0.0
362.0, 40.78069136, -111.94099577183333, 1295.132, 0.08, 16.4, -99999.0, -99999.0, 2.04014, 12725.2, -1.25529, 0.241614, -99999.0, -99999.0, -99999.0, -99999.0, -99999.0, -99999.0, -99999.0, -99999.0, -99999.0, -99999.0, 63.6, 4.35, 1.22, 5.57, 0.18, 1.641, 1.82, 1365.0, 1135.0, 1063.0, 1002.0, 750.0, 601.0, 718.0, -99999.0, -99999.0, 0.0
363.0, 40.780691489166664, -111.94099578250001, 1295.107, 0.19, 16.3, -99999.0, -99999.0, 2.03939, 12640.4, -1.11286, 0.250254, -99999.0, -99999.0, -99999.0, -99999.0, -99999.0, -99999.0, -99999.0, -99999.0, -99999.0, -99999.0, -99999.0, 4.36, 1.23, 5.59, 0.18, 1.641, 1.82, 1168.0, 1337.0, 1082.0, 704.0, 1062.0, 1033.0, 341.0, -99999.0, -99999.0, 0.0
364.0, 40.78069159733333, -111.94099576716665, 1295.087, 0.17, 16.2, -99999.0, -99999.0, 2.0375, 12550.9, -0.935499, 0.137933, -99999.0, -99999.0, -99999.0, -99999.0, -99999.0, -99999.0, -99999.0, -99999.0, -99999.0, -99999.0, 63.4, 4.36, 1.22, 5.58, 0.18, 1.641, 1.82, 1854.0, 1438.0, 1241.0, 1180.0, 1012.0, 931.0, 508.0, -99999.0, -99999.0, 0.0
