arc_raw/USOS-ARL-Suite_ARC_20240726_RA.ict
71,1001
Xinrong Ren
NOAA Air Resources Lab
ARC-Suite
USOS: Utah Summer Ozone Study
1,1
2024,07,26,2024,07,26
1
StartTime_seconds, seconds, Start time in UTC seconds since midnight
38
1,1,1,1,1,1,1,1,1,1,1,1,1,1,1,1,1,1,1,1,1,1,1,1,1,1,1,1,1,1,1,1,1,1,1,1,1,1
-99999,-99999,-99999,-99999,-99999,-99999,-99999,-99999,-99999,-99999,-99999,-99999,-99999,-99999,-99999,-99999,-99999,-99999,-99999,-99999,-99999,-99999,-99999,-99999,-99999,-99999,-99999,-99999,-99999,-99999,-99999,-99999,-99999,-99999,-99999,-99999,-99999,-99999
lat_DGPS_deg, degrees, Latitude in decimal by Hemisphere VS1100 Differential GPS
lon_DGPS_deg, degrees, Longitude in decimal by Hemisphere VS1100 Differential GPS
alt_msl_m, meters, GPS Altitude MSL
speed_km_h, km/s, vehicle speed
RH, percent, relative humidity
true_WS_m_s, m/s, wind speed by 2D sonic sensor
true_WD_deg, degree, wind direction by 2D sonic sensor
CH4_aeris313_ppm, ppm, CH4 mixing ratio by Aeris
H2O_aeris313_ppm, ppm, H2O mixing ratio by Aeris
C2H6_aeris313_ppb, ppb, C2H6 mixing ratio by Aeris
r_aeris313, 1, relavence between CH4 and C2H6 by Aeris
C2C1_aeris313, 1, C2H6 to CH4 ratio by Aeris
CO_g2401m_ppm, ppm, CO mixing ratio by Picarro G2401m
CO2_g2401m_ppm, ppm, CO2 mixing ratio by Picarro G2401m
CH4_g2401m_ppm, ppm, CH4 mixing ratio by Picarro G2401m
H2O_g2401m, ppm, H2O mixing ratio by Picarro G2401m
delta13C_CH4_raw, permill, delta 13C of CH4 by Picarro G2201i
delta13C_CO2_raw, permill, delta 13C of CO2 by Picarro G2201i
CH4_g2201i_ppm, ppm, CH4 mixing ratio by Picarro G2201i
CO2_g2201i_ppm, ppm, CO2 mixing ratio by Picarro G2201i
NH3_g2301_ppb, ppb, NH3 mixing ratio by Picarro G2301
O3_2B_ppm, ppm, O3 mixing ratio by 2B
NO_G60_ppb, ppb, NO mixing ratio by G60
NO2_G60_ppb, ppb, NO2 mixing ratio by G60
NOx_G60_ppb, ppb, NOx mixing ratio by G60
NO_N500_ppb, ppb, NO mixing ratio by N500
NO2_N500_ppb, ppb, NO2 mixing ratio by N500
NOx_N500_ppb, ppb, NOx mixing ratio by N500
BC370_AE43_ng_m3, ng/m3, Black Carbon at 370 nm by AE43
BC470_AE43_ng_m3, ng/m3, Black Carbon at 470 nm by AE43
BC520_AE43_ng_m3, ng/m3, Black Carbon at 520 nm by AE43
BC590_AE43_ng_m3, ng/m3, Black Carbon at 590 nm by AE43
BC660_AE43_ng_m3, ng/m3, Black Carbon at 660 nm by AE43
BC880_AE43_ng_m3, ng/m3, Black Carbon at 880 nm by AE43
BC950_AE43_ng_m3, ng/m3, Black Carbon at 950 nm by AE43
PM25, ug/m3, PM2.5 by particle sensor
PM10, ug/m3, PM10 by particle sensor
Valve, boolian, indicator of valve conditions;0 is measurement; 10 is zeroing; 11 is spanning
1
SPECIAL COMMENTS, N/A
18
PI_CONTACT_INFO: xinrong.ren@noaa.gov, 301-683-1391, NOAA/ARL, 5830 University Research Court, College Park, MD 20740
PLATFORM: NOAA Air Resources Car
LOCATION: Salt Lake City
ASSOCIATED_DATA: N/A
INSTRUMENT_INFO: Hemisphere VS1100 differential GPS (Latitude, Longitude, GPS Altitude, speed), meteorological sensor (RH, WS, WD), 2B (O3), G60 CRDS (NO-NOx), Teledyne N500 (NO-NOx), Picarro G2401-m (CO2, CH4, CO, H2O), Picarro G2201i (CO2, CH4, d13C_CO2, d13C_CH4, H2O), Picarro 2301 (NH3), Aeris Ultra MIRA (CH4, C2H6, H2O, r, C2/C1), AE43 (Black Carbon), Partical sensor (PM2.5, PM10)
DATA_INFO: Records are reported at 1-second intervals. Hemisphere VS1100 differential GPS has 1-second ntervals. 2B O3 values are reported 2-second averages. G60 Cavity Rong Down NO-NO2-NO2 has 1-second average. Teledyne CAPS NO2 analyzer has 10-second time resolution. Picarro 2401m (CO2, CH4, CO, H2O) data has 2.5-second time resolution. Picarro 2201i (isotope) has ~5 second time resolution. Aeris Ultra MIRA has 1-second integration time. AE43 data are 10-second moving averages. Partical sensor has 10-second time resolution.
UNCERTAINTY: -99999, -99999, -99999, 15 m, -99999, -99999, -99999, -99999, 1 ppb, 100 ppm, 0.2 ppb, -99999, -99999, 5 ppb, 0.1 ppm, 1 ppb, 100 ppm, -99999, -99999, -99999, -99999, 2 ppb, 0.3 ppb, -99999, -99999, -99999, 0.05 ppb, 0.05 ppb, 0.05 ppb, 10 ng/m3, 10 ng/m3, 10 ng/m3, 10 ng/m3, 10 ng/m3, 10 ng/m3, 10 ng/m3, 10 ng/m3, 0
ULOD_FLAG: -77777
ULOD_VALUE: N/A
LLOD_FLAG: -88888
LLOD_VALUE: N/A
DM_CONTACT_INFO: Jiayang Sun; University of Maryland; jiayangs@umd.edu
PROJECT_INFO: USOS July - Aug 2024 https://deq.utah.gov/air-quality/utah-summer-ozone-study-usos
STIPULATIONS_ON_USE: Use of these data requires prior ok from PI.
OTHER_COMMENTS: N/A
REVISION: RA
RA: Preliminary Data for in-field use only.
StartTime_seconds, lat_DGPS_deg, lon_DGPS_deg, alt_msl_m, speed_km_h, RH, true_WS_m_s, true_WD_deg, CH4_aeris313_ppm, H2O_aeris313_ppm, C2H6_aeris313_ppb, r_aeris313, C2C1_aeris313, CO_g2401m_ppm, CO2_g2401m_ppm, CH4_g2401m_ppm, H2O_g2401m, delta13C_CH4_raw, delta13C_CO2_raw, CH4_g2201i_ppm, CO2_g2201i_ppm, NH3_g2301_ppb, O3_2B_ppm, NO_G60_ppb, NO2_G60_ppb, NOx_G60_ppb, NO_N500_ppb, NO2_N500_ppb, NOx_N500_ppb, BC370_AE43_ng_m3, BC470_AE43_ng_m3, BC520_AE43_ng_m3, BC590_AE43_ng_m3, BC660_AE43_ng_m3, BC880_AE43_ng_m3, BC950_AE43_ng_m3, PM25, PM10, Valve
[from data line 2297]
2297.0, 40.78069138966667, -111.94098420666666, 1290.321, 0.05, 19.1, 0.54, 142.48, -3.70169, 9613.52, -50.1003, 1.0, 0.00990833, 0.12445576599, 426.259616, 1.9663478237, 1.3219347837, -47.3645005, -6.7496407026, 1.9151594410250001, 427.326496862, -99999.0, -99999.0, 27.3, 0.06, 27.35, -1.234, -0.26, -1.492, 143.0, 147.0, 271.0, 262.0, -188.0, 445.0, 194.0, 2.61, 2.61, 0.0
2298.0, 40.78069123783333, -111.940984364, 1290.354, 0.03, 19.0, 0.9, 208.26, -3.70169, 9613.52, -50.1003, 1.0, 0.00990833, 0.11391734826, 426.298309985, 1.9661700279, 1.33301220245, -47.3645005, -6.7496407026, 1.9151594410250001, 427.326496862, -99999.0, -99999.0, 27.28, 0.05, 27.33, -1.234, -0.26, -1.492, 270.0, -10.0, -33.0, 135.0, 220.0, 338.0, 285.0, -99999.0, -99999.0, 0.0
2299.0, 40.78069119366667, -111.94098452266665, 1290.371, 0.14, 19.0, 0.57, 177.09, -3.70169, 9613.52, -50.1003, 1.0, 0.00990833, 0.11391923105, 426.451842665, 1.9659922321, 1.3440896212, -47.3645005, -6.7496407026, 1.9151594410250001, 427.1448603506, -99999.0, 56.8, 27.28, 0.03, 27.31, -1.234, -0.26, -1.492, 143.0, 380.0, 5.0, 360.0, -19.0, -69.0, 590.0, 1.79, 4.2, 0.0
2300.0, 40.78069108933333, -111.94098464233333, 1290.395, 0.05, 19.0, 0.58, 185.17, -3.70169, 9613.52, -50.1003, 1.0, 0.00990833, 0.1293274177, 426.56668136, 1.9659922321, 1.3440896212, -47.3645005, -8.2420619132, 1.9151594410250001, 427.1377759315, -99999.0, 56.2, 27.28, 0.03, 27.31, -1.023, -0.26, -1.281, 417.0, -51.0, -81.0, 34.0, -104.0, 322.0, 157.0, -99999.0, -99999.0, 0.0
2301.0, 40.78069092166666, -111.94098474783335, 1290.412, 0.08, 19.0, 0.36, 148.78, -3.70169, 9613.52, -50.1003, 1.0, 0.00990834, 0.12932687591, 426.74697789, 1.9662866038, 1.3756730993, -48.715779187, -8.2420619132, 1.923012659756, 427.1377759315, -99999.0, -99999.0, 27.28, 0.02, 27.3, -1.023, -0.26, -1.281, 55.0, 208.0, 201.0, 259.0, 181.0, 127.0, 59.0, -99999.0, -99999.0, 0.0
2302.0, 40.78069067966666, -111.94098484216666, 1290.439, 0.09, 19.0, 0.0, 0.0, -3.70169, 9613.52, -50.1003, 1.0, 0.00990835, 0.12932633412, 426.52902556, 1.9662866038, 1.3756730993, -48.715779187, -8.2420619132, 1.923012659756, 427.1377759315, -99999.0, -99999.0, 27.23, -99999.0, 27.23, -1.023, -0.26, -1.281, 34.0, 213.0, 16.0, -31.0, 240.0, -89.0, -15.0, 2.07, 5.14, 0.0
2303.0, 40.78069043600001, -111.94098497416665, 1290.469, 0.04, 19.0, 0.0, 0.0, -3.70169, 9613.52, -50.1003, 1.0, 0.00990835, 0.13588303597, 426.578029595, 1.96619183845, 1.3744782479, -48.715779187, -8.2420619132, 1.923012659756, 427.0269456276, -99999.0, 54.9, 27.27, -99999.0, 27.28, -1.023, -0.26, -1.281, 270.0, 20.0, 174.0, 262.0, 285.0, 92.0, 435.0, -99999.0, -99999.0, 0.0
2304.0, 40.78069018633334, -111.94098503383333, 1290.495, 0.18, 19.0, 0.0, 0.0, -3.7017, 9613.52, -50.1003, 1.0, 0.00990835, 0.13588294413, 426.644929425, 1.9660970731, 1.3732833965, -48.715779187, -6.877859064, 1.923012659756, 427.0334197229, -99999.0, 52.2, 27.27, -99999.0, 27.28, -1.023, -0.26, -1.281, 304.0, 127.0, 483.0, 194.0, -99999.0, 50.0, 192.0, 2.36, 3.82, 0.0
2305.0, 40.78068992466667, -111.94098507750002, 1290.52, 0.03, 19.0, 0.33, 340.52, -3.7017, 9613.52, -50.1004, 1.0, 0.00990834, 0.13399278284, 426.66282522, 1.9660970731, 1.3732833965, -52.196768073, -6.877859064, 1.9106469169190001, 427.0334197229, -99999.0, -99999.0, 27.27, 0.02, 27.29, -1.023, -0.26, -1.281, 308.0, 152.0, -76.0, -96.0, 544.0, 61.0, 174.0, -99999.0, -99999.0, 0.0
2306.0, 40.780689674499996, -111.94098514333334, 1290.54, 0.16, 19.0, 0.26, 298.22, -3.7017, 9613.52, -50.1004, 1.0, 0.00990834, 0.13399278070999998, 426.66035434, 1.9670850117, 1.3749369, -52.196768073, -6.877859064, 1.9106469169190001, 427.0334197229, -99999.0, -99999.0, 27.26, 0.02, 27.28, -1.023, -0.26, -1.281, 215.0, 132.0, 309.0, 132.0, 181.0, 184.0, 368.0, 1.62, 2.2, 0.0
2307.0, 40.78068942833333, -111.94098517299999, 1290.554, 0.05, 19.0, 0.56, 332.78, -3.70169, 9613.52, -50.1003, 1.0, 0.00990834, 0.13399277858, 426.7114258, 1.9670850117, 1.3749369, -52.196768073, -6.877859064, 1.9106469169190001, 427.2860985643, -99999.0, 52.6, 27.24, 0.06, 27.31, -1.023, -0.26, -1.281, 34.0, 483.0, 414.0, -34.0, 201.0, 493.0, -186.0, -99999.0, -99999.0, 0.0
2308.0, 40.78068919533333, -111.94098518733333, 1290.567, 0.12, 19.0, 0.35, 264.01, -3.7017, 9613.52, -50.1004, 1.0, 0.00990833, 0.13152089433, 426.66738620499996, 1.96675693525, 1.36099401085, -52.196768073, -6.6142145829, 1.9106469169190001, 427.28735048190003, -99999.0, 56.4, 27.24, 0.06, 27.31, -1.023, -0.26, -1.281, 216.0, 81.0, 436.0, 198.0, 182.0, 112.0, 190.0, -99999.0, -99999.0, 0.0
2309.0, 40.780688966666666, -111.94098521949999, 1290.579, 0.22, 19.0, 0.45, 235.3, -3.70169, 9613.52, -50.1003, 1.0, 0.00990833, 0.13152273901, 426.712004795, 1.9664288588, 1.3470511217, -51.032350473, -6.6142145829, 1.919285707886, 427.28735048190003, -99999.0, -99999.0, 27.24, 0.05, 27.28, -1.023, -0.26, -1.281, 296.0, 91.0, 349.0, 99.0, 221.0, 112.0, -39.0, 1.9, 4.03, 0.0
2310.0, 40.78068877616667, -111.94098523616667, 1290.588, 0.19, 19.0, 0.44, 235.23, -3.70171, 9613.52, -50.1005, 1.0, 0.00990832, 0.12432204007, 426.80066298, 1.9664288588, 1.3470511217, -51.032350473, -6.6142145829, 1.919285707886, 427.28735048190003, -99999.0, -99999.0, 27.21, 0.04, 27.25, -1.023, -0.26, -1.281, 207.0, -91.0, 255.0, 37.0, 117.0, 391.0, 137.0, -99999.0, -99999.0, 0.0
2311.0, 40.78068858433333, -111.94098527533333, 1290.603, 0.15, 19.0, 0.35, 307.21, -3.70171, 9613.52, -50.1005, 1.0, 0.00990831, 0.12432123874, 426.73859748, 1.966735314, 1.3564374612, -51.032350473, -6.6781233334, 1.919285707886, 426.9127933476, -99999.0, 57.5, 27.18, 0.05, 27.23, -1.023, -0.26, -1.281, 148.0, 223.0, 347.0, 194.0, 363.0, 399.0, -196.0, -99999.0, -99999.0, 0.0
2312.0, 40.780688324833335, -111.9409853345, 1290.62, 0.12, 19.1, 0.31, 215.31, -3.70172, 9613.52, -50.1006, 1.0, 0.0099083, 0.12432043741, 426.44864268, 1.966735314, 1.3564374612, -99999.0, -99999.0, -99999.0, -99999.0, -99999.0, 56.5, 27.17, 0.07, 27.24, -1.023, -0.26, -1.281, 240.0, 192.0, -223.0, 37.0, 304.0, 150.0, -74.0, 1.78, 1.78, 0.0
2313.0, 40.78068789266666, -111.94098541083333, 1290.644, 0.12, 19.1, 0.0, 0.0, -3.70171, 9613.52, -50.1005, 1.0, 0.0099083, 0.11643413621, 426.44864268, 1.966735314, 1.3564374612, -57.24680433, -6.7420320839, 1.9197965413459999, 426.9124901423, -99999.0, -99999.0, 27.1, 0.08, 27.18, -1.023, -0.26, -1.281, 173.0, 319.0, 391.0, 324.0, 201.0, 77.0, -185.0, -99999.0, -99999.0, 0.0
2314.0, 40.7806875405, -111.94098545666665, 1290.666, 0.01, 19.1, 0.0, 0.0, -3.70171, 9613.52, -50.1005, 1.0, 0.0099083, 0.11643420737666667, 426.55774575333334, 1.966349972, 1.3643298368000003, -57.24680433, -6.7420320839, 1.9197965413459999, 426.9124901423, -99999.0, -99999.0, 27.02, 0.09, 27.11, -1.023, -0.26, -1.281, 89.0, 238.0, 157.0, 129.0, 19.0, 196.0, -192.0, 1.84, 4.92, 0.0
2315.0, 40.780687030833334, -111.94098556666668, 1290.706, 0.17, 19.3, 0.33, 256.32, -3.70173, 9613.52, -50.1006, 1.0, 0.00990829, 0.12334950854, 426.66002924, 1.966349972, 1.3643298368, -57.24680433, -6.977679444750001, 1.9197965413459999, 427.3971664938, -99999.0, 57.6, 26.99, 0.1, 27.09, -1.023, -0.26, -1.281, 270.0, 157.0, 179.0, 262.0, 382.0, 138.0, -126.0, -99999.0, -99999.0, 0.0
2316.0, 40.78068655866667, -111.94098565916666, 1290.731, 0.07, 19.4, 0.0, 0.0, -3.70173, 9613.52, -50.1006, 1.0, 0.00990828, 0.123349519305, 426.67454912, 1.966519278, 1.3607631978, -99999.0, -99999.0, -99999.0, -99999.0, -99999.0, 59.1, 26.97, 0.13, 27.1, -1.023, -0.26, -1.281, 152.0, 96.0, 5.0, 65.0, 78.0, 230.0, 248.0, -99999.0, -99999.0, 0.0
2317.0, 40.78068614316667, -111.94098575966667, 1290.758, 0.1, 19.5, 0.27, 228.98, -3.70172, 9613.52, -50.1006, 1.0, 0.00990828, 0.12334953007, 426.58937989, 1.966519278, 1.3607631978, -39.447630865, -7.2133268056, 1.9077027309469998, 427.39604722869996, -99999.0, -99999.0, 26.96, 0.15, 27.12, -1.023, -0.26, -1.281, 126.0, 350.0, -103.0, 99.0, 382.0, 58.0, 440.0, 1.95, 7.63, 0.0
2318.0, 40.780685545666664, -111.94098590316668, 1290.799, 0.11, 19.7, 0.39, 243.96, -3.70172, 9613.52, -50.1005, 1.0, 0.00990828, 0.12632047222, 426.58937989, 1.966519278, 1.3607631978, -39.447630865, -7.2133268056, 1.9077027309469998, 427.39604722869996, -99999.0, 58.0, 26.98, 0.16, 27.14, -1.023, -0.26, -1.281, 186.0, 259.0, 218.0, -62.0, 104.0, -312.0, 404.0, -99999.0, -99999.0, 0.0
2319.0, 40.78068496833334, -111.94098604833334, 1290.84, 0.13, 19.7, 0.38, 240.07, -3.70173, 9613.52, -50.1006, 1.0, 0.00990827, 0.12632043078000002, 426.52830882666666, 1.9661129546, 1.3392594746999997, -39.447630865, -6.9543621899, 1.9077027309469998, 427.30112759675, -99999.0, -99999.0, 27.02, 0.15, 27.16, -1.023, -0.26, -1.281, 240.0, 344.0, 98.0, 129.0, -104.0, 96.0, 207.0, 1.91, 6.92, 0.0
2320.0, 40.780684464, -111.94098615683333, 1290.882, 0.07, 19.8, 0.33, 141.8, -3.70173, 9613.52, -50.1006, 1.0, 0.00990827, 0.12384312649, 426.57442968, 1.9661129546, 1.3392594747, -99999.0, -99999.0, -99999.0, -99999.0, -99999.0, 56.4, 26.99, 0.15, 27.14, -1.023, -0.26, -1.281, 182.0, 178.0, 327.0, 198.0, -99999.0, 8.0, 315.0, -99999.0, -99999.0, 0.0
2321.0, 40.780684034833335, -111.940986304, 1290.923, 0.09, 19.8, 0.65, 240.8, -3.70172, 9613.52, -50.1006, 1.0, 0.00990827, 0.123842366825, 426.52541651, 1.9667532482, 1.3461470337, -41.541108803, -6.6953975742, 1.9128152259550002, 427.30235733620003, -99999.0, -99999.0, 26.96, 0.17, 27.13, -1.023, -0.26, -1.281, 211.0, -81.0, 87.0, -96.0, 181.0, -42.0, 414.0, -99999.0, -99999.0, 0.0
2322.0, 40.78068362983333, -111.94098644183332, 1290.955, 0.1, 19.8, 0.53, 239.33, -3.70172, 9613.52, -50.1006, 1.0, 0.00990827, 0.12384160716, 426.27030055, 1.9667532482, 1.3461470337, -41.541108803, -6.6953975742, 1.9128152259550002, 427.30235733620003, -99999.0, 56.9, 27.0, 0.18, 27.18, -1.023, -0.017, -1.242, 216.0, 51.0, 180.0, 3.0, 299.0, 289.0, 596.0, 1.61, 2.19, 0.0
2323.0, 40.78068323116666, -111.9409865815, 1290.987, 0.19, 19.8, 0.76, 225.09, -3.70172, 9613.52, -50.1006, 1.0, 0.00990826, 0.12607788312, 426.27030055, 1.9667532482, 1.3461470337, -41.541108803, -6.95402258685, 1.9128152259550002, 427.22499720375004, -99999.0, -99999.0, 26.97, 0.18, 27.16, -1.227, -0.017, -1.242, 236.0, 101.0, -99999.0, -65.0, 220.0, -92.0, 324.0, -99999.0, -99999.0, 0.0
2324.0, 40.78068289533333, -111.940986723, 1291.022, 0.14, 19.8, 0.73, 241.56, -3.70172, 9613.52, -50.1006, 1.0, 0.00990826, 0.12607521436666666, 426.28238171666663, 1.9667416864, 1.3927737780999998, -99999.0, -99999.0, -99999.0, -99999.0, -99999.0, 57.7, 26.97, 0.19, 27.16, -1.227, -0.017, -1.242, 118.0, 61.0, 332.0, 164.0, -99999.0, 246.0, 26.0, 1.65, 1.65, 0.0
2325.0, 40.78068261333333, -111.94098686266668, 1291.049, 0.05, 19.8, 0.63, 243.31, -3.70172, 9613.52, -50.1006, 1.0, 0.00990826, 0.12826240333, 425.94782159, 1.9667416864, 1.3927737781, -58.274183638, -7.2126475995, 1.9228907468679999, 427.2237692958, -99999.0, -99999.0, 27.02, 0.2, 27.22, -1.227, -0.017, -1.242, 337.0, 213.0, 163.0, 37.0, 408.0, 138.0, 170.0, -99999.0, -99999.0, 0.0
2326.0, 40.78068236866667, -111.94098696816667, 1291.074, 0.07, 19.9, 0.74, 229.1, -3.70172, 9613.52, -50.1006, 1.0, 0.00990825, 0.12826240333, 425.98207375, 1.9667317667, 1.3563570199, -58.274183638, -7.2126475995, 1.9228907468679999, 427.2237692958, -99999.0, 57.5, 27.02, 0.22, 27.24, -1.227, -0.017, -1.242, -63.0, 233.0, -54.0, 129.0, 220.0, 238.0, -274.0, -99999.0, -99999.0, 0.0
2327.0, 40.78068215566667, -111.94098708300001, 1291.103, 0.11, 19.9, 0.36, 229.71, -3.70172, 9613.52, -50.1005, 1.0, 0.00990825, 0.12826545744, 426.204446535, 1.9667317667, 1.3563570199, -58.274183638, -7.0446035102, 1.9228907468679999, 427.1273723651, -99999.0, -99999.0, 27.01, 0.24, 27.25, -1.227, -0.017, -1.242, 489.0, 203.0, -99999.0, -31.0, 162.0, 31.0, 577.0, 2.21, 4.25, 0.0
2328.0, 40.78068199616666, -111.94098719050001, 1291.125, 0.04, 19.9, 0.68, 232.74, -3.70172, 9613.52, -50.1006, 1.0, 0.00990825, 0.13287280447, 426.42681932, 1.9667317667, 1.3563570199, -99999.0, -99999.0, -99999.0, -99999.0, -99999.0, 58.1, 27.0, 0.25, 27.26, -1.227, -0.017, -1.242, -55.0, 51.0, -5.0, 132.0, 259.0, 472.0, 309.0, -99999.0, -99999.0, 0.0
2329.0, 40.780681913500004, -111.94098734933335, 1291.148, 0.09, 19.9, 0.64, 191.28, -3.70172, 9613.52, -50.1006, 1.0, 0.00990825, 0.13287398481, 426.19958992, 1.966574549, 1.3250037391, -56.046022718, -6.8765594209, 1.9226376182970002, 427.1281700286, -99999.0, -99999.0, 27.02, 0.27, 27.3, -1.227, -0.017, -1.242, 161.0, 274.0, 234.0, 328.0, 182.0, 262.0, -186.0, 1.24, 1.82, 0.0
2330.0, 40.78068185533334, -111.94098747150001, 1291.168, 0.14, 19.9, 0.57, 182.89, -3.70172, 9613.52, -50.1006, 1.0, 0.00990825, 0.13287516515, 426.47502447, 1.966574549, 1.3250037391, -56.046022718, -6.8765594209, 1.9226376182970002, 427.1281700286, -99999.0, -99999.0, 27.03, 0.3, 27.34, -1.227, -0.017, -1.242, 266.0, 355.0, -103.0, 34.0, 65.0, 272.0, -87.0, -99999.0, -99999.0, 0.0
2331.0, 40.78068180616666, -111.9409875725, 1291.184, 0.12, 19.8, 0.72, 182.78, -3.70172, 9613.52, -50.1006, 1.0, 0.00990825, 0.14659658996, 426.42675417, 1.9668795624, 1.3262786905500001, -56.046022718, -6.71654513685, 1.9226376182970002, 426.99853349745, -99999.0, 59.3, 27.09, 0.34, 27.43, -1.227, -0.017, -1.242, 249.0, 152.0, -99999.0, 99.0, 97.0, 230.0, 488.0, -99999.0, -99999.0, 0.0
2332.0, 40.780681922, -111.94098760733335, 1291.187, 0.08, 19.7, 0.7, 200.73, -99999.0, -99999.0, -99999.0, -99999.0, -99999.0, 0.14659653539, 426.36109467, 1.9671845758, 1.327553642, -99999.0, -99999.0, -99999.0, -99999.0, -99999.0, 59.5, 27.1, 0.34, 27.44, -1.227, -0.017, -1.242, 215.0, 223.0, -92.0, 65.0, 104.0, -253.0, -83.0, 1.84, 3.95, 0.0
2333.0, 40.780681935333334, -111.94098770516666, 1291.201, 0.05, 19.7, 0.68, 195.93, -3.70173, 9613.52, -50.1007, 1.0, 0.00990824, 0.12388066316, 426.34370547, 1.9671845758, 1.327553642, -54.640121557, -6.5565308528, 1.921089916417, 426.9992928136, -99999.0, -99999.0, 27.1, 0.36, 27.46, -1.227, -0.017, -1.242, 55.0, 81.0, 271.0, 358.0, -311.0, 391.0, 324.0, -99999.0, -99999.0, 0.0
2334.0, 40.780681944, -111.94098781516668, 1291.216, 0.13, 19.5, 0.61, 196.95, -3.70172, 9613.52, -50.1006, 1.0, 0.00990824, 0.123879561965, 426.41926476, 1.9671430272, 1.3475448086, -54.640121557, -6.5565308528, 1.921089916417, 426.9992928136, -99999.0, 58.3, 27.13, 0.35, 27.48, -1.227, -0.017, -1.242, 237.0, -30.0, 321.0, 99.0, 123.0, -31.0, 531.0, -99999.0, -99999.0, 0.0
2335.0, 40.780681988333335, -111.94098788883333, 1291.23, 0.03, 19.5, 0.64, 201.74, -3.70172, 9613.52, -50.1006, 1.0, 0.00990823, 0.12387846077, 426.16250734, 1.9671430272, 1.3475448086, -54.640121557, -6.1936821434, 1.921089916417, 426.85690105205, -99999.0, -99999.0, 27.15, 0.34, 27.49, -1.227, -0.017, -1.242, -152.0, 86.0, 54.0, 290.0, 162.0, 77.0, -298.0, 1.73, 7.78, 0.0
2336.0, 40.780681962166675, -111.94098800366667, 1291.253, 0.18, 19.4, 0.65, 179.47, -3.70173, 9613.52, -50.1006, 1.0, 0.00990823, 0.12559823537, 426.21244381500003, 1.9670307156, 1.35244471835, -99999.0, -99999.0, -99999.0, -99999.0, -99999.0, 56.3, 27.18, 0.31, 27.49, -1.227, -0.017, -1.242, 240.0, 253.0, 157.0, 163.0, 65.0, 165.0, -139.0, -99999.0, -99999.0, 0.0
2337.0, 40.78068199166667, -111.94098811933333, 1291.266, 0.15, 19.4, 0.54, 224.95, -3.70172, 9613.52, -50.1006, 1.0, 0.00990822, 0.1255984159, 426.28601206999997, 1.966918404, 1.3573446281, -56.203885973, -5.830833434, 1.932242388362, 426.8586222977, -99999.0, -99999.0, 27.19, 0.3, 27.49, -1.227, -0.017, -1.242, 89.0, -5.0, 315.0, 225.0, 78.0, -92.0, 200.0, 2.37, 4.41, 0.0
