arc_raw/USOS-ARL-Suite_ARC_20240723_RA.ict
71,1001
Xinrong Ren
NOAA Air Resources Lab
ARC-Suite
USOS: Utah Summer Ozone Study
1,1
2024,07,23,2024,07,23
1
StartTime_seconds, seconds, Start time in UTC seconds since midnight
38
1,1,1,1,1,1,1,1,1,1,1,1,1,1,1,1,1,1,1,1,1,1,1,1,1,1,1,1,1,1,1,1,1,1,1,1,1,1
-99999,-99999,-99999,-99999,-99999,-99999,-99999,-99999,-99999,-99999,-99999,-99999,-99999,-99999,-99999,-99999,-99999,-99999,-99999,-99999,-99999,-99999,-99999,-99999,-99999,-99999,-99999,-99999,-99999,-99999,-99999,-99999,-99999,-99999,-99999,-99999,-99999,-99999
lat_DGPS_deg, degrees, Latitude in decimal by Hemisphere VS1100 Differential GPS
lon_DGPS_deg, degrees, Longitude in decimal by Hemisphere VS1100 Differential GPS
alt_msl_m, meters, GPS Altitude MSL
speed_km_h, km/s, vehicle speed
RH, percent, relative humidity
true_WS_m_s, m/s, wind speed by 2D sonic sensor
true_WD_deg, degree, wind direction by 2D sonic sensor
CH4_aeris313_ppm, ppm, CH4 mixing ratio by Aeris
H2O_aeris313_ppm, ppm, H2O mixing ratio by Aeris
C2H6_aeris313_ppb, ppb, C2H6 mixing ratio by Aeris
r_aeris313, 1, relavence between CH4 and C2H6 by Aeris
C2C1_aeris313, 1, C2H6 to CH4 ratio by Aeris
CO_g2401m_ppm, ppm, CO mixing ratio by Picarro G2401m
CO2_g2401m_ppm, ppm, CO2 mixing ratio by Picarro G2401m
CH4_g2401m_ppm, ppm, CH4 mixing ratio by Picarro G2401m
H2O_g2401m, ppm, H2O mixing ratio by Picarro G2401m
delta13C_CH4_raw, permill, delta 13C of CH4 by Picarro G2201i
delta13C_CO2_raw, permill, delta 13C of CO2 by Picarro G2201i
CH4_g2201i_ppm, ppm, CH4 mixing ratio by Picarro G2201i
CO2_g2201i_ppm, ppm, CO2 mixing ratio by Picarro G2201i
NH3_g2301_ppb, ppb, NH3 mixing ratio by Picarro G2301
O3_2B_ppm, ppm, O3 mixing ratio by 2B
NO_G60_ppb, ppb, NO mixing ratio by G60
NO2_G60_ppb, ppb, NO2 mixing ratio by G60
NOx_G60_ppb, ppb, NOx mixing ratio by G60
NO_N500_ppb, ppb, NO mixing ratio by N500
NO2_N500_ppb, ppb, NO2 mixing ratio by N500
NOx_N500_ppb, ppb, NOx mixing ratio by N500
BC370_AE43_ng_m3, ng/m3, Black Carbon at 370 nm by AE43
BC470_AE43_ng_m3, ng/m3, Black Carbon at 470 nm by AE43
BC520_AE43_ng_m3, ng/m3, Black Carbon at 520 nm by AE43
BC590_AE43_ng_m3, ng/m3, Black Carbon at 590 nm by AE43
BC660_AE43_ng_m3, ng/m3, Black Carbon at 660 nm by AE43
BC880_AE43_ng_m3, ng/m3, Black Carbon at 880 nm by AE43
BC950_AE43_ng_m3, ng/m3, Black Carbon at 950 nm by AE43
PM25, ug/m3, PM2.5 by particle sensor
PM10, ug/m3, PM10 by particle sensor
Valve, boolian, indicator of valve conditions;0 is measurement; 10 is zeroing; 11 is spanning
1
SPECIAL COMMENTS, N/A
18
PI_CONTACT_INFO: xinrong.ren@noaa.gov, 301-683-1391, NOAA/ARL, 5830 University Research Court, College Park, MD 20740
PLATFORM: NOAA Air Resources Car
LOCATION: Salt Lake City
ASSOCIATED_DATA: N/A
INSTRUMENT_INFO: Hemisphere VS1100 differential GPS (Latitude, Longitude, GPS Altitude, speed), meteorological sensor (RH, WS, WD), 2B (O3), G60 CRDS (NO-NOx), Teledyne N500 (NO-NOx), Picarro G2401-m (CO2, CH4, CO, H2O), Picarro G2201i (CO2, CH4, d13C_CO2, d13C_CH4, H2O), Picarro 2301 (NH3), Aeris Ultra MIRA (CH4, C2H6, H2O, r, C2/C1), AE43 (Black Carbon), Partical sensor (PM2.5, PM10)
DATA_INFO: Records are reported at 1-second intervals. Hemisphere VS1100 differential GPS has 1-second ntervals. 2B O3 values are reported 2-second averages. G60 Cavity Rong Down NO-NO2-NO2 has 1-second average. Teledyne CAPS NO2 analyzer has 10-second time resolution. Picarro 2401m (CO2, CH4, CO, H2O) data has 2.5-second time resolution. Picarro 2201i (isotope) has ~5 second time resolution. Aeris Ultra MIRA has 1-second integration time. AE43 data are 10-second moving averages. Partical sensor has 10-second time resolution.
UNCERTAINTY: -99999, -99999, -99999, 15 m, -99999, -99999, -99999, -99999, 1 ppb, 100 ppm, 0.2 ppb, -99999, -99999, 5 ppb, 0.1 ppm, 1 ppb, 100 ppm, -99999, -99999, -99999, -99999, 2 ppb, 0.3 ppb, -99999, -99999, -99999, 0.05 ppb, 0.05 ppb, 0.05 ppb, 10 ng/m3, 10 ng/m3, 10 ng/m3, 10 ng/m3, 10 ng/m3, 10 ng/m3, 10 ng/m3, 10 ng/m3, 0
ULOD_FLAG: -77777
ULOD_VALUE: N/A
LLOD_FLAG: -88888
LLOD_VALUE: N/A
DM_CONTACT_INFO: Jiayang Sun; University of Maryland; jiayangs@umd.edu
PROJECT_INFO: USOS July - Aug 2024 https://deq.utah.gov/air-quality/utah-summer-ozone-study-usos
STIPULATIONS_ON_USE: Use of these data requires prior ok from PI.
OTHER_COMMENTS: N/A
REVISION: RA
RA: Preliminary Data for in-field use only.
StartTime_seconds, lat_DGPS_deg, lon_DGPS_deg, alt_msl_m, speed_km_h, RH, true_WS_m_s, true_WD_deg, CH4_aeris313_ppm, H2O_aeris313_ppm, C2H6_aeris313_ppb, r_aeris313, C2C1_aeris313, CO_g2401m_ppm, CO2_g2401m_ppm, CH4_g2401m_ppm, H2O_g2401m, delta13C_CH4_raw, delta13C_CO2_raw, CH4_g2201i_ppm, CO2_g2201i_ppm, NH3_g2301_ppb, O3_2B_ppm, NO_G60_ppb, NO2_G60_ppb, NOx_G60_ppb, NO_N500_ppb, NO2_N500_ppb, NOx_N500_ppb, BC370_AE43_ng_m3, BC470_AE43_ng_m3, BC520_AE43_ng_m3, BC590_AE43_ng_m3, BC660_AE43_ng_m3, BC880_AE43_ng_m3, BC950_AE43_ng_m3, PM25, PM10, Valve
[from data line 2662]
2662.0, 40.78070077966667, -111.94099107816668, 1288.166, 0.14, 14.2, -99999.0, -99999.0, 2.02347, 11880.1, 17.9568, 0.0512821, -99999.0, -99999.0, -99999.0, -99999.0, -99999.0, -44.114764967, -5.7206386287, 1.9418704852800002, 419.6251648141, -99999.0, -99999.0, 28.85, 2.59, 31.44, -1.172, 1.586, 0.408, 754.0, 880.0, 842.0, 207.0, 268.0, -4.0, 174.0, 5.54, 6.12, 0.0
2663.0, 40.78070082583333, -111.940991083, 1288.158, 0.07, 14.2, -99999.0, -99999.0, 2.02571, 11882.0, 18.1259, -0.00987277, -99999.0, -99999.0, -99999.0, -99999.0, -99999.0, -47.750844774, -5.7206386287, 1.9445801825620002, 419.6251648141, -99999.0, -99999.0, 28.77, 2.61, 31.38, -1.172, 1.586, 0.408, 261.0, 107.0, 418.0, 590.0, 457.0, 878.0, 562.0, 6.22, 6.22, 0.0
2664.0, 40.78070086966667, -111.9409910815, 1288.148, 0.08, 14.2, -99999.0, -99999.0, 2.02302, 11881.1, 18.1354, 0.0433367, -99999.0, -99999.0, -99999.0, -99999.0, -99999.0, -47.750844774, -5.7206386287, 1.9445801825620002, 419.6251648141, -99999.0, 67.3, 28.77, 2.62, 31.39, -1.172, 1.586, 0.408, 549.0, 660.0, 299.0, 609.0, 614.0, 878.0, 521.0, 6.08, 6.08, 0.0
2665.0, 40.78070090283333, -111.94099107783335, 1288.138, 0.09, 14.2, -99999.0, -99999.0, 2.02463, 11884.0, 18.5013, 0.0840104, -99999.0, -99999.0, -99999.0, -99999.0, -99999.0, -47.750844774, -5.7206386287, 1.9445801825620002, 419.8667695767, -99999.0, 65.7, 28.8, 2.64, 31.44, -1.172, 1.586, 0.408, 764.0, 547.0, 597.0, 728.0, 204.0, -99999.0, 189.0, 6.04, 6.04, 0.0
2666.0, 40.78070092033334, -111.94099109416666, 1288.13, 0.16, 14.1, -99999.0, -99999.0, 2.0262, 11898.5, 18.089, 0.0431038, -99999.0, -99999.0, -99999.0, -99999.0, -99999.0, -47.750844774, -6.7672949922, 1.9445801825620002, 419.8618858842, -99999.0, -99999.0, 28.82, 2.66, 31.48, -1.172, 1.586, 0.408, 540.0, 299.0, 418.0, 530.0, 793.0, 657.0, 536.0, 5.19, 10.46, 0.0
2667.0, 40.780700931000005, -111.94099109133334, 1288.122, 0.1, 14.1, -99999.0, -99999.0, 2.02473, 11915.6, 18.5356, 0.0622663, -99999.0, -99999.0, -99999.0, -99999.0, -99999.0, -49.833178007, -6.7672949922, 1.9561777630039998, 419.8618858842, -99999.0, -99999.0, 28.86, 2.61, 31.48, -1.172, 1.586, 0.408, 484.0, 553.0, 299.0, 593.0, 268.0, -291.0, 817.0, 5.19, 10.46, 0.0
2668.0, 40.780700974666665, -111.94099110849999, 1288.115, 0.05, 14.1, -99999.0, -99999.0, 2.02424, 11930.8, 18.0996, 0.0677457, -99999.0, -99999.0, -99999.0, -99999.0, -99999.0, -49.833178007, -6.7672949922, 1.9561777630039998, 419.8618858842, -99999.0, 64.8, 28.87, 2.53, 31.39, -1.172, 1.586, 0.408, 680.0, 468.0, 478.0, 562.0, 204.0, 437.0, 312.0, 5.37, 9.29, 0.0
2669.0, 40.78070101149999, -111.94099113583334, 1288.104, 0.12, 14.1, -99999.0, -99999.0, 2.0234, 11942.6, 18.4659, 0.0645451, -99999.0, -99999.0, -99999.0, -99999.0, -99999.0, -49.833178007, -6.7672949922, 1.9561777630039998, 419.9838736905, -99999.0, 65.1, 28.75, 2.46, 31.21, -1.172, 1.586, 0.408, 624.0, 361.0, 597.0, 323.0, 407.0, 296.0, 480.0, 5.33, 6.48, 0.0
2670.0, 40.78070103966667, -111.94099113366669, 1288.093, 0.06, 14.1, -99999.0, -99999.0, 2.02527, 11935.6, 18.0496, -0.0154226, -99999.0, -99999.0, -99999.0, -99999.0, -99999.0, -49.833178007, -7.5135531091, 1.9561777630039998, 419.9803906429, -99999.0, -99999.0, 28.68, 2.42, 31.1, -1.172, 1.586, 0.408, 819.0, 570.0, 275.0, 665.0, 704.0, 807.0, 199.0, 5.33, 6.48, 0.0
2671.0, 40.78070105133334, -111.94099114466665, 1288.084, 0.15, 14.1, -99999.0, -99999.0, 2.02362, 11937.7, 18.436, -0.035865, -99999.0, -99999.0, -99999.0, -99999.0, -99999.0, -48.299706032, -7.5135531091, 1.960582581744, 419.9803906429, -99999.0, -99999.0, 28.47, 2.28, 30.74, -1.172, 1.586, 0.408, 894.0, 462.0, 866.0, 160.0, 447.0, -99999.0, 465.0, 5.92, 6.5, 0.0
2672.0, 40.780701046500006, -111.94099114566667, 1288.077, 0.02, 14.1, -99999.0, -99999.0, 2.02361, 11933.8, 18.3882, -0.123843, -99999.0, -99999.0, -99999.0, -99999.0, -99999.0, -48.299706032, -7.5135531091, 1.960582581744, 419.9803906429, -99999.0, 66.0, 28.42, 2.16, 30.58, -1.172, 1.586, 0.408, 410.0, 530.0, 538.0, 414.0, 89.0, 71.0, 827.0, 5.68, 6.26, 0.0
2673.0, 40.78070103133334, -111.94099115866666, 1288.072, 0.04, 14.1, -99999.0, -99999.0, 2.02385, 11933.1, 18.0431, -0.123346, -99999.0, -99999.0, -99999.0, -99999.0, -99999.0, -48.299706032, -7.5135531091, 1.960582581744, 419.3426328599, -99999.0, 66.8, 28.28, 2.09, 30.36, -1.172, 1.586, 0.408, 475.0, 761.0, 603.0, 188.0, 179.0, 512.0, 317.0, 5.67, 6.83, 0.0
2674.0, 40.780701019, -111.94099117183332, 1288.068, 0.09, 14.1, -99999.0, -99999.0, 2.02418, 11935.7, 18.2271, -0.12495, -99999.0, -99999.0, -99999.0, -99999.0, -99999.0, -48.299706032, -5.8631864253, 1.960582581744, 419.3503240014, -99999.0, -99999.0, 28.14, 2.05, 30.19, -1.172, 1.586, 0.408, 475.0, 727.0, 448.0, 326.0, 321.0, 512.0, 296.0, 5.95, 10.92, 0.0
2675.0, 40.780700993833335, -111.94099120183334, 1288.059, 0.07, 14.1, -99999.0, -99999.0, 2.02562, 11942.5, 18.3264, -0.0930401, -99999.0, -99999.0, -99999.0, -99999.0, -99999.0, -45.550534339, -5.8631864253, 1.9510420644350002, 419.3503240014, -99999.0, -99999.0, 28.01, 2.05, 30.06, -1.172, 1.586, 0.408, 754.0, 68.0, 329.0, 577.0, 686.0, 878.0, 230.0, 5.62, 5.62, 0.0
2676.0, 40.78070097366666, -111.9409912275, 1288.055, 0.05, 14.2, -99999.0, -99999.0, 2.02376, 11958.1, 18.056, -0.0688357, -99999.0, -99999.0, -99999.0, -99999.0, -99999.0, -45.550534339, -5.8631864253, 1.9510420644350002, 419.3503240014, -99999.0, 67.8, 27.97, 2.06, 30.03, -1.172, 1.586, 0.408, 494.0, 412.0, 508.0, 119.0, 575.0, 662.0, 414.0, 5.62, 5.62, 0.0
2677.0, 40.7807009145, -111.940991315, 1288.063, 0.12, 14.2, -99999.0, -99999.0, 2.02518, 11969.5, 18.0452, -0.121495, -99999.0, -99999.0, -99999.0, -99999.0, -99999.0, -45.550534339, -6.14822024425, 1.9510420644350002, 419.77196054545004, -99999.0, 68.0, 27.96, 2.04, 30.01, -1.172, 1.586, 0.408, 680.0, 355.0, 771.0, 474.0, 639.0, -146.0, 107.0, 6.08, 8.21, 0.0
2678.0, 40.78070087866667, -111.94099138933333, 1288.064, 0.04, 14.2, -99999.0, -99999.0, 2.02478, 11962.9, 17.7902, -0.151225, -99999.0, -99999.0, -99999.0, -99999.0, -99999.0, -99999.0, -99999.0, -99999.0, -99999.0, -99999.0, -99999.0, 27.99, 2.04, 30.03, -1.172, 1.586, 0.408, 345.0, 389.0, 478.0, 489.0, 125.0, 657.0, 501.0, 6.28, 6.86, 0.0
2679.0, 40.780700855333336, -111.94099142150002, 1288.059, 0.12, 14.2, -99999.0, -99999.0, 2.02548, 11964.5, 18.2171, -0.149888, -99999.0, -99999.0, -99999.0, -99999.0, -99999.0, -51.514635757, -6.4332540632, 1.954305183856, 419.77063087330004, -99999.0, -99999.0, 28.0, 1.99, 29.99, -1.172, 1.586, 0.408, 605.0, 395.0, 358.0, 593.0, 550.0, 582.0, 679.0, 6.27, 10.29, 0.0
2680.0, 40.780700841, -111.94099146433334, 1288.06, 0.04, 14.2, -99999.0, -99999.0, 2.02358, 11962.2, 18.0668, -0.153145, -99999.0, -99999.0, -99999.0, -99999.0, -99999.0, -51.514635757, -6.4332540632, 1.954305183856, 419.77063087330004, -99999.0, 67.7, 28.01, 1.94, 29.95, -1.172, 1.586, 0.408, 549.0, 728.0, 269.0, 355.0, 550.0, 366.0, 429.0, 5.94, 5.94, 0.0
2681.0, 40.78070080250001, -111.94099153066666, 1288.059, 0.11, 14.2, -99999.0, -99999.0, 2.02437, 11968.5, 17.9826, -0.147641, -99999.0, -99999.0, -99999.0, -99999.0, -99999.0, -51.514635757, -5.5147561755, 1.954305183856, 419.53021165085, -99999.0, 67.9, 28.0, 1.87, 29.87, -1.172, 1.586, 0.408, 615.0, 90.0, 454.0, 530.0, 725.0, 366.0, 225.0, 5.94, 13.43, 0.0
2682.0, 40.78070073600001, -111.94099157266668, 1288.062, 0.03, 14.2, -99999.0, -99999.0, 2.02394, 11998.6, 17.7667, -0.132446, -99999.0, -99999.0, -99999.0, -99999.0, -99999.0, -99999.0, -99999.0, -99999.0, -99999.0, -99999.0, -99999.0, 27.95, 1.81, 29.76, -1.172, 1.586, 0.408, 624.0, 457.0, 777.0, 474.0, 525.0, 437.0, 189.0, 5.94, 13.43, 0.0
2683.0, 40.78070068616667, -111.94099164116666, 1288.063, 0.02, 14.2, -99999.0, -99999.0, 2.02432, 12025.4, 18.1458, -0.0321537, -99999.0, -99999.0, -99999.0, -99999.0, -99999.0, -48.435046972, -4.5962582878, 1.952116409265, 419.5344939114, -99999.0, -99999.0, 27.9, 1.78, 29.67, -1.172, 1.586, 0.408, 540.0, 773.0, 514.0, 430.0, 382.0, 441.0, 429.0, 5.76, 10.26, 0.0
2684.0, 40.78070061816666, -111.94099170366665, 1288.069, 0.06, 14.2, -99999.0, -99999.0, 2.02481, 12056.9, 18.1308, -0.0404124, -99999.0, -99999.0, -99999.0, -99999.0, -99999.0, -48.435046972, -4.5962582878, 1.952116409265, 419.5344939114, -99999.0, 67.7, 27.88, 1.76, 29.64, -1.172, 1.758, 0.439, 270.0, 784.0, 627.0, 458.0, 50.0, 146.0, 240.0, 5.55, 7.01, 0.0
2685.0, 40.78070055366666, -111.94099179483334, 1288.076, 0.13, 14.3, -99999.0, -99999.0, 2.02699, 12073.8, 18.0615, -0.0631885, -99999.0, -99999.0, -99999.0, -99999.0, -99999.0, -48.435046972, -5.13597469395, 1.952116409265, 419.4793324128, -99999.0, 66.5, 27.83, 1.76, 29.59, -1.32, 1.758, 0.439, 959.0, 378.0, 633.0, 442.0, 296.0, 587.0, 868.0, 5.63, 7.16, 0.0
2686.0, 40.780700462166664, -111.94099191066668, 1288.087, 0.05, 14.3, -99999.0, -99999.0, 2.02495, 12089.3, 17.9515, -0.0202036, -99999.0, -99999.0, -99999.0, -99999.0, -99999.0, -99999.0, -99999.0, -99999.0, -99999.0, -99999.0, -99999.0, 27.86, 1.75, 29.61, -1.32, 1.758, 0.439, 354.0, 389.0, 568.0, 430.0, 561.0, 216.0, 306.0, 5.79, 5.79, 0.0
2687.0, 40.780700371500004, -111.94099202150001, 1288.1, 0.09, 14.3, -99999.0, -99999.0, 2.02409, 12096.9, 17.9292, -0.0123071, -99999.0, -99999.0, -99999.0, -99999.0, -99999.0, -48.656413441, -5.6756911001, 1.9609764382230002, 419.4768164394, -99999.0, -99999.0, 27.88, 1.76, 29.64, -1.32, 1.758, 0.439, 475.0, 750.0, 657.0, 355.0, 407.0, 296.0, 598.0, 5.27, 8.82, 0.0
2688.0, 40.780700244, -111.94099213933332, 1288.107, 0.06, 14.3, -99999.0, -99999.0, 2.02372, 12093.6, 18.371, -0.0859014, -99999.0, -99999.0, -99999.0, -99999.0, -99999.0, -48.656413441, -5.6756911001, 1.9609764382230002, 419.4768164394, -99999.0, 65.4, 27.9, 1.79, 29.69, -1.32, 1.758, 0.439, 624.0, 677.0, 209.0, 474.0, 411.0, 366.0, 868.0, 5.23, 13.53, 0.0
2689.0, 40.780700144, -111.94099224483334, 1288.115, 0.09, 14.3, -99999.0, -99999.0, 2.02619, 12083.1, 17.8949, -0.146987, -99999.0, -99999.0, -99999.0, -99999.0, -99999.0, -48.656413441, -5.43542549945, 1.9609764382230002, 419.3323838107, -99999.0, 64.6, 27.94, 1.8, 29.74, -1.32, 1.758, 0.439, 885.0, 581.0, 657.0, 681.0, 243.0, 512.0, 633.0, 5.86, 14.09, 0.0
2690.0, 40.780700079166664, -111.9409923405, 1288.125, 0.11, 14.4, -99999.0, -99999.0, 2.02308, 12065.1, 18.0575, -0.157037, -99999.0, -99999.0, -99999.0, -99999.0, -99999.0, -99999.0, -99999.0, -99999.0, -99999.0, -99999.0, -99999.0, 27.94, 1.8, 29.75, -1.32, 1.758, 0.439, 484.0, 570.0, 448.0, 104.0, 522.0, 221.0, 291.0, 6.02, 7.92, 0.0
2691.0, 40.78070002166667, -111.9409924145, 1288.128, 0.09, 14.4, -99999.0, -99999.0, 2.02425, 12057.9, 18.1486, -0.143814, -99999.0, -99999.0, -99999.0, -99999.0, -99999.0, -48.902174553, -5.1951598988, 1.962559297499, 419.3335034582, -99999.0, -99999.0, 27.9, 1.83, 29.73, -1.32, 1.758, 0.439, 615.0, 417.0, 478.0, 339.0, 436.0, -99999.0, 368.0, 6.67, 8.2, 0.0
2692.0, 40.78069997866667, -111.940992496, 1288.137, 0.04, 14.4, -99999.0, -99999.0, 2.02418, 12044.6, 18.1862, -0.185197, -99999.0, -99999.0, -99999.0, -99999.0, -99999.0, -48.902174553, -5.1951598988, 1.962559297499, 419.3335034582, -99999.0, 64.8, 27.93, 1.84, 29.77, -1.32, 1.758, 0.439, 820.0, 451.0, 568.0, 223.0, 943.0, 221.0, 690.0, 6.07, 12.03, 0.0
2693.0, 40.7806999315, -111.94099259916666, 1288.146, 0.09, 14.4, -99999.0, -99999.0, 2.02463, 12057.5, 18.1391, -0.186947, -99999.0, -99999.0, -99999.0, -99999.0, -99999.0, -48.902174553, -5.9600700774, 1.962559297499, 419.7405667815, -99999.0, 66.6, 27.96, 1.87, 29.83, -1.32, 1.758, 0.439, 475.0, 739.0, 269.0, 665.0, 118.0, 71.0, 802.0, 6.23, 6.23, 0.0
2694.0, 40.78069983533334, -111.94099265666667, 1288.154, 0.11, 14.4, -99999.0, -99999.0, 2.02556, 12046.0, 18.2832, -0.165434, -99999.0, -99999.0, -99999.0, -99999.0, -99999.0, -99999.0, -99999.0, -99999.0, -99999.0, -99999.0, -99999.0, 27.9, 1.89, 29.79, -1.32, 1.758, 0.439, 894.0, 857.0, 335.0, 458.0, 447.0, 657.0, 220.0, 5.94, 6.52, 0.0
2695.0, 40.780699792166665, -111.9409927335, 1288.159, 0.1, 14.4, -99999.0, -99999.0, 2.02335, 12037.0, 17.8153, -0.0972753, -99999.0, -99999.0, -99999.0, -99999.0, -99999.0, -47.722311732, -6.724980256, 1.9503143709289998, 419.7369987784, -99999.0, -99999.0, 27.91, 1.9, 29.81, -1.32, 1.758, 0.439, 745.0, 400.0, 359.0, 191.0, 639.0, 221.0, -46.0, 5.94, 6.52, 0.0
2696.0, 40.78069974733333, -111.94099280566667, 1288.161, 0.11, 14.4, -99999.0, -99999.0, 2.02572, 12022.7, 18.0246, -0.111161, -99999.0, -99999.0, -99999.0, -99999.0, -99999.0, -47.722311732, -6.724980256, 1.9503143709289998, 419.7369987784, -99999.0, 68.2, 27.93, 1.89, 29.82, -1.32, 1.758, 0.439, 754.0, 321.0, 538.0, 634.0, 61.0, 507.0, -123.0, 5.25, 7.38, 0.0
2697.0, 40.78069971149999, -111.94099289233333, 1288.166, 0.12, 14.4, -99999.0, -99999.0, 2.02513, 12000.0, 18.0887, -0.141792, -99999.0, -99999.0, -99999.0, -99999.0, -99999.0, -47.722311732, -7.0581783934, 1.9503143709289998, 419.8733971248, -99999.0, 69.1, 27.95, 1.91, 29.86, -1.32, 1.758, 0.439, 484.0, 558.0, 538.0, 116.0, 436.0, 441.0, 587.0, 5.71, 7.17, 0.0
2698.0, 40.78069967533333, -111.9409929585, 1288.175, 0.06, 14.4, -99999.0, -99999.0, 2.02621, 11992.7, 18.1016, -0.136868, -99999.0, -99999.0, -99999.0, -99999.0, -99999.0, -99999.0, -99999.0, -99999.0, -99999.0, -99999.0, -99999.0, 27.9, 1.94, 29.84, -1.32, 1.758, 0.439, 615.0, 519.0, 478.0, 593.0, 268.0, 366.0, 358.0, 6.03, 7.56, 0.0
2699.0, 40.78069964083333, -111.94099300766666, 1288.185, 0.12, 14.4, -99999.0, -99999.0, 2.0274, 11977.6, 18.1022, -0.0450665, -99999.0, -99999.0, -99999.0, -99999.0, -99999.0, -50.250141696, -7.3913765308, 1.94545740952, 419.8718423766, -99999.0, -99999.0, 27.92, 1.96, 29.89, -1.32, 1.758, 0.439, 624.0, 902.0, 633.0, 904.0, 407.0, 441.0, 327.0, 5.88, 5.88, 0.0
2700.0, 40.780699644833334, -111.94099304516666, 1288.19, 0.05, 14.4, -99999.0, -99999.0, 2.02779, 11962.5, 18.2368, 0.0352249, -99999.0, -99999.0, -99999.0, -99999.0, -99999.0, -50.250141696, -7.3913765308, 1.94545740952, 419.8718423766, -99999.0, 67.5, 27.94, 1.97, 29.91, -1.32, 1.758, 0.439, 549.0, 305.0, 209.0, 681.0, 39.0, 873.0, 598.0, 5.27, 5.27, 0.0
2701.0, 40.780699621000004, -111.94099309500001, 1288.2, 0.08, 14.4, -99999.0, -99999.0, 2.02637, 11944.8, 18.256, 0.153728, -99999.0, -99999.0, -99999.0, -99999.0, -99999.0, -50.250141696, -7.48587351565, 1.94545740952, 419.98296736975, -99999.0, 64.9, 27.95, 1.97, 29.92, -1.32, 1.758, 0.439, 903.0, 468.0, 717.0, 72.0, 857.0, 657.0, -61.0, 5.82, 6.4, 0.0
2702.0, 40.780699583166665, -111.940993129, 1288.205, 0.12, 14.4, -99999.0, -99999.0, 2.02534, 11939.2, 17.9664, 0.231255, -99999.0, -99999.0, -99999.0, -99999.0, -99999.0, -44.656479225, -7.5803705005, 1.949059179093, 419.9825263167, -99999.0, -99999.0, 27.95, 1.99, 29.94, -1.32, 1.758, 0.439, 615.0, 626.0, 592.0, 427.0, 407.0, 221.0, 102.0, 5.88, 5.88, 0.0
2703.0, 40.780699580333334, -111.94099316683332, 1288.212, 0.11, 14.4, -99999.0, -99999.0, 2.02341, 11936.0, 17.9224, 0.261323, -99999.0, -99999.0, -99999.0, -99999.0, -99999.0, -99999.0, -99999.0, -99999.0, -99999.0, -99999.0, -99999.0, 27.98, 1.98, 29.95, -1.32, 1.758, 0.439, 494.0, 485.0, 538.0, 474.0, 525.0, 512.0, 756.0, 5.48, 5.48, 0.0
2704.0, 40.780699553, -111.94099319616667, 1288.222, 0.05, 14.4, -99999.0, -99999.0, 2.02553, 11933.2, 18.1748, 0.29739, -99999.0, -99999.0, -99999.0, -99999.0, -99999.0, -44.656479225, -7.5803705005, 1.949059179093, 419.85027228399997, -99999.0, 65.3, 27.98, 1.97, 29.95, -1.32, 1.758, 0.439, 279.0, 654.0, 902.0, 562.0, 957.0, 512.0, 843.0, 5.2, 5.2, 0.0
