arc_raw/USOS-ARL-Suite_ARC_20240730_RA.ict
71,1001
Xinrong Ren
NOAA Air Resources Lab
ARC-Suite
USOS: Utah Summer Ozone Study
1,1
2024,07,30,2024,07,30
1
StartTime_seconds, seconds, Start time in UTC seconds since midnight
38
1,1,1,1,1,1,1,1,1,1,1,1,1,1,1,1,1,1,1,1,1,1,1,1,1,1,1,1,1,1,1,1,1,1,1,1,1,1
-99999,-99999,-99999,-99999,-99999,-99999,-99999,-99999,-99999,-99999,-99999,-99999,-99999,-99999,-99999,-99999,-99999,-99999,-99999,-99999,-99999,-99999,-99999,-99999,-99999,-99999,-99999,-99999,-99999,-99999,-99999,-99999,-99999,-99999,-99999,-99999,-99999,-99999
lat_DGPS_deg, degrees, Latitude in decimal by Hemisphere VS1100 Differential GPS
lon_DGPS_deg, degrees, Longitude in decimal by Hemisphere VS1100 Differential GPS
alt_msl_m, meters, GPS Altitude MSL
speed_km_h, km/s, vehicle speed
RH, percent, relative humidity
true_WS_m_s, m/s, wind speed by 2D sonic sensor
true_WD_deg, degree, wind direction by 2D sonic sensor
CH4_aeris313_ppm, ppm, CH4 mixing ratio by Aeris
H2O_aeris313_ppm, ppm, H2O mixing ratio by Aeris
C2H6_aeris313_ppb, ppb, C2H6 mixing ratio by Aeris
r_aeris313, 1, relavence between CH4 and C2H6 by Aeris
C2C1_aeris313, 1, C2H6 to CH4 ratio by Aeris
CO_g2401m_ppm, ppm, CO mixing ratio by Picarro G2401m
CO2_g2401m_ppm, ppm, CO2 mixing ratio by Picarro G2401m
CH4_g2401m_ppm, ppm, CH4 mixing ratio by Picarro G2401m
H2O_g2401m, ppm, H2O mixing ratio by Picarro G2401m
delta13C_CH4_raw, permill, delta 13C of CH4 by Picarro G2201i
delta13C_CO2_raw, permill, delta 13C of CO2 by Picarro G2201i
CH4_g2201i_ppm, ppm, CH4 mixing ratio by Picarro G2201i
CO2_g2201i_ppm, ppm, CO2 mixing ratio by Picarro G2201i
NH3_g2301_ppb, ppb, NH3 mixing ratio by Picarro G2301
O3_2B_ppm, ppm, O3 mixing ratio by 2B
NO_G60_ppb, ppb, NO mixing ratio by G60
NO2_G60_ppb, ppb, NO2 mixing ratio by G60
NOx_G60_ppb, ppb, NOx mixing ratio by G60
NO_N500_ppb, ppb, NO mixing ratio by N500
NO2_N500_ppb, ppb, NO2 mixing ratio by N500
NOx_N500_ppb, ppb, NOx mixing ratio by N500
BC370_AE43_ng_m3, ng/m3, Black Carbon at 370 nm by AE43
BC470_AE43_ng_m3, ng/m3, Black Carbon at 470 nm by AE43
BC520_AE43_ng_m3, ng/m3, Black Carbon at 520 nm by AE43
BC590_AE43_ng_m3, ng/m3, Black Carbon at 590 nm by AE43
BC660_AE43_ng_m3, ng/m3, Black Carbon at 660 nm by AE43
BC880_AE43_ng_m3, ng/m3, Black Carbon at 880 nm by AE43
BC950_AE43_ng_m3, ng/m3, Black Carbon at 950 nm by AE43
PM25, ug/m3, PM2.5 by particle sensor
PM10, ug/m3, PM10 by particle sensor
Valve, boolian, indicator of valve conditions;0 is measurement; 10 is zeroing; 11 is spanning
1
SPECIAL COMMENTS, N/A
18
PI_CONTACT_INFO: xinrong.ren@noaa.gov, 301-683-1391, NOAA/ARL, 5830 University Research Court, College Park, MD 20740
PLATFORM: NOAA Air Resources Car
LOCATION: Salt Lake City
ASSOCIATED_DATA: N/A
INSTRUMENT_INFO: Hemisphere VS1100 differential GPS (Latitude, Longitude, GPS Altitude, speed), meteorological sensor (RH, WS, WD), 2B (O3), G60 CRDS (NO-NOx), Teledyne N500 (NO-NOx), Picarro G2401-m (CO2, CH4, CO, H2O), Picarro G2201i (CO2, CH4, d13C_CO2, d13C_CH4, H2O), Picarro 2301 (NH3), Aeris Ultra MIRA (CH4, C2H6, H2O, r, C2/C1), AE43 (Black Carbon), Partical sensor (PM2.5, PM10)
DATA_INFO: Records are reported at 1-second intervals. Hemisphere VS1100 differential GPS has 1-second ntervals. 2B O3 values are reported 2-second averages. G60 Cavity Rong Down NO-NO2-NO2 has 1-second average. Teledyne CAPS NO2 analyzer has 10-second time resolution. Picarro 2401m (CO2, CH4, CO, H2O) data has 2.5-second time resolution. Picarro 2201i (isotope) has ~5 second time resolution. Aeris Ultra MIRA has 1-second integration time. AE43 data are 10-second moving averages. Partical sensor has 10-second time resolution.
UNCERTAINTY: -99999, -99999, -99999, 15 m, -99999, -99999, -99999, -99999, 1 ppb, 100 ppm, 0.2 ppb, -99999, -99999, 5 ppb, 0.1 ppm, 1 ppb, 100 ppm, -99999, -99999, -99999, -99999, 2 ppb, 0.3 ppb, -99999, -99999, -99999, 0.05 ppb, 0.05 ppb, 0.05 ppb, 10 ng/m3, 10 ng/m3, 10 ng/m3, 10 ng/m3, 10 ng/m3, 10 ng/m3, 10 ng/m3, 10 ng/m3, 0
ULOD_FLAG: -77777
ULOD_VALUE: N/A
LLOD_FLAG: -88888
LLOD_VALUE: N/A
DM_CONTACT_INFO: Jiayang Sun; University of Maryland; jiayangs@umd.edu
PROJECT_INFO: USOS July - Aug 2024 https://deq.utah.gov/air-quality/utah-summer-ozone-study-usos
STIPULATIONS_ON_USE: Use of these data requires prior ok from PI.
OTHER_COMMENTS: N/A
REVISION: RA
RA: Preliminary Data for in-field use only.
StartTime_seconds, lat_DGPS_deg, lon_DGPS_deg, alt_msl_m, speed_km_h, RH, true_WS_m_s, true_WD_deg, CH4_aeris313_ppm, H2O_aeris313_ppm, C2H6_aeris313_ppb, r_aeris313, C2C1_aeris313, CO_g2401m_ppm, CO2_g2401m_ppm, CH4_g2401m_ppm, H2O_g2401m, delta13C_CH4_raw, delta13C_CO2_raw, CH4_g2201i_ppm, CO2_g2201i_ppm, NH3_g2301_ppb, O3_2B_ppm, NO_G60_ppb, NO2_G60_ppb, NOx_G60_ppb, NO_N500_ppb, NO2_N500_ppb, NOx_N500_ppb, BC370_AE43_ng_m3, BC470_AE43_ng_m3, BC520_AE43_ng_m3, BC590_AE43_ng_m3, BC660_AE43_ng_m3, BC880_AE43_ng_m3, BC950_AE43_ng_m3, PM25, PM10, Valve
[from data line 3192]
3192.0, 40.78068048716666, -111.94097525699999, 1289.731, 0.11, 11.7, -99999.0, -99999.0, -99999.0, -99999.0, -99999.0, -99999.0, -99999.0, -0.3650577211, 413.70104598, 1.9265297366, 0.67887537196, 143.74193838, -548.99475586, 1.973537196997, 426.0274215719, -99999.0, 53.3, -99999.0, -99999.0, -99999.0, 0.197, 1.695, 1.891, 985.0, 546.0, 393.0, 406.0, 82.0, -338.0, 523.0, -99999.0, -99999.0, 0.0
3193.0, 40.7806805405, -111.94097526583333, 1289.722, 0.03, 11.7, -99999.0, -99999.0, -99999.0, -99999.0, -99999.0, -99999.0, -99999.0, -0.36505802655, 413.70104598, 1.9265297366, 0.67887537196, 143.74193838, -549.72489667, 1.973537196997, 426.0239437541, -99999.0, -99999.0, -99999.0, -99999.0, -99999.0, 0.197, 1.695, 1.891, 1038.0, 455.0, 748.0, 547.0, 753.0, 259.0, 367.0, -99999.0, -99999.0, 0.0
3194.0, 40.78068058800001, -111.94097524666668, 1289.712, 0.05, 11.7, -99999.0, -99999.0, -99999.0, -99999.0, -99999.0, -99999.0, -99999.0, -0.36505802655, 413.74983089, 1.9265297366, 0.67887537196, 132.15609663, -549.72489667, 1.935127438183, 426.0239437541, -99999.0, 51.3, -99999.0, -99999.0, -99999.0, 0.197, 1.695, 1.891, 162.0, 894.0, -136.0, 412.0, 709.0, 623.0, 393.0, -99999.0, -99999.0, 0.0
3195.0, 40.78068061733333, -111.94097526583333, 1289.7, 0.11, 11.7, -99999.0, -99999.0, -99999.0, -99999.0, -99999.0, -99999.0, -99999.0, -0.35045772336, 413.74983089, 1.9265297366, 0.67887537196, 132.15609663, -549.72489667, 1.935127438183, 426.0239437541, -99999.0, -99999.0, -99999.0, -99999.0, -99999.0, 0.197, 1.695, 1.891, 810.0, 605.0, 556.0, 412.0, 620.0, 369.0, 135.0, -99999.0, -99999.0, 0.0
3196.0, 40.78068064183333, -111.94097526366667, 1289.688, 0.03, 11.7, -99999.0, -99999.0, -99999.0, -99999.0, -99999.0, -99999.0, -99999.0, -0.35045772336, 413.74983089, 1.9269481442, 0.67887537196, 132.15609663, -549.72489667, 1.935127438183, 427.2683772986, -99999.0, 51.0, -99999.0, -99999.0, -99999.0, 0.197, 1.695, 1.891, 1196.0, 842.0, 840.0, 140.0, -98.0, -178.0, 343.0, -99999.0, -99999.0, 0.0
3197.0, 40.780680673333336, -111.94097528616666, 1289.673, 0.09, 11.7, -99999.0, -99999.0, -99999.0, -99999.0, -99999.0, -99999.0, -99999.0, -0.35045702936, 413.781133735, 1.9269481442, 0.67887537196, 132.15609663, -550.19049709, 1.935127438183, 427.2661530654, -99999.0, -99999.0, -99999.0, -99999.0, -99999.0, 0.197, 1.695, 1.891, 910.0, 427.0, 461.0, 406.0, 179.0, 418.0, 67.0, -99999.0, -99999.0, 0.0
3198.0, 40.78068069966667, -111.94097528216668, 1289.661, 0.23, 11.6, -99999.0, -99999.0, -99999.0, -99999.0, -99999.0, -99999.0, -99999.0, -0.37249971739, 413.81243658, 1.9269481442, 0.67887537196, 131.53454776, -550.19049709, 1.971010586295, 427.2661530654, -99999.0, 52.8, -99999.0, -99999.0, -99999.0, 0.197, 1.695, 1.891, 411.0, 881.0, 732.0, 412.0, 522.0, 400.0, 995.0, -99999.0, -99999.0, 0.0
3199.0, 40.780680723333326, -111.94097526649999, 1289.65, 0.15, 11.6, -99999.0, -99999.0, -99999.0, -99999.0, -99999.0, -99999.0, -99999.0, -99999.0, -99999.0, -99999.0, -99999.0, 131.53454776, -550.19049709, 1.971010586295, 427.2661530654, -99999.0, -99999.0, -99999.0, -99999.0, -99999.0, 0.197, 1.695, 1.891, 723.0, 710.0, 352.0, 811.0, 538.0, 405.0, 652.0, -99999.0, -99999.0, 0.0
3200.0, 40.780680749999995, -111.94097526866666, 1289.639, 0.18, 11.5, -99999.0, -99999.0, -99999.0, -99999.0, -99999.0, -99999.0, -99999.0, -0.37249963471, 413.81243658, 1.9266783133, 0.67887537196, 131.53454776, -549.21890964, 1.971010586295, 424.9685265129, -99999.0, 55.2, -99999.0, -99999.0, -99999.0, 0.197, 1.695, 1.891, 623.0, 644.0, 217.0, 266.0, 481.0, 845.0, 107.0, -99999.0, -99999.0, 0.0
3201.0, 40.78068076666666, -111.94097526149999, 1289.628, 0.01, 11.5, -99999.0, -99999.0, -99999.0, -99999.0, -99999.0, -99999.0, -99999.0, -0.37249955203, 413.73196943, 1.9266783133, 0.67887537196, -99999.0, -99999.0, -99999.0, -99999.0, -99999.0, -99999.0, -99999.0, -99999.0, -99999.0, 0.197, 1.695, 1.891, 1321.0, 684.0, 420.0, 126.0, 41.0, 125.0, 725.0, -99999.0, -99999.0, 0.0
3202.0, 40.78068077716667, -111.94097529049999, 1289.617, 0.14, 11.5, -99999.0, -99999.0, -99999.0, -99999.0, -99999.0, -99999.0, -99999.0, -0.36019217329, 413.73196943, 1.9266783133, 0.67887537196, 134.62468559, -548.24732219, 1.970200405614, 424.9731429019, -99999.0, 55.3, -99999.0, -99999.0, -99999.0, 0.197, 1.695, 1.891, 748.0, -33.0, 759.0, 412.0, 399.0, 329.0, 455.0, -99999.0, -99999.0, 0.0
3203.0, 40.780680797500004, -111.94097532933334, 1289.609, 0.1, 11.4, -99999.0, -99999.0, -99999.0, -99999.0, -99999.0, -99999.0, -99999.0, -0.36019217329, 413.73196943, 1.9253929201, 0.67887537196, 134.62468559, -548.24732219, 1.970200405614, 424.9731429019, -99999.0, -99999.0, -99999.0, -99999.0, -99999.0, 0.197, 1.695, 1.891, 523.0, 329.0, 366.0, 113.0, 620.0, -98.0, 393.0, -99999.0, -99999.0, 0.0
3204.0, 40.780680784833336, -111.94097538916667, 1289.601, 0.16, 11.4, -99999.0, -99999.0, -99999.0, -99999.0, -99999.0, -99999.0, -99999.0, -0.3601924728, 413.73196943, 1.9253929201, 0.67887537196, 134.62468559, -548.692784665, 1.970200405614, 425.0718408306, -99999.0, 53.9, -99999.0, -99999.0, -99999.0, 0.197, 1.695, 1.891, 1284.0, 513.0, 339.0, 678.0, 465.0, 311.0, 45.0, -99999.0, -99999.0, 0.0
3205.0, 40.78068077033334, -111.94097539799999, 1289.594, 0.12, 11.4, -99999.0, -99999.0, -99999.0, -99999.0, -99999.0, -99999.0, -99999.0, -0.3601924728, 413.74549948, 1.9253929201, 0.67887537196, -99999.0, -99999.0, -99999.0, -99999.0, -99999.0, -99999.0, -99999.0, -99999.0, -99999.0, 0.197, 1.695, 1.891, 436.0, 539.0, 623.0, -7.0, 269.0, 320.0, 933.0, -99999.0, -99999.0, 0.0
3206.0, 40.7806807725, -111.94097545683334, 1289.582, 0.06, 11.4, -99999.0, -99999.0, -99999.0, -99999.0, -99999.0, -99999.0, -99999.0, -0.36064807268, 413.74549948, 1.9253929201, 0.67887537196, 132.05474163, -549.13824714, 1.9510464170689998, 425.0697237634, -99999.0, 54.5, -99999.0, -99999.0, -99999.0, 0.083, 1.828, 1.914, 1221.0, 270.0, 569.0, 273.0, 196.0, 632.0, 28.0, -99999.0, -99999.0, 0.0
3207.0, 40.7806807525, -111.9409755095, 1289.567, 0.13, 11.3, -99999.0, -99999.0, -99999.0, -99999.0, -99999.0, -99999.0, -99999.0, -0.36064807268, 413.74549948, 1.927044946, 0.67887537196, 132.05474163, -549.13824714, 1.9510464170689998, 425.0697237634, -99999.0, -99999.0, -99999.0, -99999.0, -99999.0, 0.083, 1.828, 1.914, 1122.0, 217.0, 474.0, -99999.0, 709.0, 432.0, 545.0, -99999.0, -99999.0, 0.0
3208.0, 40.78068069183333, -111.94097555366668, 1289.564, 0.11, 11.3, -99999.0, -99999.0, -99999.0, -99999.0, -99999.0, -99999.0, -99999.0, -0.36064786883, 413.789071425, 1.927044946, 0.67887537196, 132.05474163, -547.690499745, 1.9510464170689998, 422.8230980487, -99999.0, 55.9, -99999.0, -99999.0, -99999.0, 0.083, 1.828, 1.914, 1010.0, 1019.0, 637.0, 559.0, 351.0, -383.0, 731.0, -99999.0, -99999.0, 0.0
3209.0, 40.78068064633333, -111.94097563616667, 1289.557, 0.13, 11.3, -99999.0, -99999.0, -99999.0, -99999.0, -99999.0, -99999.0, -99999.0, -0.35924572027, 413.83264337, 1.927044946, 0.67887537196, -99999.0, -99999.0, -99999.0, -99999.0, -99999.0, -99999.0, -99999.0, -99999.0, -99999.0, 0.083, 1.828, 1.914, 810.0, 940.0, 650.0, 273.0, 563.0, 365.0, -410.0, -99999.0, -99999.0, 0.0
3210.0, 40.78068056533334, -111.94097573799999, 1289.553, 0.07, 11.2, -99999.0, -99999.0, -99999.0, -99999.0, -99999.0, -99999.0, -99999.0, -99999.0, -99999.0, -99999.0, -99999.0, 127.38585981, -546.24275235, 1.94227231141, 422.8299420142, -99999.0, 55.4, -99999.0, -99999.0, -99999.0, 0.083, 1.828, 1.914, 947.0, 1006.0, 95.0, 825.0, 326.0, 249.0, 320.0, -99999.0, -99999.0, 0.0
3211.0, 40.78068047883333, -111.94097582383334, 1289.55, 0.03, 11.2, -99999.0, -99999.0, -99999.0, -99999.0, -99999.0, -99999.0, -99999.0, -0.359245804805, 413.83264337, 1.9272368572, 0.67887537196, 127.38585981, -546.24275235, 1.94227231141, 422.8299420142, -99999.0, -99999.0, -99999.0, -99999.0, -99999.0, 0.083, 1.828, 1.914, 810.0, 375.0, 339.0, 559.0, 285.0, 650.0, 540.0, -99999.0, -99999.0, 0.0
3212.0, 40.780680432000004, -111.94097588816666, 1289.543, 0.1, 11.2, -99999.0, -99999.0, -99999.0, -99999.0, -99999.0, -99999.0, -99999.0, -0.35924588934, 413.81100454, 1.9272368572, 0.67887537196, 127.38585981, -547.0976506300001, 1.94227231141, 424.58483258585, -99999.0, 53.7, -99999.0, -99999.0, -99999.0, 0.083, 1.828, 1.914, 698.0, 894.0, 772.0, 140.0, 913.0, 587.0, 821.0, -99999.0, -99999.0, 0.0
3213.0, 40.78068039016667, -111.94097595850002, 1289.539, 0.17, 11.2, -99999.0, -99999.0, -99999.0, -99999.0, -99999.0, -99999.0, -99999.0, -0.36201951901, 413.81100454, 1.9272368572, 0.67887537196, -99999.0, -99999.0, -99999.0, -99999.0, -99999.0, -99999.0, -99999.0, -99999.0, -99999.0, 0.083, 1.828, 1.914, 885.0, 638.0, 108.0, 426.0, 228.0, 432.0, 348.0, -99999.0, -99999.0, 0.0
3214.0, 40.780680351666675, -111.94097604816668, 1289.533, 0.04, 11.2, -99999.0, -99999.0, -99999.0, -99999.0, -99999.0, -99999.0, -99999.0, -0.36201951901, 413.81100454, 1.9275068258, 0.67887537196, 129.46311897, -547.95254891, 1.939100423599, 424.58077439600004, -99999.0, 54.4, -99999.0, -99999.0, -99999.0, 0.083, 1.828, 1.914, 810.0, 1157.0, 569.0, 818.0, 652.0, 133.0, 731.0, -99999.0, -99999.0, 0.0
3215.0, 40.780680305000004, -111.94097611800001, 1289.529, 0.06, 11.2, -99999.0, -99999.0, -99999.0, -99999.0, -99999.0, -99999.0, -99999.0, -0.36201974388, 413.81085128999996, 1.9275068258, 0.67887537196, 129.46311897, -547.95254891, 1.939100423599, 424.58077439600004, -99999.0, -99999.0, -99999.0, -99999.0, -99999.0, 0.083, 1.828, 1.914, 1421.0, 664.0, 257.0, 685.0, 98.0, 44.0, 73.0, -99999.0, -99999.0, 0.0
3216.0, 40.78068029066667, -111.94097614933335, 1289.525, 0.08, 11.2, -99999.0, -99999.0, -99999.0, -99999.0, -99999.0, -99999.0, -99999.0, -0.38996188846, 413.81069804, 1.9275068258, 0.67887537196, 129.46311897, -549.4228084250001, 1.939100423599, 427.20864519944996, -99999.0, 57.6, -99999.0, -99999.0, -99999.0, 0.083, 1.828, 1.914, 312.0, 204.0, 312.0, -286.0, 986.0, 258.0, 427.0, -99999.0, -99999.0, 0.0
3217.0, 40.78068028966667, -111.94097616749998, 1289.513, 0.14, 11.2, -99999.0, -99999.0, -99999.0, -99999.0, -99999.0, -99999.0, -99999.0, -99999.0, -99999.0, -99999.0, -99999.0, 134.36557566, -550.89306794, 1.94271175251, 427.2016225861, -99999.0, -99999.0, -99999.0, -99999.0, -99999.0, 0.083, 1.828, 1.914, 885.0, -26.0, 515.0, 685.0, 424.0, 952.0, 450.0, -99999.0, -99999.0, 0.0
3218.0, 40.78068028683333, -111.94097617683335, 1289.507, 0.01, 11.1, -99999.0, -99999.0, -99999.0, -99999.0, -99999.0, -99999.0, -99999.0, -0.38996187716499997, 413.81069804, 1.9290472399, 0.67887537196, -99999.0, -99999.0, -99999.0, -99999.0, -99999.0, 58.8, -99999.0, -99999.0, -99999.0, 0.083, 1.828, 1.914, 910.0, 861.0, 678.0, 266.0, 522.0, 156.0, 686.0, -99999.0, -99999.0, 0.0
3219.0, 40.7806802525, -111.94097615999999, 1289.505, 0.09, 11.1, -99999.0, -99999.0, -99999.0, -99999.0, -99999.0, -99999.0, -99999.0, -0.38996186587, 413.84824794, 1.9290472399, 0.67887537196, 134.36557566, -550.89306794, 1.94271175251, 426.91508619785, -99999.0, -99999.0, -99999.0, -99999.0, -99999.0, 0.083, 1.828, 1.914, 910.0, 822.0, 623.0, 545.0, 579.0, 218.0, 292.0, -99999.0, -99999.0, 0.0
3220.0, 40.78068019133333, -111.94097612133334, 1289.51, 0.06, 11.1, -99999.0, -99999.0, -99999.0, -99999.0, -99999.0, -99999.0, -99999.0, -0.34523884157, 413.84824794, 1.9290472399, 0.67887537196, 134.36557566, -550.6183913, 1.94271175251, 426.6298600275, -99999.0, 58.5, -99999.0, -99999.0, -99999.0, 0.083, 1.828, 1.914, 524.0, 441.0, 691.0, 678.0, 383.0, 525.0, 382.0, -99999.0, -99999.0, 0.0
3221.0, 40.78068009383333, -111.94097604216668, 1289.526, 0.02, 11.1, -99999.0, -99999.0, -99999.0, -99999.0, -99999.0, -99999.0, -99999.0, -0.34523884157, 413.84824794, 1.9275199594, 0.67887537196, 119.67219431, -550.6183913, 1.987057001663, 426.6298600275, -99999.0, -99999.0, -99999.0, -99999.0, -99999.0, 0.083, 1.828, 1.914, 1184.0, 1144.0, 962.0, 406.0, 579.0, 414.0, 242.0, -99999.0, -99999.0, 0.0
3222.0, 40.780680127, -111.94097604766667, 1289.512, 0.06, 11.1, -99999.0, -99999.0, -99999.0, -99999.0, -99999.0, -99999.0, -99999.0, -0.34523903821, 413.84824794, 1.9275199594, 0.67887537196, -99999.0, -99999.0, -99999.0, -99999.0, -99999.0, 59.5, -99999.0, -99999.0, -99999.0, 0.083, 1.828, 1.914, 499.0, 408.0, 515.0, 412.0, 481.0, 654.0, 613.0, -99999.0, -99999.0, 0.0
3223.0, 40.780680059833344, -111.94097600450002, 1289.524, 0.1, 11.1, -99999.0, -99999.0, -99999.0, -99999.0, -99999.0, -99999.0, -99999.0, -0.34523903821, 413.73417269, 1.9275199594, 0.67887537196, 119.67219431, -550.6183913, 1.987057001663, 427.34777781205, -99999.0, -99999.0, -99999.0, -99999.0, -99999.0, 0.083, 1.828, 1.914, 436.0, 605.0, 800.0, 146.0, 334.0, 703.0, 174.0, -99999.0, -99999.0, 0.0
3224.0, 40.78067998149999, -111.94097593350001, 1289.548, 0.06, 11.1, -99999.0, -99999.0, -99999.0, -99999.0, -99999.0, -99999.0, -99999.0, -0.3639217629, 413.73417269, 1.9275199594, 0.67887537196, 119.67219431, -550.33813254, 1.987057001663, 428.06703694050003, -99999.0, 60.0, -99999.0, -99999.0, -99999.0, 0.083, 1.828, 1.914, 1035.0, 908.0, 637.0, 678.0, 171.0, 556.0, 185.0, -99999.0, -99999.0, 0.0
3225.0, 40.780679890666676, -111.94097585916667, 1289.562, 0.14, 11.1, -99999.0, -99999.0, -99999.0, -99999.0, -99999.0, -99999.0, -99999.0, -0.3639217629, 413.73417269, 1.9274164655, 0.67887537196, 125.16565328, -550.33813254, 1.9854941771960002, 428.06703694050003, -99999.0, -99999.0, -99999.0, -99999.0, -99999.0, 0.083, 1.828, 1.914, 748.0, 1309.0, 393.0, 279.0, 774.0, -58.0, 444.0, -99999.0, -99999.0, 0.0
3226.0, 40.78067982433333, -111.94097583816668, 1289.572, 0.11, 11.1, -99999.0, -99999.0, -99999.0, -99999.0, -99999.0, -99999.0, -99999.0, -0.36392167047, 413.73417269, 1.9274164655, 0.67887537196, -99999.0, -99999.0, -99999.0, -99999.0, -99999.0, 59.7, -99999.0, -99999.0, -99999.0, 0.083, 1.828, 1.914, 723.0, 138.0, 1057.0, 126.0, 114.0, 547.0, 433.0, -99999.0, -99999.0, 0.0
3227.0, 40.780679795, -111.940975821, 1289.58, 0.11, 11.1, -99999.0, -99999.0, -99999.0, -99999.0, -99999.0, -99999.0, -99999.0, -0.36392167047, 413.86454925, 1.9274164655, 0.67887537196, 125.16565328, -550.33813254, 1.9854941771960002, 426.95142356860003, -99999.0, -99999.0, -99999.0, -99999.0, -99999.0, 0.083, 1.828, 1.914, 1035.0, 388.0, 501.0, 419.0, 187.0, 423.0, 618.0, -99999.0, -99999.0, 0.0
3228.0, 40.780679778, -111.94097577866665, 1289.584, 0.07, 11.1, -99999.0, -99999.0, -99999.0, -99999.0, -99999.0, -99999.0, -99999.0, -0.36644278538, 413.86454925, 1.9274164655, 0.67887537196, 125.16565328, -549.67812102, 1.9854941771960002, 425.8389526068, -99999.0, 59.8, -99999.0, -99999.0, -99999.0, 0.087, 1.828, 1.922, 1633.0, 493.0, 14.0, 133.0, 831.0, -31.0, 472.0, -99999.0, -99999.0, 0.0
3229.0, 40.78067976083334, -111.94097578683335, 1289.595, 0.15, 11.1, -99999.0, -99999.0, -99999.0, -99999.0, -99999.0, -99999.0, -99999.0, -0.36644278538, 413.86454925, 1.9288553244, 0.67887537196, 140.82559957, -549.67812102, 1.930025241237, 425.8389526068, -99999.0, -99999.0, -99999.0, -99999.0, -99999.0, 0.087, 1.828, 1.922, 287.0, 579.0, 447.0, 532.0, 424.0, 507.0, 388.0, -99999.0, -99999.0, 0.0
3230.0, 40.780679723666665, -111.94097578049998, 1289.606, 0.03, 11.1, -99999.0, -99999.0, -99999.0, -99999.0, -99999.0, -99999.0, -99999.0, -0.36644284825, 413.65533539, 1.9288553244, 0.67887537196, -99999.0, -99999.0, -99999.0, -99999.0, -99999.0, 59.6, -99999.0, -99999.0, -99999.0, 0.087, 1.828, 1.922, 1060.0, 335.0, 651.0, 273.0, 522.0, 31.0, 157.0, -99999.0, -99999.0, 0.0
3231.0, 40.780679752666664, -111.94097584516666, 1289.594, 0.15, 11.1, -99999.0, -99999.0, -99999.0, -99999.0, -99999.0, -99999.0, -99999.0, -0.36773054482, 413.44612153, 1.9288553244, 0.67887537196, 140.82559957, -549.67812102, 1.930025241237, 425.8163867655, -99999.0, -99999.0, -99999.0, -99999.0, -99999.0, 0.087, 1.828, 1.922, 1097.0, 723.0, 529.0, 678.0, 652.0, -18.0, 478.0, -99999.0, -99999.0, 0.0
