arc_raw/USOS-ARL-Suite_ARC_20240719_RA.ict
71,1001
Xinrong Ren
NOAA Air Resources Lab
ARC-Suite
USOS: Utah Summer Ozone Study
1,1
2024,07,19,2024,07,19
1
StartTime_seconds, seconds, Start time in UTC seconds since midnight
38
1,1,1,1,1,1,1,1,1,1,1,1,1,1,1,1,1,1,1,1,1,1,1,1,1,1,1,1,1,1,1,1,1,1,1,1,1,1
-99999,-99999,-99999,-99999,-99999,-99999,-99999,-99999,-99999,-99999,-99999,-99999,-99999,-99999,-99999,-99999,-99999,-99999,-99999,-99999,-99999,-99999,-99999,-99999,-99999,-99999,-99999,-99999,-99999,-99999,-99999,-99999,-99999,-99999,-99999,-99999,-99999,-99999
lat_DGPS_deg, degrees, Latitude in decimal by Hemisphere VS1100 Differential GPS
lon_DGPS_deg, degrees, Longitude in decimal by Hemisphere VS1100 Differential GPS
alt_msl_m, meters, GPS Altitude MSL
speed_km_h, km/s, vehicle speed
RH, percent, relative humidity
true_WS_m_s, m/s, wind speed by 2D sonic sensor
true_WD_deg, degree, wind direction by 2D sonic sensor
CH4_aeris313_ppm, ppm, CH4 mixing ratio by Aeris
H2O_aeris313_ppm, ppm, H2O mixing ratio by Aeris
C2H6_aeris313_ppb, ppb, C2H6 mixing ratio by Aeris
r_aeris313, 1, relavence between CH4 and C2H6 by Aeris
C2C1_aeris313, 1, C2H6 to CH4 ratio by Aeris
CO_g2401m_ppm, ppm, CO mixing ratio by Picarro G2401m
CO2_g2401m_ppm, ppm, CO2 mixing ratio by Picarro G2401m
CH4_g2401m_ppm, ppm, CH4 mixing ratio by Picarro G2401m
H2O_g2401m, ppm, H2O mixing ratio by Picarro G2401m
delta13C_CH4_raw, permill, delta 13C of CH4 by Picarro G2201i
delta13C_CO2_raw, permill, delta 13C of CO2 by Picarro G2201i
CH4_g2201i_ppm, ppm, CH4 mixing ratio by Picarro G2201i
CO2_g2201i_ppm, ppm, CO2 mixing ratio by Picarro G2201i
NH3_g2301_ppb, ppb, NH3 mixing ratio by Picarro G2301
O3_2B_ppm, ppm, O3 mixing ratio by 2B
NO_G60_ppb, ppb, NO mixing ratio by G60
NO2_G60_ppb, ppb, NO2 mixing ratio by G60
NOx_G60_ppb, ppb, NOx mixing ratio by G60
NO_N500_ppb, ppb, NO mixing ratio by N500
NO2_N500_ppb, ppb, NO2 mixing ratio by N500
NOx_N500_ppb, ppb, NOx mixing ratio by N500
BC370_AE43_ng_m3, ng/m3, Black Carbon at 370 nm by AE43
BC470_AE43_ng_m3, ng/m3, Black Carbon at 470 nm by AE43
BC520_AE43_ng_m3, ng/m3, Black Carbon at 520 nm by AE43
BC590_AE43_ng_m3, ng/m3, Black Carbon at 590 nm by AE43
BC660_AE43_ng_m3, ng/m3, Black Carbon at 660 nm by AE43
BC880_AE43_ng_m3, ng/m3, Black Carbon at 880 nm by AE43
BC950_AE43_ng_m3, ng/m3, Black Carbon at 950 nm by AE43
PM25, ug/m3, PM2.5 by particle sensor
PM10, ug/m3, PM10 by particle sensor
Valve, boolian, indicator of valve conditions;0 is measurement; 10 is zeroing; 11 is spanning
1
SPECIAL COMMENTS, N/A
18
PI_CONTACT_INFO: xinrong.ren@noaa.gov, 301-683-1391, NOAA/ARL, 5830 University Research Court, College Park, MD 20740
PLATFORM: NOAA Air Resources Car
LOCATION: Salt Lake City
ASSOCIATED_DATA: N/A
INSTRUMENT_INFO: Hemisphere VS1100 differential GPS (Latitude, Longitude, GPS Altitude, speed), meteorological sensor (RH, WS, WD), 2B (O3), G60 CRDS (NO-NOx), Teledyne N500 (NO-NOx), Picarro G2401-m (CO2, CH4, CO, H2O), Picarro G2201i (CO2, CH4, d13C_CO2, d13C_CH4, H2O), Picarro 2301 (NH3), Aeris Ultra MIRA (CH4, C2H6, H2O, r, C2/C1), AE43 (Black Carbon), Partical sensor (PM2.5, PM10)
DATA_INFO: Records are reported at 1-second intervals. Hemisphere VS1100 differential GPS has 1-second ntervals. 2B O3 values are reported 2-second averages. G60 Cavity Rong Down NO-NO2-NO2 has 1-second average. Teledyne CAPS NO2 analyzer has 10-second time resolution. Picarro 2401m (CO2, CH4, CO, H2O) data has 2.5-second time resolution. Picarro 2201i (isotope) has ~5 second time resolution. Aeris Ultra MIRA has 1-second integration time. AE43 data are 10-second moving averages. Partical sensor has 10-second time resolution.
UNCERTAINTY: -99999, -99999, -99999, 15 m, -99999, -99999, -99999, -99999, 1 ppb, 100 ppm, 0.2 ppb, -99999, -99999, 5 ppb, 0.1 ppm, 1 ppb, 100 ppm, -99999, -99999, -99999, -99999, 2 ppb, 0.3 ppb, -99999, -99999, -99999, 0.05 ppb, 0.05 ppb, 0.05 ppb, 10 ng/m3, 10 ng/m3, 10 ng/m3, 10 ng/m3, 10 ng/m3, 10 ng/m3, 10 ng/m3, 10 ng/m3, 0
ULOD_FLAG: -77777
ULOD_VALUE: N/A
LLOD_FLAG: -88888
LLOD_VALUE: N/A
DM_CONTACT_INFO: Jiayang Sun; University of Maryland; jiayangs@umd.edu
PROJECT_INFO: USOS July - Aug 2024 https://deq.utah.gov/air-quality/utah-summer-ozone-study-usos
STIPULATIONS_ON_USE: Use of these data requires prior ok from PI.
OTHER_COMMENTS: N/A
REVISION: RA
RA: Preliminary Data for in-field use only.
StartTime_seconds, lat_DGPS_deg, lon_DGPS_deg, alt_msl_m, speed_km_h, RH, true_WS_m_s, true_WD_deg, CH4_aeris313_ppm, H2O_aeris313_ppm, C2H6_aeris313_ppb, r_aeris313, C2C1_aeris313, CO_g2401m_ppm, CO2_g2401m_ppm, CH4_g2401m_ppm, H2O_g2401m, delta13C_CH4_raw, delta13C_CO2_raw, CH4_g2201i_ppm, CO2_g2201i_ppm, NH3_g2301_ppb, O3_2B_ppm, NO_G60_ppb, NO2_G60_ppb, NOx_G60_ppb, NO_N500_ppb, NO2_N500_ppb, NOx_N500_ppb, BC370_AE43_ng_m3, BC470_AE43_ng_m3, BC520_AE43_ng_m3, BC590_AE43_ng_m3, BC660_AE43_ng_m3, BC880_AE43_ng_m3, BC950_AE43_ng_m3, PM25, PM10, Valve
[from data line 4270]
4270.0, 40.780695464666664, -111.94099149116667, 1287.534, 0.09, 22.3, 1.89, 248.92, 1.99233, 13966.0, 18.1586, 0.18967, -99999.0, 0.11971589469, 429.21268163, 1.9696957679, 1.2232953474, -50.001480497, -6.6253661522, 1.920895405151, 430.0302278676, -99999.0, 54.3, -99999.0, -99999.0, -99999.0, -99999.0, -99999.0, -99999.0, -99999.0, -99999.0, -99999.0, -99999.0, -99999.0, -99999.0, -99999.0, -99999.0, -99999.0, 0.0
4271.0, 40.78069544716667, -111.94099145716667, 1287.532, 0.03, 22.3, 1.27, 270.6, 1.99253, 13959.2, 18.0242, 0.148788, -99999.0, 0.11971589469, 429.21880749, 1.9699954577, 1.2244379007, -50.001480497, -8.8041085526, 1.920895405151, 430.0198156815, -99999.0, -99999.0, -99999.0, -99999.0, -99999.0, -99999.0, -99999.0, -99999.0, -99999.0, -99999.0, -99999.0, -99999.0, -99999.0, -99999.0, -99999.0, 4.61, 12.69, 0.0
4272.0, 40.780695433666665, -111.94099138216667, 1287.527, 0.05, 22.3, 2.06, 261.21, 1.99247, 13962.1, 18.2375, 0.0658123, -99999.0, 0.11971607812, 429.21449743000005, 1.9699954577, 1.2244379007, -47.722136183, -8.8041085526, 1.9164887213230002, 430.0198156815, -99999.0, 56.2, -99999.0, -99999.0, -99999.0, -99999.0, -99999.0, -99999.0, -99999.0, -99999.0, -99999.0, -99999.0, -99999.0, -99999.0, -99999.0, -99999.0, -99999.0, 0.0
4273.0, 40.78069540566666, -111.94099131733334, 1287.528, 0.08, 22.3, 4.72, 250.43, 1.9952, 13957.7, 18.3709, 0.18442, -99999.0, 0.12679674649, 429.21018737, 1.9699954577, 1.2244379007, -47.722136183, -8.8041085526, 1.9164887213230002, 430.0198156815, -99999.0, -99999.0, -99999.0, -99999.0, -99999.0, -99999.0, -99999.0, -99999.0, -99999.0, -99999.0, -99999.0, -99999.0, -99999.0, -99999.0, -99999.0, 4.22, 27.71, 0.0
4274.0, 40.78069535183333, -111.94099126383335, 1287.532, 0.11, 22.3, 3.16, 233.23, 1.99383, 13954.8, 18.5157, 0.24225, -99999.0, 0.1267948907, 429.17244842, 1.9708454882, 1.212103635, -47.722136183, -7.70769269405, 1.9164887213230002, 429.69035389855003, -99999.0, 60.4, -99999.0, -99999.0, -99999.0, -99999.0, -99999.0, -99999.0, -99999.0, -99999.0, -99999.0, -99999.0, -99999.0, -99999.0, -99999.0, 3.87, 19.43, 0.0
4275.0, 40.78069533483333, -111.94099119266666, 1287.531, 0.13, 22.3, 3.59, 298.43, 1.99514, 13955.7, 18.2877, 0.265125, -99999.0, 0.12679303491, 428.5897902, 1.9708454882, 1.212103635, -99999.0, -99999.0, -99999.0, -99999.0, -99999.0, -99999.0, -99999.0, -99999.0, -99999.0, -99999.0, -99999.0, -99999.0, -99999.0, -99999.0, -99999.0, -99999.0, -99999.0, -99999.0, -99999.0, -99999.0, -99999.0, 0.0
4276.0, 40.78069534033334, -111.940991163, 1287.534, 0.13, 22.3, 2.66, 269.74, 1.99276, 13954.0, 18.4406, 0.264411, -99999.0, 0.13162674114, 428.57832341, 1.9713466919, 1.2148637077500002, -50.361973594, -6.6112768355, 1.9308459632669999, 429.69558957960004, -99999.0, 59.1, -99999.0, -99999.0, -99999.0, -99999.0, -99999.0, -99999.0, -99999.0, -99999.0, -99999.0, -99999.0, -99999.0, -99999.0, -99999.0, 6.59, 20.55, 0.0
4277.0, 40.78069537433333, -111.94099113766667, 1287.534, 0.16, 22.3, 1.41, 304.44, 1.99507, 13923.2, 18.226, 0.264445, -99999.0, 0.13162786321, 428.65995478, 1.9718478956, 1.2176237805, -50.361973594, -6.6112768355, 1.9308459632669999, 429.69558957960004, -99999.0, -99999.0, -99999.0, -99999.0, -99999.0, -99999.0, -99999.0, -99999.0, -99999.0, -99999.0, -99999.0, -99999.0, -99999.0, -99999.0, -99999.0, -99999.0, -99999.0, 0.0
4278.0, 40.78069540883334, -111.94099111749999, 1287.542, 0.08, 22.3, 1.46, 303.54, 1.99841, 13901.7, 18.3257, 0.303889, -99999.0, 0.124777848, 428.75305294, 1.9718478956, 1.2176237805, -50.361973594, -6.86012468795, 1.9308459632669999, 429.43650573715, -99999.0, 55.0, -99999.0, -99999.0, -99999.0, -99999.0, -99999.0, -99999.0, -99999.0, -99999.0, -99999.0, -99999.0, -99999.0, -99999.0, -99999.0, 4.96, 20.81, 0.0
4279.0, 40.78069539483334, -111.94099109766667, 1287.543, 0.08, 22.3, 3.73, 257.34, 1.99373, 13907.1, 18.1089, 0.305387, -99999.0, 0.12477897433, 428.79802318, 1.9713763542, 1.2254560977, -99999.0, -99999.0, -99999.0, -99999.0, -99999.0, -99999.0, -99999.0, -99999.0, -99999.0, -99999.0, -99999.0, -99999.0, -99999.0, -99999.0, -99999.0, -99999.0, -99999.0, -99999.0, -99999.0, -99999.0, -99999.0, 0.0
4280.0, 40.780695441, -111.94099108683334, 1287.544, 0.14, 22.3, 2.12, 257.03, 1.99543, 13897.1, 18.5819, 0.369575, -99999.0, 0.12478010066, 429.14719134, 1.9713763542, 1.2254560977, -45.354962794, -7.1089725404, 1.927925492201, 429.4353181348, -99999.0, 53.8, -99999.0, -99999.0, -99999.0, -99999.0, -99999.0, -99999.0, -99999.0, -99999.0, -99999.0, -99999.0, -99999.0, -99999.0, -99999.0, 5.73, 25.22, 0.0
4281.0, 40.780695527333336, -111.94099111216669, 1287.554, 0.01, 22.3, 3.89, 252.54, 1.99816, 13901.0, 18.4664, 0.435609, -99999.0, 0.12937240954, 429.16258131, 1.97191441175, 1.2261045602, -45.354962794, -7.1089725404, 1.927925492201, 429.4353181348, -99999.0, -99999.0, -99999.0, -99999.0, -99999.0, -99999.0, -99999.0, -99999.0, -99999.0, -99999.0, -99999.0, -99999.0, -99999.0, -99999.0, -99999.0, -99999.0, -99999.0, 0.0
4282.0, 40.7806955685, -111.9409910715, 1287.554, 0.16, 22.3, 1.73, 256.93, 1.99408, 13911.9, 18.3311, 0.457201, -99999.0, 0.12937381555, 429.26859024, 1.9724524693, 1.2267530227, -45.354962794, -7.3589592029999995, 1.927925492201, 429.94027001275003, -99999.0, 55.3, -99999.0, -99999.0, -99999.0, -99999.0, -99999.0, -99999.0, -99999.0, -99999.0, -99999.0, -99999.0, -99999.0, -99999.0, -99999.0, 5.2, 25.42, 0.0
4283.0, 40.780695593833336, -111.940991052, 1287.554, 0.1, 22.3, 4.08, 251.72, 1.9947, 13945.6, 18.2544, 0.441378, -99999.0, 0.13475705336, 429.3592092, 1.9724524693, 1.2267530227, -99999.0, -99999.0, -99999.0, -99999.0, -99999.0, -99999.0, -99999.0, -99999.0, -99999.0, -99999.0, -99999.0, -99999.0, -99999.0, -99999.0, -99999.0, -99999.0, -99999.0, -99999.0, -99999.0, 6.16, 23.04, 0.0
4284.0, 40.78069561066666, -111.94099103466667, 1287.561, 0.03, 22.3, 3.12, 251.42, 1.99364, 13962.6, 18.2246, 0.417495, -99999.0, 0.13475760986, 429.36028007, 1.9723854158, 1.2257735817, -52.127825853, -7.6089458656, 1.926837476891, 429.9390755694, -99999.0, 57.4, 19.9, 1.92, 21.82, -99999.0, -99999.0, -99999.0, -99999.0, -99999.0, -99999.0, -99999.0, -99999.0, -99999.0, -99999.0, -99999.0, -99999.0, 0.0
4285.0, 40.780695670499995, -111.94099105133334, 1287.568, 0.13, 22.3, 2.43, 253.23, 1.99411, 13967.2, 17.8819, 0.370335, -99999.0, 0.13475816636, 429.59954698, 1.9723854158, 1.2257735817, -52.127825853, -7.6089458656, 1.926837476891, 429.9390755694, -99999.0, -99999.0, 19.91, 1.93, 21.85, -99999.0, -99999.0, -99999.0, -99999.0, -99999.0, -99999.0, -99999.0, -99999.0, -99999.0, -99999.0, 4.22, 10.27, 0.0
4286.0, 40.780695682, -111.94099103799999, 1287.576, 0.23, 22.3, 2.08, 262.32, 1.99626, 13974.6, 18.4732, 0.40173, -99999.0, 0.1226999277, 429.59954698, 1.9723854158, 1.2257735817, -52.127825853, -7.254940836399999, 1.926837476891, 429.68992071895, -99999.0, 57.9, 19.89, 1.95, 21.84, -0.762, 3.641, 2.875, -99999.0, -99999.0, -99999.0, -99999.0, -99999.0, -99999.0, -99999.0, -99999.0, -99999.0, 0.0
4287.0, 40.78069578583334, -111.94099105733333, 1287.58, 0.08, 22.3, 2.48, 250.4, 1.99556, 13980.7, 18.296, 0.399757, -99999.0, 0.12270151310666666, 429.7661959933334, 1.9730766581, 1.2349082413, -99999.0, -99999.0, -99999.0, -99999.0, -99999.0, -99999.0, 19.9, 1.95, 21.84, -0.762, 3.641, 2.875, -99999.0, -99999.0, -99999.0, -99999.0, -99999.0, -99999.0, -99999.0, 6.63, 33.98, 0.0
4288.0, 40.78069583833333, -111.94099106683333, 1287.586, 0.14, 22.3, 3.14, 292.81, 1.99467, 13977.8, 18.3118, 0.415321, -99999.0, 0.12889776464, 430.04445494, 1.9730766581, 1.2349082413, -43.347639794, -6.9009358072, 1.915167812642, 429.6916111781, -99999.0, 57.6, 19.89, 1.99, 21.88, -0.762, 3.641, 2.875, -99999.0, -99999.0, -99999.0, -99999.0, -99999.0, -99999.0, -99999.0, -99999.0, -99999.0, 0.0
4289.0, 40.780695909, -111.94099108416667, 1287.59, 0.02, 22.3, 3.14, 249.73, 1.99412, 13980.8, 18.5451, 0.410321, -99999.0, 0.12889770248, 430.10802969, 1.9728531405, 1.2445894772, -43.347639794, -6.9009358072, 1.915167812642, 429.6916111781, -99999.0, -99999.0, 20.0, 2.02, 22.02, -0.762, 3.641, 2.875, -99999.0, -99999.0, -99999.0, -99999.0, -99999.0, -99999.0, -99999.0, 4.51, 22.84, 0.0
4290.0, 40.78069599683333, -111.94099112233334, 1287.587, 0.04, 22.3, 2.78, 256.41, 1.99892, 13986.3, 18.5663, 0.480504, -99999.0, 0.12889764032, 430.05835662, 1.9728531405, 1.2445894772, -43.347639794, -7.6994000606999995, 1.915167812642, 430.36046782594997, -99999.0, 57.5, 20.06, 2.03, 22.09, -0.762, 3.641, 2.875, -99999.0, -99999.0, -99999.0, -99999.0, -99999.0, -99999.0, -99999.0, -99999.0, -99999.0, 0.0
4291.0, 40.7806960655, -111.94099112083335, 1287.589, 0.04, 22.3, 2.21, 256.39, 1.99538, 14022.2, 18.2826, 0.478491, -99999.0, 0.12524561028, 430.05835662, 1.9728531405, 1.2445894772, -54.66640329, -8.4978643142, 1.932663169796, 430.35664899809996, -99999.0, -99999.0, 20.09, 2.03, 22.12, -0.762, 3.641, 2.875, -99999.0, -99999.0, -99999.0, -99999.0, -99999.0, -99999.0, -99999.0, 5.22, 14.93, 0.0
4292.0, 40.78069615266666, -111.940991166, 1287.587, 0.19, 22.3, 1.85, 257.91, 1.99447, 14054.3, 18.47, 0.457367, -99999.0, 0.12524344184, 429.87843875, 1.9716691533, 1.2322906931, -99999.0, -99999.0, -99999.0, -99999.0, -99999.0, 56.9, 20.13, 2.03, 22.16, -0.762, 3.641, 2.875, -99999.0, -99999.0, -99999.0, -99999.0, -99999.0, -99999.0, -99999.0, -99999.0, -99999.0, 0.0
4293.0, 40.78069623766666, -111.940991187, 1287.588, 0.11, 22.4, 2.31, 253.01, 1.99446, 14075.4, 18.3944, 0.47996, -99999.0, 0.1229226115, 429.53629661, 1.9716691533, 1.2322906931, -54.66640329, -8.4978643142, 1.932663169796, 430.15773199909995, -99999.0, -99999.0, 20.2, 2.02, 22.22, -0.762, 3.641, 2.875, -99999.0, -99999.0, -99999.0, -99999.0, -99999.0, -99999.0, -99999.0, 4.43, 13.74, 0.0
4294.0, 40.78069630033333, -111.94099120916665, 1287.588, 0.14, 22.4, 2.49, 231.01, 1.99712, 14079.9, 18.2562, 0.444514, -99999.0, 0.12292221952, 429.48595086, 1.9728069681, 1.2296673319, -54.66640329, -7.4370089395, 1.932663169796, 429.9638840798, -99999.0, 56.1, 20.21, 2.03, 22.24, -0.762, 3.641, 2.875, -99999.0, -99999.0, -99999.0, -99999.0, -99999.0, -99999.0, -99999.0, -99999.0, -99999.0, 0.0
4295.0, 40.780696384, -111.94099126033333, 1287.585, 0.1, 22.4, 2.93, 241.41, 1.99598, 14074.6, 18.3219, 0.445266, -99999.0, 0.12292182754, 429.33990502, 1.9728069681, 1.2296673319, -43.137727968, -7.4370089395, 1.925010495408, 429.9638840798, -99999.0, -99999.0, 20.19, 2.05, 22.24, -0.762, 3.641, 2.875, -99999.0, -99999.0, -99999.0, -99999.0, -99999.0, -99999.0, -99999.0, 3.62, 6.67, 0.0
4296.0, 40.78069648233333, -111.94099130866668, 1287.578, 0.02, 22.4, 3.08, 241.42, 1.99054, 14067.9, 17.9568, 0.452732, -99999.0, 0.13354923979, 429.33990502, 1.9728069681, 1.2296673319, -99999.0, -99999.0, -99999.0, -99999.0, -99999.0, 55.8, 20.2, 2.09, 22.29, -0.762, 3.641, 2.875, -99999.0, -99999.0, -99999.0, -99999.0, -99999.0, -99999.0, -99999.0, 5.8, 13.23, 0.0
4297.0, 40.78069657766667, -111.9409913565, 1287.576, 0.17, 22.4, 2.4, 202.8, 1.99565, 14061.6, 18.292, 0.486625, -99999.0, 0.13354810389, 429.2841693, 1.9737893353, 1.2157669732, -43.137727968, -7.4370089395, 1.925010495408, 430.28324901085, -99999.0, -99999.0, 20.21, 2.1, 22.31, -0.762, 3.641, 2.875, -99999.0, -99999.0, -99999.0, -99999.0, -99999.0, -99999.0, -99999.0, -99999.0, -99999.0, 0.0
4298.0, 40.78069664033334, -111.94099135366666, 1287.568, 0.17, 22.4, 1.27, 242.79, 1.99701, 14041.2, 18.4124, 0.489085, -99999.0, 0.137341494895, 428.95003967, 1.9737893353, 1.2157669732, -43.137727968, -7.7642355564, 1.925010495408, 430.60104803390004, -99999.0, 58.0, 20.24, 2.13, 22.37, -0.762, 3.641, 2.875, -99999.0, -99999.0, -99999.0, -99999.0, -99999.0, -99999.0, -99999.0, 5.81, 22.78, 0.0
4299.0, 40.78069673483333, -111.94099140600001, 1287.572, 0.07, 22.4, 2.62, 243.28, 1.99673, 13997.4, 18.4569, 0.525089, -99999.0, 0.1411360218, 428.91785091, 1.9742602403, 1.2201114956, -57.411742625, -7.7642355564, 1.93246800752, 430.60104803390004, -99999.0, -99999.0, 20.2, 2.18, 22.38, -0.762, 3.641, 2.875, -99999.0, -99999.0, -99999.0, -99999.0, -99999.0, -99999.0, -99999.0, -99999.0, -99999.0, 0.0
4300.0, 40.78069678483333, -111.94099141983334, 1287.566, 0.03, 22.4, 2.24, 243.29, 1.99728, 13971.5, 18.5173, 0.527158, -99999.0, 0.14113659025, 428.95796608, 1.9742602403, 1.2201114956, -99999.0, -99999.0, -99999.0, -99999.0, -99999.0, 60.3, 20.2, 2.21, 22.42, -0.762, 3.641, 2.875, -99999.0, -99999.0, -99999.0, -99999.0, -99999.0, -99999.0, -99999.0, -99999.0, -99999.0, 0.0
4301.0, 40.780696794, -111.94099141800001, 1287.563, 0.05, 22.4, 2.76, 253.19, 1.99692, 13952.4, 18.1573, 0.433658, -99999.0, 0.14349273237, 428.99808125, 1.9742602403, 1.2201114956, -57.411742625, -7.7642355564, 1.93246800752, 430.580675961, -99999.0, -99999.0, 20.23, 2.24, 22.47, -0.762, 3.641, 2.875, -99999.0, -99999.0, -99999.0, -99999.0, -99999.0, -99999.0, -99999.0, 3.86, 22.33, 0.0
4302.0, 40.780696809333335, -111.94099142649999, 1287.561, 0.11, 22.4, 2.54, 306.97, 1.99883, 13925.7, 18.3226, 0.393139, -99999.0, 0.14349362923499998, 429.06493138, 1.9741694805, 1.2356057048, -57.411742625, -8.2481822755, 1.93246800752, 430.55798823189997, -99999.0, 59.1, 20.2, 2.28, 22.48, -0.762, 3.641, 2.875, -99999.0, -99999.0, -99999.0, -99999.0, -99999.0, -99999.0, -99999.0, -99999.0, -99999.0, 0.0
4303.0, 40.780696789333334, -111.94099142799999, 1287.555, 0.05, 22.4, 3.2, 290.26, 1.99868, 13929.1, 18.4285, 0.405791, -99999.0, 0.1434945261, 429.35404175, 1.9741694805, 1.2356057048, -51.643694067, -8.2481822755, 1.927839115772, 430.55798823189997, -99999.0, -99999.0, 20.22, 2.33, 22.55, -0.762, 3.641, 2.875, -99999.0, -99999.0, -99999.0, -99999.0, -99999.0, -99999.0, -99999.0, -99999.0, -99999.0, 0.0
4304.0, 40.78069682866667, -111.94099146600001, 1287.551, 0.11, 22.4, 2.22, 264.54, 1.99649, 13942.1, 18.2486, 0.445502, -99999.0, 0.14145192287, 429.358424575, 1.9740366031, 1.22915748225, -99999.0, -99999.0, -99999.0, -99999.0, -99999.0, 58.0, 20.19, 2.38, 22.57, -0.762, 3.641, 2.875, -99999.0, -99999.0, -99999.0, -99999.0, -99999.0, -99999.0, -99999.0, 4.33, 39.05, 0.0
4305.0, 40.78069677533333, -111.94099144116666, 1287.544, 0.03, 22.4, 2.67, 288.95, 1.99565, 13980.5, 18.093, 0.430533, -99999.0, 0.14145689131, 429.80647327500003, 1.9739037257, 1.2227092597, -51.643694067, -8.2481822755, 1.927839115772, 430.8238939553, -99999.0, -99999.0, 20.23, 2.42, 22.65, -0.762, 3.641, 3.062, -99999.0, -99999.0, -99999.0, -99999.0, -99999.0, -99999.0, -99999.0, -99999.0, -99999.0, 0.0
4306.0, 40.78069678833332, -111.94099144100001, 1287.539, 0.09, 22.4, 1.63, 264.76, 1.99662, 13999.8, 18.1939, 0.476652, -99999.0, 0.17012875186, 430.25013915, 1.9739037257, 1.2227092597, -51.643694067, -6.7735096431, 1.927839115772, 431.096864615, -99999.0, 57.7, 20.21, 2.46, 22.67, -0.578, 3.641, 3.062, -99999.0, -99999.0, -99999.0, -99999.0, -99999.0, -99999.0, -99999.0, 6.61, 24.95, 0.0
4307.0, 40.78069671149999, -111.94099138683332, 1287.53, 0.05, 22.4, 2.28, 246.64, 1.9992, 14003.2, 17.8646, 0.265298, -99999.0, 0.170132575995, 430.2005806, 1.9749294131, 1.2209396735, -51.373719473, -6.7735096431, 1.936912389225, 431.096864615, -99999.0, -99999.0, 20.23, 2.49, 22.72, -0.578, 3.641, 3.062, -99999.0, -99999.0, -99999.0, -99999.0, -99999.0, -99999.0, -99999.0, -99999.0, -99999.0, 0.0
4308.0, 40.78069654916666, -111.940991287, 1287.524, 0.21, 22.4, 2.36, 251.53, 1.99829, 13987.4, 18.301, 0.260332, -99999.0, 0.17013640013, 431.24749774, 1.9749294131, 1.2209396735, -99999.0, -99999.0, -99999.0, -99999.0, -99999.0, 55.2, 20.2, 2.52, 22.73, -0.578, 3.641, 3.062, -99999.0, -99999.0, -99999.0, -99999.0, -99999.0, -99999.0, -99999.0, -99999.0, -99999.0, 0.0
