arc_raw/USOS-ARL-Suite_ARC_20240729_RA.ict
71,1001
Xinrong Ren
NOAA Air Resources Lab
ARC-Suite
USOS: Utah Summer Ozone Study
1,1
2024,07,29,2024,07,29
1
StartTime_seconds, seconds, Start time in UTC seconds since midnight
38
1,1,1,1,1,1,1,1,1,1,1,1,1,1,1,1,1,1,1,1,1,1,1,1,1,1,1,1,1,1,1,1,1,1,1,1,1,1
-99999,-99999,-99999,-99999,-99999,-99999,-99999,-99999,-99999,-99999,-99999,-99999,-99999,-99999,-99999,-99999,-99999,-99999,-99999,-99999,-99999,-99999,-99999,-99999,-99999,-99999,-99999,-99999,-99999,-99999,-99999,-99999,-99999,-99999,-99999,-99999,-99999,-99999
lat_DGPS_deg, degrees, Latitude in decimal by Hemisphere VS1100 Differential GPS
lon_DGPS_deg, degrees, Longitude in decimal by Hemisphere VS1100 Differential GPS
alt_msl_m, meters, GPS Altitude MSL
speed_km_h, km/s, vehicle speed
RH, percent, relative humidity
true_WS_m_s, m/s, wind speed by 2D sonic sensor
true_WD_deg, degree, wind direction by 2D sonic sensor
CH4_aeris313_ppm, ppm, CH4 mixing ratio by Aeris
H2O_aeris313_ppm, ppm, H2O mixing ratio by Aeris
C2H6_aeris313_ppb, ppb, C2H6 mixing ratio by Aeris
r_aeris313, 1, relavence between CH4 and C2H6 by Aeris
C2C1_aeris313, 1, C2H6 to CH4 ratio by Aeris
CO_g2401m_ppm, ppm, CO mixing ratio by Picarro G2401m
CO2_g2401m_ppm, ppm, CO2 mixing ratio by Picarro G2401m
CH4_g2401m_ppm, ppm, CH4 mixing ratio by Picarro G2401m
H2O_g2401m, ppm, H2O mixing ratio by Picarro G2401m
delta13C_CH4_raw, permill, delta 13C of CH4 by Picarro G2201i
delta13C_CO2_raw, permill, delta 13C of CO2 by Picarro G2201i
CH4_g2201i_ppm, ppm, CH4 mixing ratio by Picarro G2201i
CO2_g2201i_ppm, ppm, CO2 mixing ratio by Picarro G2201i
NH3_g2301_ppb, ppb, NH3 mixing ratio by Picarro G2301
O3_2B_ppm, ppm, O3 mixing ratio by 2B
NO_G60_ppb, ppb, NO mixing ratio by G60
NO2_G60_ppb, ppb, NO2 mixing ratio by G60
NOx_G60_ppb, ppb, NOx mixing ratio by G60
NO_N500_ppb, ppb, NO mixing ratio by N500
NO2_N500_ppb, ppb, NO2 mixing ratio by N500
NOx_N500_ppb, ppb, NOx mixing ratio by N500
BC370_AE43_ng_m3, ng/m3, Black Carbon at 370 nm by AE43
BC470_AE43_ng_m3, ng/m3, Black Carbon at 470 nm by AE43
BC520_AE43_ng_m3, ng/m3, Black Carbon at 520 nm by AE43
BC590_AE43_ng_m3, ng/m3, Black Carbon at 590 nm by AE43
BC660_AE43_ng_m3, ng/m3, Black Carbon at 660 nm by AE43
BC880_AE43_ng_m3, ng/m3, Black Carbon at 880 nm by AE43
BC950_AE43_ng_m3, ng/m3, Black Carbon at 950 nm by AE43
PM25, ug/m3, PM2.5 by particle sensor
PM10, ug/m3, PM10 by particle sensor
Valve, boolian, indicator of valve conditions;0 is measurement; 10 is zeroing; 11 is spanning
1
SPECIAL COMMENTS, N/A
18
PI_CONTACT_INFO: xinrong.ren@noaa.gov, 301-683-1391, NOAA/ARL, 5830 University Research Court, College Park, MD 20740
PLATFORM: NOAA Air Resources Car
LOCATION: Salt Lake City
ASSOCIATED_DATA: N/A
INSTRUMENT_INFO: Hemisphere VS1100 differential GPS (Latitude, Longitude, GPS Altitude, speed), meteorological sensor (RH, WS, WD), 2B (O3), G60 CRDS (NO-NOx), Teledyne N500 (NO-NOx), Picarro G2401-m (CO2, CH4, CO, H2O), Picarro G2201i (CO2, CH4, d13C_CO2, d13C_CH4, H2O), Picarro 2301 (NH3), Aeris Ultra MIRA (CH4, C2H6, H2O, r, C2/C1), AE43 (Black Carbon), Partical sensor (PM2.5, PM10)
DATA_INFO: Records are reported at 1-second intervals. Hemisphere VS1100 differential GPS has 1-second ntervals. 2B O3 values are reported 2-second averages. G60 Cavity Rong Down NO-NO2-NO2 has 1-second average. Teledyne CAPS NO2 analyzer has 10-second time resolution. Picarro 2401m (CO2, CH4, CO, H2O) data has 2.5-second time resolution. Picarro 2201i (isotope) has ~5 second time resolution. Aeris Ultra MIRA has 1-second integration time. AE43 data are 10-second moving averages. Partical sensor has 10-second time resolution.
UNCERTAINTY: -99999, -99999, -99999, 15 m, -99999, -99999, -99999, -99999, 1 ppb, 100 ppm, 0.2 ppb, -99999, -99999, 5 ppb, 0.1 ppm, 1 ppb, 100 ppm, -99999, -99999, -99999, -99999, 2 ppb, 0.3 ppb, -99999, -99999, -99999, 0.05 ppb, 0.05 ppb, 0.05 ppb, 10 ng/m3, 10 ng/m3, 10 ng/m3, 10 ng/m3, 10 ng/m3, 10 ng/m3, 10 ng/m3, 10 ng/m3, 0
ULOD_FLAG: -77777
ULOD_VALUE: N/A
LLOD_FLAG: -88888
LLOD_VALUE: N/A
DM_CONTACT_INFO: Jiayang Sun; University of Maryland; jiayangs@umd.edu
PROJECT_INFO: USOS July - Aug 2024 https://deq.utah.gov/air-quality/utah-summer-ozone-study-usos
STIPULATIONS_ON_USE: Use of these data requires prior ok from PI.
OTHER_COMMENTS: N/A
REVISION: RA
RA: Preliminary Data for in-field use only.
StartTime_seconds, lat_DGPS_deg, lon_DGPS_deg, alt_msl_m, speed_km_h, RH, true_WS_m_s, true_WD_deg, CH4_aeris313_ppm, H2O_aeris313_ppm, C2H6_aeris313_ppb, r_aeris313, C2C1_aeris313, CO_g2401m_ppm, CO2_g2401m_ppm, CH4_g2401m_ppm, H2O_g2401m, delta13C_CH4_raw, delta13C_CO2_raw, CH4_g2201i_ppm, CO2_g2201i_ppm, NH3_g2301_ppb, O3_2B_ppm, NO_G60_ppb, NO2_G60_ppb, NOx_G60_ppb, NO_N500_ppb, NO2_N500_ppb, NOx_N500_ppb, BC370_AE43_ng_m3, BC470_AE43_ng_m3, BC520_AE43_ng_m3, BC590_AE43_ng_m3, BC660_AE43_ng_m3, BC880_AE43_ng_m3, BC950_AE43_ng_m3, PM25, PM10, Valve
[from data line 2377]
2377.0, 40.78068813016666, -111.94097648099999, 1293.344, 0.16, 19.6, -99999.0, -99999.0, 2.01445, 13322.3, 16.1744, -0.115384, -99999.0, 0.15709291215, 424.57624333499996, 1.9848536002, 1.1752788282, -45.995270518, -7.2246475225, 1.931494004983, 425.0241279076, -99999.0, 63.8, 1.93, 0.61, 2.54, -0.676, 0.945, 0.271, 635.0, 854.0, 549.0, 903.0, -85.0, 122.0, 548.0, -99999.0, -99999.0, 0.0
2378.0, 40.78068830383334, -111.94097651149998, 1293.316, 0.14, 19.6, -99999.0, -99999.0, 2.01515, 13337.3, 16.3429, -0.108318, -99999.0, 0.15319764896, 424.66399103, 1.9848536002, 1.1752788282, -45.995270518, -6.7325903268, 1.931494004983, 425.0264520842, -99999.0, 64.2, 1.87, 0.59, 2.46, -0.676, 0.945, 0.271, 824.0, 378.0, 401.0, 636.0, 70.0, 318.0, 216.0, -99999.0, -99999.0, 0.0
2379.0, 40.78068835916666, -111.94097659483332, 1293.271, 0.04, 19.6, -99999.0, -99999.0, 2.01593, 13348.7, 16.0699, -0.152044, -99999.0, 0.15319716098, 424.6961916, 1.984573219, 1.1789529036, -52.763380111, -6.7325903268, 1.948895562974, 425.0264520842, -99999.0, -99999.0, 1.83, 0.59, 2.42, -0.676, 0.945, 0.271, 812.0, 891.0, 234.0, 604.0, 402.0, 122.0, -18.0, -99999.0, -99999.0, 0.0
2380.0, 40.78068854799999, -111.94097673566667, 1293.225, 0.11, 19.6, -99999.0, -99999.0, 2.01573, 13371.0, 16.7029, -0.177633, -99999.0, 0.153196673, 424.52177864, 1.984573219, 1.1789529036, -52.763380111, -6.7325903268, 1.948895562974, 425.0264520842, -99999.0, -99999.0, 1.81, 0.58, 2.4, -0.676, 0.945, 0.271, 1494.0, 427.0, 561.0, 324.0, 416.0, 314.0, 543.0, -99999.0, -99999.0, 0.0
2381.0, 40.78068879666667, -111.94097678483334, 1293.201, 0.1, 19.6, -99999.0, -99999.0, 2.01585, 13392.3, 16.121, -0.158593, -99999.0, 0.15349302147, 424.54114876, 1.984668978, 1.1829268273, -52.763380111, -6.7325903268, 1.948895562974, 425.1414868571, -99999.0, 62.3, 1.76, 0.61, 2.37, -0.676, 0.945, 0.271, 694.0, 354.0, 555.0, 426.0, 451.0, -61.0, 276.0, -99999.0, -99999.0, 0.0
2382.0, 40.780688824, -111.94097676133333, 1293.178, 0.29, 19.6, -99999.0, -99999.0, 2.0127, 13397.1, 16.7545, -0.273258, -99999.0, 0.15349024322, 424.338194335, 1.984764737, 1.186900751, -52.763380111, -6.8130532455, 1.948895562974, 425.1411066967, -99999.0, 59.4, 1.67, 0.6, 2.27, -0.676, 0.945, 0.271, 788.0, 525.0, 611.0, 210.0, 648.0, 314.0, -60.0, -99999.0, -99999.0, 0.0
2383.0, 40.780688961833334, -111.94097675200001, 1293.161, 0.18, 19.7, -99999.0, -99999.0, 2.01569, 13405.8, 16.5855, -0.226491, -99999.0, 0.15645379484, 424.11586979, 1.984764737, 1.186900751, -50.385850602, -6.8130532455, 1.9417607707890001, 425.1411066967, -99999.0, -99999.0, 1.71, 0.58, 2.29, -0.676, 0.945, 0.271, 929.0, 756.0, 604.0, 433.0, 183.0, 253.0, 658.0, -99999.0, -99999.0, 0.0
2384.0, 40.78068909216667, -111.94097672649998, 1293.14, 0.04, 19.7, -99999.0, -99999.0, 2.01481, 13415.0, 16.3521, -0.236791, -99999.0, 0.156452900015, 424.20601343, 1.9843406919, 1.2060200491, -50.385850602, -6.8130532455, 1.9417607707890001, 425.1411066967, -99999.0, -99999.0, 1.72, 0.57, 2.29, -0.676, 0.945, 0.271, 1200.0, 366.0, 574.0, 197.0, 522.0, 249.0, 488.0, -99999.0, -99999.0, 0.0
2385.0, 40.780689085166664, -111.94097670900001, 1293.109, 0.11, 19.7, -99999.0, -99999.0, 2.01621, 13463.9, 15.8158, -0.30708, -99999.0, 0.15645200519, 423.91185483, 1.9843406919, 1.2060200491, -50.385850602, -6.8130532455, 1.9417607707890001, 424.8716644703, -99999.0, 59.8, 1.7, 0.58, 2.28, -0.676, 0.945, 0.271, 918.0, 671.0, 574.0, 210.0, 507.0, 563.0, 157.0, -99999.0, -99999.0, 0.0
2386.0, 40.780689014500005, -111.94097667216666, 1293.079, 0.05, 19.7, -99999.0, -99999.0, 2.01442, 13518.1, 16.488, -0.294782, -99999.0, 0.15365609508, 423.91185483, 1.9843406919, 1.2060200491, -50.385850602, -7.7436221546, 1.9417607707890001, 424.86727063, -99999.0, 61.5, 1.71, 0.57, 2.28, -0.676, 0.945, 0.271, 1035.0, 586.0, 586.0, 388.0, 352.0, 184.0, 203.0, -99999.0, -99999.0, 0.0
2387.0, 40.78068884866667, -111.940976718, 1293.036, 0.17, 19.8, -99999.0, -99999.0, 2.0162, 13564.0, 16.0869, -0.319897, -99999.0, 0.15365742072, 424.0422832466666, 1.984097686, 1.1949052887, -45.574708342, -7.7436221546, 1.949974577645, 424.86727063, -99999.0, -99999.0, 1.71, 0.55, 2.26, -0.676, 0.945, 0.271, 800.0, 342.0, 426.0, 114.0, 85.0, 502.0, 520.0, -99999.0, -99999.0, 0.0
2388.0, 40.78068865233334, -111.94097680733333, 1292.99, 0.16, 19.8, -99999.0, -99999.0, 2.01433, 13588.3, 16.4628, -0.356118, -99999.0, 0.14771578432, 424.24981792, 1.984097686, 1.1949052887, -45.574708342, -7.7436221546, 1.949974577645, 424.86727063, -99999.0, -99999.0, 1.65, 0.56, 2.21, -0.676, 0.945, 0.271, 588.0, 769.0, 709.0, 273.0, 458.0, 184.0, -55.0, -99999.0, -99999.0, 0.0
2389.0, 40.78068848833334, -111.94097687916668, 1292.943, 0.08, 19.8, -99999.0, -99999.0, 2.01692, 13585.0, 16.5978, -0.224806, -99999.0, 0.147715664275, 424.20580406, 1.9847520468, 1.1928075696, -45.574708342, -7.7436221546, 1.949974577645, 424.8394858003, -99999.0, 63.4, 1.69, 0.58, 2.27, -0.676, 0.945, 0.271, 835.0, 647.0, 370.0, 299.0, 465.0, 502.0, 124.0, -99999.0, -99999.0, 0.0
2390.0, 40.78068829516667, -111.94097690416666, 1292.895, 0.06, 19.8, -99999.0, -99999.0, 2.01613, 13573.7, 16.6053, -0.199018, -99999.0, 0.14771554423, 424.10502932, 1.9847520468, 1.1928075696, -45.574708342, -7.0255872436, 1.949974577645, 424.8428759032, -99999.0, 65.2, 1.71, 0.57, 2.28, -0.676, 0.945, 0.271, 1035.0, 403.0, 487.0, 598.0, 261.0, 314.0, 189.0, -99999.0, -99999.0, 0.0
2391.0, 40.780688110833324, -111.9409769395, 1292.853, 0.17, 19.9, -99999.0, -99999.0, 2.01633, 13551.8, 16.607, -0.161628, -99999.0, 0.1544734701, 424.10502932, 1.9847520468, 1.1928075696, -51.988817814, -7.0255872436, 1.942659526919, 424.8428759032, -99999.0, -99999.0, 1.72, 0.58, 2.3, -0.527, 0.773, 0.243, 953.0, 915.0, 450.0, 541.0, 402.0, 61.0, 152.0, -99999.0, -99999.0, 0.0
2392.0, 40.78068788933333, -111.94097695216666, 1292.82, 0.09, 19.9, -99999.0, -99999.0, 2.01579, 13542.3, 16.3661, -0.177683, -99999.0, 0.154473032335, 424.08607912, 1.9843865228, 1.1892154634, -51.988817814, -7.0255872436, 1.942659526919, 424.8428759032, -99999.0, -99999.0, 1.76, 0.57, 2.33, -0.527, 0.773, 0.243, 388.0, 695.0, 339.0, 312.0, 388.0, 127.0, 299.0, -99999.0, -99999.0, 0.0
2393.0, 40.78068783383333, -111.94097689866666, 1292.805, 0.06, 19.9, -99999.0, -99999.0, 2.01567, 13549.0, 16.3953, -0.170754, -99999.0, 0.15412160134500003, 423.96485286, 1.9843865228, 1.1892154634, -51.988817814, -7.10516870065, 1.942659526919, 424.7673497927, -99999.0, 64.0, 1.8, 0.55, 2.36, -0.527, 0.773, 0.243, 706.0, 403.0, 345.0, 490.0, 324.0, -61.0, 189.0, -99999.0, -99999.0, 0.0
2394.0, 40.780687808333326, -111.94097678066667, 1292.775, 0.05, 19.9, -99999.0, -99999.0, 2.0141, 13548.4, 16.4181, -0.171987, -99999.0, 0.15377060812, 423.93467127, 1.984059111, 1.1837421163, -99999.0, -99999.0, -99999.0, -99999.0, -99999.0, 62.0, 1.79, 0.55, 2.34, -0.527, 0.773, 0.243, 1177.0, 464.0, 598.0, 114.0, 613.0, 376.0, 262.0, -99999.0, -99999.0, 0.0
2395.0, 40.78068778866667, -111.94097664783334, 1292.753, 0.03, 19.9, -99999.0, -99999.0, 2.01624, 13529.8, 16.2256, -0.196647, -99999.0, 0.15377182381, 424.021169345, 1.984059111, 1.1837421163, -55.98293649, -7.1847501577, 1.951241672141, 424.7669741263, -99999.0, -99999.0, 1.74, 0.57, 2.32, -0.527, 0.773, 0.243, 706.0, 939.0, 493.0, 509.0, 211.0, 310.0, 152.0, -99999.0, -99999.0, 0.0
2396.0, 40.7806876295, -111.94097659166667, 1292.706, 0.22, 19.9, -99999.0, -99999.0, 2.01384, 13519.7, 16.3316, -0.177569, -99999.0, 0.15506597164, 424.10766742, 1.984059111, 1.1837421163, -55.98293649, -7.1847501577, 1.951241672141, 424.7669741263, -99999.0, -99999.0, 1.76, 0.58, 2.33, -0.527, 0.773, 0.243, 835.0, 195.0, 216.0, 642.0, 366.0, 131.0, 525.0, -99999.0, -99999.0, 0.0
2397.0, 40.78068751066667, -111.94097652733332, 1292.659, 0.04, 19.9, -99999.0, -99999.0, 2.01542, 13502.8, 16.4105, -0.214607, -99999.0, 0.15506696133, 424.07719023, 1.9843639737, 1.1800634319, -55.98293649, -6.80849145685, 1.951241672141, 424.8508560992, -99999.0, 63.4, 1.77, 0.57, 2.34, -0.527, 0.773, 0.243, 824.0, 598.0, 543.0, 324.0, 240.0, 310.0, 115.0, -99999.0, -99999.0, 0.0
2398.0, 40.780687348, -111.9409764585, 1292.613, 0.12, 19.9, -99999.0, -99999.0, 2.01436, 13491.2, 16.3749, -0.194511, -99999.0, 0.15506795102, 424.53789277, 1.9843639737, 1.1800634319, -99999.0, -99999.0, -99999.0, -99999.0, -99999.0, 64.2, 1.78, 0.6, 2.38, -0.527, 0.773, 0.243, 871.0, 415.0, 463.0, 324.0, 472.0, 563.0, 258.0, -99999.0, -99999.0, 0.0
2399.0, 40.7806871775, -111.94097643733333, 1292.569, 0.14, 19.9, -99999.0, -99999.0, 2.01508, 13479.4, 16.5619, -0.205415, -99999.0, 0.14273888468, 424.529864955, 1.98424752345, 1.1794944703499999, -51.477769333, -6.432232756, 1.938777642818, 424.85263258189997, -99999.0, -99999.0, 1.78, 0.61, 2.39, -0.527, 0.773, 0.243, 565.0, 403.0, 586.0, 604.0, 500.0, 371.0, -115.0, -99999.0, -99999.0, 0.0
2400.0, 40.78068707933333, -111.94097649933335, 1292.523, 0.08, 19.9, -99999.0, -99999.0, 2.01527, 13461.8, 16.6902, -0.227612, -99999.0, 0.14273548289, 424.20302864, 1.9841310732, 1.1789255088, -51.477769333, -6.432232756, 1.938777642818, 424.85263258189997, -99999.0, -99999.0, 1.81, 0.61, 2.42, -0.527, 0.773, 0.243, 953.0, 354.0, 518.0, 814.0, 578.0, 559.0, 589.0, -99999.0, -99999.0, 0.0
2401.0, 40.780686966000005, -111.94097655449998, 1292.485, 0.05, 19.9, -99999.0, -99999.0, 2.01605, 13462.4, 16.4044, -0.222708, -99999.0, 0.15477460815, 423.88422014, 1.9841310732, 1.1789255088, -51.477769333, -6.7935964188, 1.938777642818, 424.7295618634, -99999.0, 61.6, 1.76, 0.63, 2.38, -0.527, 0.773, 0.243, 965.0, 561.0, 271.0, 261.0, 176.0, 65.0, 336.0, -99999.0, -99999.0, 0.0
2402.0, 40.780686880666664, -111.94097660083335, 1292.447, 0.09, 19.9, -99999.0, -99999.0, 2.01385, 13464.1, 16.3546, -0.190199, -99999.0, 0.15477531004, 423.84602815, 1.9850015602, 1.1685895284, -99999.0, -99999.0, -99999.0, -99999.0, -99999.0, -99999.0, 1.79, 0.64, 2.43, -0.527, 0.773, 0.243, 730.0, 622.0, 438.0, 191.0, 247.0, 184.0, 258.0, -99999.0, -99999.0, 0.0
2403.0, 40.780686844, -111.94097667599999, 1292.419, 0.16, 19.9, -99999.0, -99999.0, 2.01634, 13451.9, 16.2989, -0.207463, -99999.0, 0.15477601193, 424.08135072, 1.9850015602, 1.1685895284, -52.686993662, -7.1549600816, 1.932444625436, 424.7278561941, -99999.0, 61.0, 1.75, 0.68, 2.43, -0.527, 0.773, 0.243, 788.0, 232.0, 574.0, 388.0, 599.0, 376.0, 285.0, -99999.0, -99999.0, 0.0
2404.0, 40.780686804666665, -111.940976753, 1292.379, 0.07, 19.9, -99999.0, -99999.0, 2.01707, 13429.6, 16.5465, -0.164601, -99999.0, 0.16093165226, 424.0609588, 1.98514133795, 1.1676321937, -52.686993662, -7.1549600816, 1.932444625436, 424.7278561941, -99999.0, -99999.0, 1.8, 0.69, 2.49, -0.527, 0.773, 0.243, 835.0, 793.0, 530.0, 668.0, 113.0, 433.0, 14.0, -99999.0, -99999.0, 0.0
2405.0, 40.78068674199999, -111.94097682533332, 1292.349, 0.11, 19.9, -99999.0, -99999.0, 2.0147, 13405.2, 16.4986, -0.180842, -99999.0, 0.16093754909, 424.561351285, 1.9852811157, 1.166674859, -52.686993662, -6.99527049625, 1.932444625436, 424.71679036905005, -99999.0, 63.3, 1.84, 0.69, 2.53, -0.527, 0.773, 0.243, 859.0, 220.0, 93.0, 401.0, 381.0, -61.0, 534.0, -99999.0, -99999.0, 0.0
2406.0, 40.7806867045, -111.94097695466668, 1292.316, 0.08, 19.9, -99999.0, -99999.0, 2.01577, 13390.1, 16.4495, -0.171473, -99999.0, 0.16489139122, 425.08213569, 1.9852811157, 1.166674859, -99999.0, -99999.0, -99999.0, -99999.0, -99999.0, 66.0, 1.81, 0.71, 2.52, -0.527, 0.773, 0.243, 871.0, 732.0, 315.0, -95.0, 338.0, -65.0, 373.0, -99999.0, -99999.0, 0.0
2407.0, 40.780686663500006, -111.94097710416666, 1292.273, 0.12, 19.9, -99999.0, -99999.0, 2.01468, 13362.0, 16.0683, -0.165309, -99999.0, 0.16488700171499998, 425.12009382, 1.9856516456, 1.1799646114, -48.109603229, -6.8355809109, 1.933183210137, 424.71754409740004, -99999.0, -99999.0, 1.88, 0.71, 2.59, -0.527, 0.773, 0.243, 977.0, 854.0, 789.0, 496.0, 63.0, 61.0, 566.0, -99999.0, -99999.0, 0.0
2408.0, 40.78068656933334, -111.94097730366666, 1292.235, 0.07, 19.9, -99999.0, -99999.0, 2.01605, 13346.6, 16.2526, -0.180561, -99999.0, 0.16488261221, 423.64133202, 1.9856516456, 1.1799646114, -48.109603229, -6.8355809109, 1.933183210137, 424.71754409740004, -99999.0, -99999.0, 1.84, 0.73, 2.57, -0.527, 0.773, 0.243, 777.0, 781.0, 722.0, 286.0, 331.0, 314.0, 180.0, -99999.0, -99999.0, 0.0
2409.0, 40.780686460666665, -111.94097751299999, 1292.196, 0.05, 19.9, -99999.0, -99999.0, 2.01852, 13357.5, 16.3902, -0.14557, -99999.0, 0.15685709495, 423.64133202, 1.9856516456, 1.1799646114, -48.109603229, -6.874525913299999, 1.933183210137, 425.03705059009997, -99999.0, 68.5, 1.85, 0.74, 2.59, -0.527, 0.773, 0.243, 930.0, 415.0, 586.0, 471.0, 289.0, 559.0, 198.0, -99999.0, -99999.0, 0.0
2410.0, 40.78068645466667, -111.94097769716667, 1292.156, 0.04, 19.9, -99999.0, -99999.0, 2.01618, 13375.1, 16.564, -0.143096, -99999.0, 0.15685512762999998, 423.58020574000005, 1.9849291995, 1.1984642985, -99999.0, -99999.0, -99999.0, -99999.0, -99999.0, -99999.0, 1.94, 0.7, 2.64, -0.527, 0.773, 0.243, 883.0, 451.0, 142.0, 413.0, 169.0, 559.0, 378.0, -99999.0, -99999.0, 0.0
2411.0, 40.780686454000005, -111.9409778355, 1292.12, 0.18, 19.9, -99999.0, -99999.0, 2.01598, 13402.1, 16.5307, -0.122515, -99999.0, 0.15352438759, 423.24644394, 1.9849291995, 1.1984642985, -54.810421051, -6.9134709157, 1.9470885144030001, 425.0368666329, -99999.0, 68.5, 1.95, 0.69, 2.64, -0.527, 0.773, 0.243, 894.0, 756.0, 160.0, 477.0, 423.0, 127.0, 419.0, -99999.0, -99999.0, 0.0
2412.0, 40.780686432, -111.94097804133335, 1292.09, 0.09, 19.9, -99999.0, -99999.0, 2.01492, 13440.8, 16.7659, -0.0111819, -99999.0, 0.15352578178, 423.23946246, 1.9840931448, 1.1778652333, -54.810421051, -6.9134709157, 1.9470885144030001, 425.0368666329, -99999.0, -99999.0, 2.02, 0.67, 2.69, -0.527, 0.773, 0.243, 741.0, 476.0, 278.0, 426.0, 564.0, 498.0, 244.0, -99999.0, -99999.0, 0.0
2413.0, 40.78068639033333, -111.940978307, 1292.067, 0.08, 19.9, -99999.0, -99999.0, 2.01722, 13485.4, 16.6962, 0.0584858, -99999.0, 0.15352717597, 423.72807923, 1.9840931448, 1.1778652333, -54.810421051, -7.39241347075, 1.9470885144030001, 425.35474143225, -99999.0, 67.1, 2.0, 0.67, 2.67, -0.633, 0.773, 0.138, 730.0, 817.0, 648.0, 299.0, 402.0, 188.0, 239.0, -99999.0, -99999.0, 0.0
2414.0, 40.78068633316666, -111.94097847633333, 1292.037, 0.16, 19.9, -99999.0, -99999.0, 2.01382, 13502.7, 16.5191, 0.0218904, -99999.0, 0.15625273541, 423.72807923, 1.9840931448, 1.1778652333, -99999.0, -99999.0, -99999.0, -99999.0, -99999.0, -99999.0, 2.06, 0.66, 2.72, -0.633, 0.773, 0.138, 977.0, 525.0, 481.0, 725.0, 211.0, 502.0, 539.0, -99999.0, -99999.0, 0.0
2415.0, 40.7806863145, -111.94097873683334, 1292.005, 0.1, 20.0, -99999.0, -99999.0, 2.01421, 13485.4, 16.2363, 0.14567, -99999.0, 0.15625390417, 423.64786941, 1.9848115635, 1.174349316, -55.337065418, -7.8713560258, 1.941801321528, 425.3524774373, -99999.0, 67.3, 2.11, 0.65, 2.77, -0.633, 0.773, 0.138, 271.0, 110.0, 395.0, -99999.0, 176.0, 61.0, 115.0, -99999.0, -99999.0, 0.0
2416.0, 40.78068630916667, -111.94097889999999, 1291.972, 0.1, 20.0, -99999.0, -99999.0, 2.01456, 13446.2, 16.196, 0.191146, -99999.0, 0.15287680072999998, 424.0609813, 1.9848115635, 1.174349316, -55.337065418, -7.8713560258, 1.941801321528, 425.3524774373, -99999.0, -99999.0, 2.11, 0.65, 2.76, -0.633, 0.773, 0.138, 824.0, 525.0, 358.0, 299.0, 240.0, 4.0, 46.0, -99999.0, -99999.0, 0.0
