arc_raw/USOS-ARL-Suite_ARC_20240722_RA.ict
71,1001
Xinrong Ren
NOAA Air Resources Lab
ARC-Suite
USOS: Utah Summer Ozone Study
1,1
2024,07,22,2024,07,22
1
StartTime_seconds, seconds, Start time in UTC seconds since midnight
38
1,1,1,1,1,1,1,1,1,1,1,1,1,1,1,1,1,1,1,1,1,1,1,1,1,1,1,1,1,1,1,1,1,1,1,1,1,1
-99999,-99999,-99999,-99999,-99999,-99999,-99999,-99999,-99999,-99999,-99999,-99999,-99999,-99999,-99999,-99999,-99999,-99999,-99999,-99999,-99999,-99999,-99999,-99999,-99999,-99999,-99999,-99999,-99999,-99999,-99999,-99999,-99999,-99999,-99999,-99999,-99999,-99999
lat_DGPS_deg, degrees, Latitude in decimal by Hemisphere VS1100 Differential GPS
lon_DGPS_deg, degrees, Longitude in decimal by Hemisphere VS1100 Differential GPS
alt_msl_m, meters, GPS Altitude MSL
speed_km_h, km/s, vehicle speed
RH, percent, relative humidity
true_WS_m_s, m/s, wind speed by 2D sonic sensor
true_WD_deg, degree, wind direction by 2D sonic sensor
CH4_aeris313_ppm, ppm, CH4 mixing ratio by Aeris
H2O_aeris313_ppm, ppm, H2O mixing ratio by Aeris
C2H6_aeris313_ppb, ppb, C2H6 mixing ratio by Aeris
r_aeris313, 1, relavence between CH4 and C2H6 by Aeris
C2C1_aeris313, 1, C2H6 to CH4 ratio by Aeris
CO_g2401m_ppm, ppm, CO mixing ratio by Picarro G2401m
CO2_g2401m_ppm, ppm, CO2 mixing ratio by Picarro G2401m
CH4_g2401m_ppm, ppm, CH4 mixing ratio by Picarro G2401m
H2O_g2401m, ppm, H2O mixing ratio by Picarro G2401m
delta13C_CH4_raw, permill, delta 13C of CH4 by Picarro G2201i
delta13C_CO2_raw, permill, delta 13C of CO2 by Picarro G2201i
CH4_g2201i_ppm, ppm, CH4 mixing ratio by Picarro G2201i
CO2_g2201i_ppm, ppm, CO2 mixing ratio by Picarro G2201i
NH3_g2301_ppb, ppb, NH3 mixing ratio by Picarro G2301
O3_2B_ppm, ppm, O3 mixing ratio by 2B
NO_G60_ppb, ppb, NO mixing ratio by G60
NO2_G60_ppb, ppb, NO2 mixing ratio by G60
NOx_G60_ppb, ppb, NOx mixing ratio by G60
NO_N500_ppb, ppb, NO mixing ratio by N500
NO2_N500_ppb, ppb, NO2 mixing ratio by N500
NOx_N500_ppb, ppb, NOx mixing ratio by N500
BC370_AE43_ng_m3, ng/m3, Black Carbon at 370 nm by AE43
BC470_AE43_ng_m3, ng/m3, Black Carbon at 470 nm by AE43
BC520_AE43_ng_m3, ng/m3, Black Carbon at 520 nm by AE43
BC590_AE43_ng_m3, ng/m3, Black Carbon at 590 nm by AE43
BC660_AE43_ng_m3, ng/m3, Black Carbon at 660 nm by AE43
BC880_AE43_ng_m3, ng/m3, Black Carbon at 880 nm by AE43
BC950_AE43_ng_m3, ng/m3, Black Carbon at 950 nm by AE43
PM25, ug/m3, PM2.5 by particle sensor
PM10, ug/m3, PM10 by particle sensor
Valve, boolian, indicator of valve conditions;0 is measurement; 10 is zeroing; 11 is spanning
1
SPECIAL COMMENTS, N/A
18
PI_CONTACT_INFO: xinrong.ren@noaa.gov, 301-683-1391, NOAA/ARL, 5830 University Research Court, College Park, MD 20740
PLATFORM: NOAA Air Resources Car
LOCATION: Salt Lake City
ASSOCIATED_DATA: N/A
INSTRUMENT_INFO: Hemisphere VS1100 differential GPS (Latitude, Longitude, GPS Altitude, speed), meteorological sensor (RH, WS, WD), 2B (O3), G60 CRDS (NO-NOx), Teledyne N500 (NO-NOx), Picarro G2401-m (CO2, CH4, CO, H2O), Picarro G2201i (CO2, CH4, d13C_CO2, d13C_CH4, H2O), Picarro 2301 (NH3), Aeris Ultra MIRA (CH4, C2H6, H2O, r, C2/C1), AE43 (Black Carbon), Partical sensor (PM2.5, PM10)
DATA_INFO: Records are reported at 1-second intervals. Hemisphere VS1100 differential GPS has 1-second ntervals. 2B O3 values are reported 2-second averages. G60 Cavity Rong Down NO-NO2-NO2 has 1-second average. Teledyne CAPS NO2 analyzer has 10-second time resolution. Picarro 2401m (CO2, CH4, CO, H2O) data has 2.5-second time resolution. Picarro 2201i (isotope) has ~5 second time resolution. Aeris Ultra MIRA has 1-second integration time. AE43 data are 10-second moving averages. Partical sensor has 10-second time resolution.
UNCERTAINTY: -99999, -99999, -99999, 15 m, -99999, -99999, -99999, -99999, 1 ppb, 100 ppm, 0.2 ppb, -99999, -99999, 5 ppb, 0.1 ppm, 1 ppb, 100 ppm, -99999, -99999, -99999, -99999, 2 ppb, 0.3 ppb, -99999, -99999, -99999, 0.05 ppb, 0.05 ppb, 0.05 ppb, 10 ng/m3, 10 ng/m3, 10 ng/m3, 10 ng/m3, 10 ng/m3, 10 ng/m3, 10 ng/m3, 10 ng/m3, 0
ULOD_FLAG: -77777
ULOD_VALUE: N/A
LLOD_FLAG: -88888
LLOD_VALUE: N/A
DM_CONTACT_INFO: Jiayang Sun; University of Maryland; jiayangs@umd.edu
PROJECT_INFO: USOS July - Aug 2024 https://deq.utah.gov/air-quality/utah-summer-ozone-study-usos
STIPULATIONS_ON_USE: Use of these data requires prior ok from PI.
OTHER_COMMENTS: N/A
REVISION: RA
RA: Preliminary Data for in-field use only.
StartTime_seconds, lat_DGPS_deg, lon_DGPS_deg, alt_msl_m, speed_km_h, RH, true_WS_m_s, true_WD_deg, CH4_aeris313_ppm, H2O_aeris313_ppm, C2H6_aeris313_ppb, r_aeris313, C2C1_aeris313, CO_g2401m_ppm, CO2_g2401m_ppm, CH4_g2401m_ppm, H2O_g2401m, delta13C_CH4_raw, delta13C_CO2_raw, CH4_g2201i_ppm, CO2_g2201i_ppm, NH3_g2301_ppb, O3_2B_ppm, NO_G60_ppb, NO2_G60_ppb, NOx_G60_ppb, NO_N500_ppb, NO2_N500_ppb, NOx_N500_ppb, BC370_AE43_ng_m3, BC470_AE43_ng_m3, BC520_AE43_ng_m3, BC590_AE43_ng_m3, BC660_AE43_ng_m3, BC880_AE43_ng_m3, BC950_AE43_ng_m3, PM25, PM10, Valve
[from data line 5205]
5205.0, 40.78069426616666, -111.94099053883335, 1286.649, 0.03, 14.1, 0.32, 120.13, -99999.0, -99999.0, -99999.0, -99999.0, -99999.0, 0.1377013005, 420.199754, 1.9436202658, 1.1109682389, -48.280381695, -6.2037732411, 1.9277608924799998, 425.3199612252, -99999.0, -99999.0, 26.43, 1.36, 27.79, -1.109, 0.25, -0.863, 697.0, 499.0, 291.0, 615.0, 621.0, 335.0, 205.0, 5.6, 6.18, 0.0
5206.0, 40.78069427033333, -111.94099059533333, 1286.643, 0.09, 14.1, 0.28, 127.44, -99999.0, -99999.0, -99999.0, -99999.0, -99999.0, 0.13770493019, 420.642631265, 1.9436202658, 1.1109682389, -48.280381695, -6.1849512488, 1.9277608924799998, 425.3200501896, -99999.0, -99999.0, 26.43, 1.35, 27.78, -1.109, 0.25, -0.863, 504.0, 480.0, 391.0, 276.0, 38.0, 331.0, 310.0, 6.09, 6.67, 0.0
5207.0, 40.78069431816667, -111.94099064616667, 1286.633, 0.11, 14.1, 0.53, 113.53, -99999.0, -99999.0, -99999.0, -99999.0, -99999.0, 0.14988278699, 421.08550853, 1.9436202658, 1.1109682389, -50.153330172, -6.1849512488, 1.935564507813, 425.3200501896, -99999.0, 54.4, 26.4, 1.37, 27.76, -1.109, 0.25, -0.863, 449.0, 443.0, 636.0, 761.0, 339.0, 362.0, 843.0, 6.02, 6.6, 0.0
5208.0, 40.780694327666666, -111.94099069283332, 1286.625, 0.22, 14.0, 0.39, 136.83, -99999.0, -99999.0, -99999.0, -99999.0, -99999.0, 0.14987651392, 421.01732582, 1.9431452591, 1.0945179608, -50.153330172, -6.1849512488, 1.935564507813, 425.3200501896, -99999.0, 54.0, 26.38, 1.37, 27.76, -1.109, 0.25, -0.863, 589.0, 462.0, 235.0, 197.0, 138.0, 466.0, 348.0, 5.71, 6.29, 0.0
5209.0, 40.78069434649999, -111.94099072483331, 1286.62, 0.19, 14.0, 0.43, 129.82, -99999.0, -99999.0, -99999.0, -99999.0, -99999.0, 0.14987024085, 418.03059457, 1.9431452591, 1.0945179608, -50.153330172, -6.1849512488, 1.935564507813, 425.28490347679997, -99999.0, -99999.0, 26.38, 1.37, 27.76, -1.109, 0.25, -0.863, 759.0, 462.0, 205.0, 419.0, 445.0, 412.0, -197.0, 6.72, 7.3, 0.0
5210.0, 40.78069435516666, -111.94099073283333, 1286.612, 0.15, 14.0, 0.47, 120.12, -99999.0, -99999.0, -99999.0, -99999.0, -99999.0, 0.14746260648, 418.03059457, 1.9431452591, 1.0945179608, -50.153330172, -5.5255776567, 1.935564507813, 425.2880198283, -99999.0, -99999.0, 26.5, 1.34, 27.84, -1.109, 0.25, -0.863, 325.0, 569.0, 361.0, 176.0, 382.0, 362.0, 390.0, 5.59, 5.59, 0.0
5211.0, 40.78069438416667, -111.94099075800001, 1286.605, 0.07, 13.9, 0.41, 93.42, -99999.0, -99999.0, -99999.0, -99999.0, -99999.0, 0.14746432976, 417.95558403, 1.9435693519, 1.0880931009, -55.511555061, -5.5255776567, 1.9578990332200001, 425.2880198283, -99999.0, 57.7, 26.5, 1.33, 27.83, -1.109, 0.25, -0.863, 450.0, 410.0, 316.0, 375.0, 476.0, 466.0, 553.0, 5.85, 7.38, 0.0
5212.0, 40.78069438566667, -111.94099080899998, 1286.6, 0.14, 13.9, 0.44, 123.81, -99999.0, -99999.0, -99999.0, -99999.0, -99999.0, 0.14746605304, 418.80695486, 1.9435693519, 1.0880931009, -55.511555061, -5.5255776567, 1.9578990332200001, 425.2880198283, -99999.0, 59.6, 26.5, 1.33, 27.83, -1.109, 0.25, -0.863, 496.0, 667.0, 406.0, 314.0, 194.0, 285.0, 600.0, 5.71, 5.71, 0.0
5213.0, 40.7806944205, -111.94099082866666, 1286.59, 0.03, 13.9, 0.0, 0.0, -99999.0, -99999.0, -99999.0, -99999.0, -99999.0, 0.16465823871, 418.79723054500005, 1.94328552565, 1.0883456391, -55.511555061, -5.7532843557, 1.9578990332200001, 425.57910082875003, -99999.0, -99999.0, 26.49, 1.32, 27.81, -1.062, 0.188, -0.871, 636.0, 322.0, 306.0, 197.0, 100.0, 570.0, 604.0, 6.16, 6.16, 0.0
5214.0, 40.78069444066667, -111.94099085199998, 1286.586, 0.05, 13.9, 0.0, 0.0, -99999.0, -99999.0, -99999.0, -99999.0, -99999.0, 0.16465724999, 418.63809064500003, 1.9430016994, 1.0885981773, -99999.0, -99999.0, -99999.0, -99999.0, -99999.0, -99999.0, 26.49, 1.32, 27.81, -1.062, 0.188, -0.871, 364.0, 653.0, 401.0, 319.0, 477.0, 285.0, 38.0, 6.61, 12.2, 0.0
5215.0, 40.780694460166664, -111.9409908695, 1286.582, 0.01, 13.9, 0.62, 10.41, -99999.0, -99999.0, -99999.0, -99999.0, -99999.0, 0.16042343257, 418.48867506, 1.9430016994, 1.0885981773, -41.369655222, -5.9809910547, 1.929161350835, 425.57802389510005, -99999.0, 58.8, 26.52, 1.31, 27.83, -1.062, 0.188, -0.871, 791.0, 564.0, 336.0, 347.0, 621.0, 77.0, 411.0, 5.94, 6.52, 0.0
5216.0, 40.780694466166665, -111.94099090916667, 1286.58, 0.17, 13.9, 0.46, 21.11, -99999.0, -99999.0, -99999.0, -99999.0, -99999.0, 0.16042343257, 418.53099351, 1.9437417823, 1.1009835601, -41.369655222, -5.9809910547, 1.929161350835, 425.57802389510005, -99999.0, 58.8, 26.51, 1.36, 27.87, -1.062, 0.188, -0.871, 581.0, 616.0, 752.0, 421.0, 270.0, 489.0, 193.0, -99999.0, -99999.0, 0.0
5217.0, 40.7806945025, -111.940990969, 1286.577, 0.13, 13.9, 0.63, 36.02, -99999.0, -99999.0, -99999.0, -99999.0, -99999.0, 0.16042611374, 418.90633152, 1.9437417823, 1.1009835601, -41.369655222, -5.40219734215, 1.929161350835, 425.04284779995, -99999.0, -99999.0, 26.55, 1.36, 27.92, -1.062, 0.188, -0.871, 674.0, 508.0, 381.0, 340.0, 408.0, 235.0, 830.0, 6.449999999999999, 7.99, 0.0
5218.0, 40.78069451233334, -111.94099101016667, 1286.576, 0.03, 13.9, 0.83, 51.33, -99999.0, -99999.0, -99999.0, -99999.0, -99999.0, 0.15313530555, 419.28166953, 1.9437417823, 1.1009835601, -99999.0, -99999.0, -99999.0, -99999.0, -99999.0, -99999.0, 26.55, 1.36, 27.91, -1.062, 0.188, -0.871, 636.0, 224.0, 486.0, 222.0, 483.0, 566.0, 440.0, 6.11, 7.06, 0.0
5219.0, 40.78069453633333, -111.9409910675, 1286.572, 0.14, 13.9, 0.86, 24.43, -99999.0, -99999.0, -99999.0, -99999.0, -99999.0, 0.153134983085, 419.3093702, 1.9435544576, 1.0970163388, -46.127781037, -4.8234036296, 1.9372649544240002, 425.0455817317, -99999.0, 56.0, 26.55, 1.36, 27.91, -1.062, 0.188, -0.871, 674.0, 653.0, 426.0, 411.0, 433.0, 289.0, 134.0, 5.71, 7.75, 0.0
5220.0, 40.780694526999994, -111.94099112183333, 1286.57, 0.11, 14.0, 0.63, 341.83, -99999.0, -99999.0, -99999.0, -99999.0, -99999.0, 0.15313466062, 419.11315982, 1.9435544576, 1.0970163388, -46.127781037, -4.8234036296, 1.9372649544240002, 425.0455817317, -99999.0, 51.5, 26.53, 1.38, 27.91, -1.062, 0.188, -0.871, 597.0, 233.0, 486.0, 421.0, 520.0, 331.0, 88.0, 5.78, 5.78, 0.0
5221.0, 40.78069454533333, -111.940991166, 1286.567, 0.06, 14.0, 0.64, 54.42, -99999.0, -99999.0, -99999.0, -99999.0, -99999.0, 0.13218843817, 419.11315982, 1.9435544576, 1.0970163388, -46.127781037, -5.38592913865, 1.9372649544240002, 425.4912320775, -99999.0, -99999.0, 26.5, 1.4, 27.89, -1.062, 0.188, -0.871, 442.0, 499.0, 746.0, 248.0, 476.0, 181.0, 201.0, 6.03, 6.03, 0.0
5222.0, 40.78069455883334, -111.94099117733334, 1286.564, 0.05, 14.0, 0.53, 14.53, -99999.0, -99999.0, -99999.0, -99999.0, -99999.0, 0.132187107715, 419.08885013, 1.9436190238, 1.0935907109, -99999.0, -99999.0, -99999.0, -99999.0, -99999.0, -99999.0, 26.51, 1.41, 27.92, -1.062, 0.188, -0.871, 481.0, 252.0, 175.0, 590.0, 270.0, 127.0, 402.0, 6.23, 6.81, 0.0
5223.0, 40.78069456033333, -111.94099120816666, 1286.564, 0.15, 14.0, 0.63, 10.03, -99999.0, -99999.0, -99999.0, -99999.0, -99999.0, 0.13218577726, 418.31133015, 1.9436190238, 1.0935907109, -50.43123983, -5.9484546477, 1.9470961913, 425.4885721861, -99999.0, 54.4, 26.51, 1.41, 27.92, -1.062, 0.188, -0.871, 612.0, 462.0, 190.0, 97.0, 514.0, 932.0, 507.0, 6.15, 8.06, 0.0
5224.0, 40.780694565500006, -111.94099124649999, 1286.562, 0.04, 13.9, 0.59, 13.75, -99999.0, -99999.0, -99999.0, -99999.0, -99999.0, 0.1468930388, 418.329630305, 1.94384119905, 1.10088041275, -50.43123983, -5.9484546477, 1.9470961913, 425.4885721861, -99999.0, 60.8, 26.58, 1.37, 27.95, -1.062, 0.188, -0.871, 372.0, 429.0, 431.0, 296.0, 508.0, 443.0, 449.0, 6.21, 7.16, 0.0
5225.0, 40.780694592500005, -111.94099124733333, 1286.561, 0.06, 13.9, 0.51, 18.45, -99999.0, -99999.0, -99999.0, -99999.0, -99999.0, 0.14690272048, 419.553731085, 1.9440633743, 1.1081701146, -50.43123983, -5.4477078054, 1.9470961913, 425.35559478095, -99999.0, -99999.0, 26.58, 1.37, 27.95, -1.062, 0.188, -0.871, 496.0, 448.0, 651.0, 347.0, 483.0, 335.0, 96.0, 5.22, 5.22, 0.0
5226.0, 40.78069459433333, -111.94099126450001, 1286.565, 0.06, 13.9, 0.0, 0.0, -99999.0, -99999.0, -99999.0, -99999.0, -99999.0, 0.15823051237, 420.75953171, 1.9440633743, 1.1081701146, -99999.0, -99999.0, -99999.0, -99999.0, -99999.0, -99999.0, 26.59, 1.38, 27.97, -1.062, 0.188, -0.871, 581.0, 597.0, 256.0, 322.0, 445.0, -4.0, 59.0, 5.93, 12.93, 0.0
5227.0, 40.78069457983334, -111.94099127983333, 1286.567, 0.11, 13.9, 0.66, 61.66, -99999.0, -99999.0, -99999.0, -99999.0, -99999.0, 0.15823051237, 420.8585325, 1.9437994815, 1.1235727212, -56.724374938, -4.9469609631, 1.938495085621, 425.3579617999, -99999.0, 57.9, 26.59, 1.37, 27.97, -1.062, 0.188, -0.871, 434.0, 173.0, 120.0, 202.0, 545.0, 439.0, 708.0, 6.09, 6.09, 0.0
5228.0, 40.78069457416666, -111.94099130383331, 1286.569, 0.1, 13.9, 0.46, 121.65, -99999.0, -99999.0, -99999.0, -99999.0, -99999.0, 0.1582306979, 420.85739148000005, 1.9437994815, 1.1235727212, -56.724374938, -4.9469609631, 1.938495085621, 425.3579617999, -99999.0, 50.2, 26.59, 1.37, 27.96, -1.062, 0.188, -0.871, 527.0, 462.0, 80.0, 368.0, 376.0, 289.0, 474.0, 5.98, 7.13, 0.0
5229.0, 40.7806945665, -111.94099132533331, 1286.569, 0.06, 13.9, 0.45, 123.85, -99999.0, -99999.0, -99999.0, -99999.0, -99999.0, 0.14841469738, 420.85625046, 1.9437994815, 1.1235727212, -56.724374938, -6.599737177400001, 1.938495085621, 425.7352249842, -99999.0, -99999.0, 26.6, 1.36, 27.96, -1.062, 0.188, -0.871, 302.0, 714.0, 426.0, 294.0, 552.0, 208.0, 608.0, 6.16, 7.62, 0.0
5230.0, 40.780694573, -111.94099135850001, 1286.573, 0.04, 13.9, 0.27, 49.54, -99999.0, -99999.0, -99999.0, -99999.0, -99999.0, 0.148412579205, 420.88098343, 1.9437051304, 1.1156561049, -99999.0, -99999.0, -99999.0, -99999.0, -99999.0, 50.5, 26.6, 1.36, 27.97, -1.062, 0.188, -0.871, 442.0, 429.0, 396.0, 268.0, 370.0, 878.0, 277.0, 6.06, 8.47, 0.0
5231.0, 40.780694598500006, -111.94099137183333, 1286.575, 0.17, 13.8, 0.39, 93.44, -99999.0, -99999.0, -99999.0, -99999.0, -99999.0, 0.14841046103, 419.90807787, 1.9437051304, 1.1156561049, -56.622322345, -8.2525133917, 1.943949438822, 425.7274052757, -99999.0, -99999.0, 26.6, 1.38, 27.97, -1.062, 0.188, -0.871, 403.0, 410.0, 451.0, 707.0, 721.0, 154.0, 67.0, 5.74, 6.69, 0.0
5232.0, 40.78069459616666, -111.94099138933333, 1286.579, 0.05, 13.8, 0.36, 43.95, -99999.0, -99999.0, -99999.0, -99999.0, -99999.0, 0.15179490653, 419.875208445, 1.9435133096000001, 1.1096391808, -56.622322345, -8.2525133917, 1.943949438822, 425.6414021861, -99999.0, 55.4, 26.58, 1.38, 27.96, -1.062, 0.188, -0.871, 589.0, 462.0, 461.0, 340.0, 433.0, 100.0, 117.0, 5.7, 8.78, 0.0
5233.0, 40.78069461316666, -111.94099141383334, 1286.579, 0.09, 13.8, 0.39, 49.54, -99999.0, -99999.0, -99999.0, -99999.0, -99999.0, 0.1517925363, 419.56899261, 1.9433214888, 1.1036222567, -56.622322345, -7.4007756084, 1.943949438822, 425.5594272584, -99999.0, -99999.0, 26.55, 1.39, 27.94, -1.062, 0.188, -0.871, 535.0, 201.0, -90.0, 197.0, 853.0, 543.0, 675.0, 6.16, 11.64, 0.0
5234.0, 40.780694618666665, -111.94099141699999, 1286.583, 0.09, 13.8, 0.47, 85.45, -99999.0, -99999.0, -99999.0, -99999.0, -99999.0, 0.15809424163, 419.2956462, 1.9433214888, 1.1036222567, -55.521340156, -7.4007756084, 1.93907912463, 425.5594272584, -99999.0, 57.0, 26.55, 1.38, 27.93, -1.062, 0.188, -0.871, 271.0, 424.0, 356.0, 465.0, 169.0, 389.0, 272.0, 6.17, 6.17, 0.0
5235.0, 40.78069462083333, -111.94099141783333, 1286.588, 0.04, 13.8, 0.0, 0.0, -99999.0, -99999.0, -99999.0, -99999.0, -99999.0, 0.15809424163, 419.22665615, 1.9430457943, 1.0946841292, -99999.0, -99999.0, -99999.0, -99999.0, -99999.0, -99999.0, 26.56, 1.37, 27.93, -1.109, 0.188, -0.922, 527.0, 788.0, 561.0, 636.0, 514.0, 539.0, 210.0, 6.1, 9.38, 0.0
5236.0, 40.78069459716667, -111.94099142416665, 1286.592, 0.05, 13.8, 0.27, 148.45, -99999.0, -99999.0, -99999.0, -99999.0, -99999.0, 0.15809081054, 418.79384088, 1.9430457943, 1.0946841292, -55.521340156, -7.4007756084, 1.93907912463, 425.53972109985, -99999.0, 56.7, 26.57, 1.38, 27.95, -1.109, 0.188, -0.922, 597.0, 546.0, 606.0, 393.0, 169.0, 362.0, 394.0, 5.6, 6.55, 0.0
5237.0, 40.78069460966667, -111.94099143500002, 1286.591, 0.06, 13.8, 0.0, 0.0, -99999.0, -99999.0, -99999.0, -99999.0, -99999.0, 0.15475163262, 418.36102561, 1.9430457943, 1.0946841292, -55.521340156, -7.1313889319, 1.93907912463, 425.52128884580003, -99999.0, -99999.0, 26.56, 1.37, 27.93, -1.109, 0.188, -0.922, 550.0, 564.0, 361.0, 419.0, -176.0, 747.0, 42.0, 6.09, 6.09, 0.0
5238.0, 40.78069465366667, -111.94099144649999, 1286.588, 0.16, 13.8, 0.26, 358.35, -99999.0, -99999.0, -99999.0, -99999.0, -99999.0, 0.154752177455, 418.31461417, 1.9436266916, 1.0894814211, -55.497325058, -7.1313889319, 1.9406484555530001, 425.52128884580003, -99999.0, 54.7, 26.56, 1.38, 27.94, -1.109, 0.188, -0.922, 682.0, 373.0, 601.0, 130.0, 583.0, 77.0, 226.0, 6.41, 7.36, 0.0
5239.0, 40.78069467966666, -111.94099146383333, 1286.586, 0.11, 13.8, 0.0, 0.0, -99999.0, -99999.0, -99999.0, -99999.0, -99999.0, 0.15475272229, 418.58977289, 1.9436266916, 1.0894814211, -99999.0, -99999.0, -99999.0, -99999.0, -99999.0, -99999.0, 26.52, 1.39, 27.91, -1.109, 0.188, -0.922, 480.0, 513.0, 631.0, 79.0, 138.0, 566.0, 864.0, 6.18, 8.22, 0.0
5240.0, 40.780694687166665, -111.94099147866667, 1286.586, 0.08, 13.9, 0.0, 0.0, -99999.0, -99999.0, -99999.0, -99999.0, -99999.0, 0.14442553452, 418.58977289, 1.9436266916, 1.0894814211, -55.497325058, -7.1313889319, 1.9406484555530001, 425.5491670983, -99999.0, 51.2, 26.5, 1.38, 27.89, -1.109, 0.188, -0.922, 744.0, 532.0, 416.0, 572.0, -63.0, 358.0, 490.0, 5.9, 6.48, 0.0
5241.0, 40.78069467983333, -111.94099148183335, 1286.591, 0.16, 14.0, 0.0, 0.0, -99999.0, -99999.0, -99999.0, -99999.0, -99999.0, 0.14442710302666667, 418.8040427033333, 1.9430534005, 1.0965427602, -55.497325058, -6.1694281287, 1.9406484555530001, 425.5815949701, -99999.0, -99999.0, 26.5, 1.41, 27.91, -1.109, 0.188, -0.922, 651.0, 275.0, 441.0, 393.0, 176.0, 439.0, 247.0, 6.56, 7.14, 0.0
5242.0, 40.78069468783333, -111.94099150516668, 1286.588, 0.09, 14.0, 0.0, 0.0, -99999.0, -99999.0, -99999.0, -99999.0, -99999.0, 0.1548342159, 419.22037635, 1.9430534005, 1.0965427602, -51.978421535, -6.1694281287, 1.9322438881839998, 425.5815949701, -99999.0, 50.4, 26.5, 1.42, 27.92, -1.109, 0.188, -0.922, 481.0, 448.0, 416.0, 273.0, 545.0, 593.0, 193.0, 6.37, 6.37, 0.0
5243.0, 40.78069469483333, -111.94099153016666, 1286.593, 0.07, 14.0, 0.0, 0.0, -99999.0, -99999.0, -99999.0, -99999.0, -99999.0, 0.1548342159, 419.26902715, 1.9437272173, 1.1042716914, -99999.0, -99999.0, -99999.0, -99999.0, -99999.0, -99999.0, 26.46, 1.45, 27.91, -1.109, 0.188, -0.922, 566.0, 396.0, 341.0, 204.0, 483.0, 127.0, 444.0, 6.08, 6.08, 0.0
5244.0, 40.780694735, -111.94099152316667, 1286.588, 0.04, 14.0, 0.25, 110.96, -99999.0, -99999.0, -99999.0, -99999.0, -99999.0, 0.15483162541, 418.921606675, 1.9437272173, 1.1042716914, -51.978421535, -6.1694281287, 1.9322438881839998, 425.34869116225, -99999.0, 50.0, 26.47, 1.45, 27.92, -1.109, 0.188, -0.922, 558.0, 396.0, 466.0, 373.0, 414.0, 281.0, 260.0, 7.28, 10.25, 0.0
5245.0, 40.7806947475, -111.9409915435, 1286.591, 0.04, 14.1, 0.4, 60.37, -99999.0, -99999.0, -99999.0, -99999.0, -99999.0, 0.15425657746, 418.5741862, 1.9437272173, 1.1042716914, -51.978421535, -4.4009905092, 1.9322438881839998, 425.12414207300003, -99999.0, -99999.0, 26.46, 1.46, 27.92, -1.109, 0.188, -0.922, 450.0, 205.0, 706.0, 518.0, 715.0, 412.0, 558.0, 5.89, 5.89, 0.0
