arc_raw/USOS-ARL-Suite_ARC_20240719_RA.ict
71,1001
Xinrong Ren
NOAA Air Resources Lab
ARC-Suite
USOS: Utah Summer Ozone Study
1,1
2024,07,19,2024,07,19
1
StartTime_seconds, seconds, Start time in UTC seconds since midnight
38
1,1,1,1,1,1,1,1,1,1,1,1,1,1,1,1,1,1,1,1,1,1,1,1,1,1,1,1,1,1,1,1,1,1,1,1,1,1
-99999,-99999,-99999,-99999,-99999,-99999,-99999,-99999,-99999,-99999,-99999,-99999,-99999,-99999,-99999,-99999,-99999,-99999,-99999,-99999,-99999,-99999,-99999,-99999,-99999,-99999,-99999,-99999,-99999,-99999,-99999,-99999,-99999,-99999,-99999,-99999,-99999,-99999
lat_DGPS_deg, degrees, Latitude in decimal by Hemisphere VS1100 Differential GPS
lon_DGPS_deg, degrees, Longitude in decimal by Hemisphere VS1100 Differential GPS
alt_msl_m, meters, GPS Altitude MSL
speed_km_h, km/s, vehicle speed
RH, percent, relative humidity
true_WS_m_s, m/s, wind speed by 2D sonic sensor
true_WD_deg, degree, wind direction by 2D sonic sensor
CH4_aeris313_ppm, ppm, CH4 mixing ratio by Aeris
H2O_aeris313_ppm, ppm, H2O mixing ratio by Aeris
C2H6_aeris313_ppb, ppb, C2H6 mixing ratio by Aeris
r_aeris313, 1, relavence between CH4 and C2H6 by Aeris
C2C1_aeris313, 1, C2H6 to CH4 ratio by Aeris
CO_g2401m_ppm, ppm, CO mixing ratio by Picarro G2401m
CO2_g2401m_ppm, ppm, CO2 mixing ratio by Picarro G2401m
CH4_g2401m_ppm, ppm, CH4 mixing ratio by Picarro G2401m
H2O_g2401m, ppm, H2O mixing ratio by Picarro G2401m
delta13C_CH4_raw, permill, delta 13C of CH4 by Picarro G2201i
delta13C_CO2_raw, permill, delta 13C of CO2 by Picarro G2201i
CH4_g2201i_ppm, ppm, CH4 mixing ratio by Picarro G2201i
CO2_g2201i_ppm, ppm, CO2 mixing ratio by Picarro G2201i
NH3_g2301_ppb, ppb, NH3 mixing ratio by Picarro G2301
O3_2B_ppm, ppm, O3 mixing ratio by 2B
NO_G60_ppb, ppb, NO mixing ratio by G60
NO2_G60_ppb, ppb, NO2 mixing ratio by G60
NOx_G60_ppb, ppb, NOx mixing ratio by G60
NO_N500_ppb, ppb, NO mixing ratio by N500
NO2_N500_ppb, ppb, NO2 mixing ratio by N500
NOx_N500_ppb, ppb, NOx mixing ratio by N500
BC370_AE43_ng_m3, ng/m3, Black Carbon at 370 nm by AE43
BC470_AE43_ng_m3, ng/m3, Black Carbon at 470 nm by AE43
BC520_AE43_ng_m3, ng/m3, Black Carbon at 520 nm by AE43
BC590_AE43_ng_m3, ng/m3, Black Carbon at 590 nm by AE43
BC660_AE43_ng_m3, ng/m3, Black Carbon at 660 nm by AE43
BC880_AE43_ng_m3, ng/m3, Black Carbon at 880 nm by AE43
BC950_AE43_ng_m3, ng/m3, Black Carbon at 950 nm by AE43
PM25, ug/m3, PM2.5 by particle sensor
PM10, ug/m3, PM10 by particle sensor
Valve, boolian, indicator of valve conditions;0 is measurement; 10 is zeroing; 11 is spanning
1
SPECIAL COMMENTS, N/A
18
PI_CONTACT_INFO: xinrong.ren@noaa.gov, 301-683-1391, NOAA/ARL, 5830 University Research Court, College Park, MD 20740
PLATFORM: NOAA Air Resources Car
LOCATION: Salt Lake City
ASSOCIATED_DATA: N/A
INSTRUMENT_INFO: Hemisphere VS1100 differential GPS (Latitude, Longitude, GPS Altitude, speed), meteorological sensor (RH, WS, WD), 2B (O3), G60 CRDS (NO-NOx), Teledyne N500 (NO-NOx), Picarro G2401-m (CO2, CH4, CO, H2O), Picarro G2201i (CO2, CH4, d13C_CO2, d13C_CH4, H2O), Picarro 2301 (NH3), Aeris Ultra MIRA (CH4, C2H6, H2O, r, C2/C1), AE43 (Black Carbon), Partical sensor (PM2.5, PM10)
DATA_INFO: Records are reported at 1-second intervals. Hemisphere VS1100 differential GPS has 1-second ntervals. 2B O3 values are reported 2-second averages. G60 Cavity Rong Down NO-NO2-NO2 has 1-second average. Teledyne CAPS NO2 analyzer has 10-second time resolution. Picarro 2401m (CO2, CH4, CO, H2O) data has 2.5-second time resolution. Picarro 2201i (isotope) has ~5 second time resolution. Aeris Ultra MIRA has 1-second integration time. AE43 data are 10-second moving averages. Partical sensor has 10-second time resolution.
UNCERTAINTY: -99999, -99999, -99999, 15 m, -99999, -99999, -99999, -99999, 1 ppb, 100 ppm, 0.2 ppb, -99999, -99999, 5 ppb, 0.1 ppm, 1 ppb, 100 ppm, -99999, -99999, -99999, -99999, 2 ppb, 0.3 ppb, -99999, -99999, -99999, 0.05 ppb, 0.05 ppb, 0.05 ppb, 10 ng/m3, 10 ng/m3, 10 ng/m3, 10 ng/m3, 10 ng/m3, 10 ng/m3, 10 ng/m3, 10 ng/m3, 0
ULOD_FLAG: -77777
ULOD_VALUE: N/A
LLOD_FLAG: -88888
LLOD_VALUE: N/A
DM_CONTACT_INFO: Jiayang Sun; University of Maryland; jiayangs@umd.edu
PROJECT_INFO: USOS July - Aug 2024 https://deq.utah.gov/air-quality/utah-summer-ozone-study-usos
STIPULATIONS_ON_USE: Use of these data requires prior ok from PI.
OTHER_COMMENTS: N/A
REVISION: RA
RA: Preliminary Data for in-field use only.
StartTime_seconds, lat_DGPS_deg, lon_DGPS_deg, alt_msl_m, speed_km_h, RH, true_WS_m_s, true_WD_deg, CH4_aeris313_ppm, H2O_aeris313_ppm, C2H6_aeris313_ppb, r_aeris313, C2C1_aeris313, CO_g2401m_ppm, CO2_g2401m_ppm, CH4_g2401m_ppm, H2O_g2401m, delta13C_CH4_raw, delta13C_CO2_raw, CH4_g2201i_ppm, CO2_g2201i_ppm, NH3_g2301_ppb, O3_2B_ppm, NO_G60_ppb, NO2_G60_ppb, NOx_G60_ppb, NO_N500_ppb, NO2_N500_ppb, NOx_N500_ppb, BC370_AE43_ng_m3, BC470_AE43_ng_m3, BC520_AE43_ng_m3, BC590_AE43_ng_m3, BC660_AE43_ng_m3, BC880_AE43_ng_m3, BC950_AE43_ng_m3, PM25, PM10, Valve
[from data line 3067]
3067.0, 40.78069151933333, -111.94099277900001, 1287.656, 0.08, 27.8, 2.46, 240.13, 1.97304, 17272.8, 17.9013, 0.111206, -99999.0, 0.121623968305, 428.49253006, 1.9607306863, 1.5514751587, -52.992814871, -7.6483383118, 1.9086404137369999, 429.62971579225, -99999.0, -99999.0, -99999.0, -99999.0, -99999.0, -99999.0, -99999.0, -99999.0, -99999.0, -99999.0, -99999.0, -99999.0, -99999.0, -99999.0, -99999.0, -99999.0, -99999.0, 0.0
3068.0, 40.78069147333333, -111.94099275583334, 1287.655, 0.09, 27.8, 1.27, 214.63, 1.97203, 17266.1, 17.6012, 0.0910835, -99999.0, 0.12162249198, 428.19895081, 1.9607306863, 1.5514751587, -52.992814871, -9.4468501003, 1.9086404137369999, 429.7172579419, -99999.0, 53.6, -99999.0, -99999.0, -99999.0, -99999.0, -99999.0, -99999.0, -99999.0, -99999.0, -99999.0, -99999.0, -99999.0, -99999.0, -99999.0, 2.42, 4.52, 0.0
3069.0, 40.78069142383333, -111.94099271566665, 1287.651, 0.15, 27.8, 2.31, 218.42, 1.97185, 17244.1, 17.7451, 0.102999, -99999.0, 0.1210193395, 428.19895081, 1.9607306863, 1.5514751587, -53.319313761, -9.4468501003, 1.912416312684, 429.7172579419, -99999.0, -99999.0, -99999.0, -99999.0, -99999.0, -99999.0, -99999.0, -99999.0, -99999.0, -99999.0, -99999.0, -99999.0, -99999.0, -99999.0, -99999.0, -99999.0, -99999.0, 0.0
3070.0, 40.78069136516666, -111.94099269600001, 1287.651, 0.16, 27.8, 2.28, 265.53, 1.97164, 17214.6, 17.8763, 0.0448414, -99999.0, 0.12102220360666667, 428.3010170466667, 1.9603206092, 1.5533692213999999, -99999.0, -99999.0, -99999.0, -99999.0, -99999.0, 55.5, -99999.0, -99999.0, -99999.0, -99999.0, -99999.0, -99999.0, -99999.0, -99999.0, -99999.0, -99999.0, -99999.0, -99999.0, -99999.0, 1.39, 4.38, 0.0
3071.0, 40.780691301, -111.94099268800001, 1287.649, 0.09, 27.8, 1.81, 273.55, 1.97253, 17185.5, 18.3684, 0.137525, -99999.0, 0.1233513773, 428.55226146, 1.9603206092, 1.5533692214, -53.319313761, -9.4468501003, 1.912416312684, 429.7105936631, -99999.0, -99999.0, -99999.0, -99999.0, -99999.0, -99999.0, -99999.0, -99999.0, -99999.0, -99999.0, -99999.0, -99999.0, -99999.0, -99999.0, -99999.0, -99999.0, -99999.0, 0.0
3072.0, 40.7806912465, -111.94099267833332, 1287.648, 0.07, 27.8, 3.68, 295.65, 1.96996, 17170.2, 17.7947, 0.1862, -99999.0, 0.12335207465, 428.58750114, 1.9604218386, 1.56190995, -53.319313761, -6.9830067041, 1.912416312684, 429.7156954994, -99999.0, 59.2, -99999.0, -99999.0, -99999.0, -99999.0, -99999.0, -99999.0, -99999.0, -99999.0, -99999.0, -99999.0, -99999.0, -99999.0, -99999.0, 1.58, 4.66, 0.0
3073.0, 40.780691191166675, -111.94099266916668, 1287.641, 0.1, 27.8, 1.86, 284.55, 1.97068, 17148.2, 18.1864, 0.12882, -99999.0, 0.123352772, 428.86970435, 1.9604218386, 1.56190995, -49.994202241, -6.9830067041, 1.906188648813, 429.7156954994, -99999.0, -99999.0, -99999.0, -99999.0, -99999.0, -99999.0, -99999.0, -99999.0, -99999.0, -99999.0, -99999.0, -99999.0, -99999.0, -99999.0, -99999.0, -99999.0, -99999.0, 0.0
3074.0, 40.78069113116667, -111.94099266533334, 1287.637, 0.03, 27.8, 2.29, 248.34, 1.96967, 17161.5, 17.821, 0.131043, -99999.0, 0.12648667471, 428.86970435, 1.9604218386, 1.56190995, -99999.0, -99999.0, -99999.0, -99999.0, -99999.0, 59.5, -99999.0, -99999.0, -99999.0, -99999.0, -99999.0, -99999.0, -99999.0, -99999.0, -99999.0, -99999.0, -99999.0, -99999.0, -99999.0, 1.24, 10.38, 0.0
3075.0, 40.780691089166666, -111.94099265283333, 1287.636, 0.08, 27.8, 1.45, 240.12, 1.97247, 17176.7, 17.8272, 0.114712, -99999.0, 0.12648636043, 428.8247416266667, 1.960330182, 1.5548002034, -49.994202241, -6.9830067041, 1.906188648813, 429.75716025229997, -99999.0, -99999.0, -99999.0, -99999.0, -99999.0, -99999.0, -99999.0, -99999.0, -99999.0, -99999.0, -99999.0, -99999.0, -99999.0, -99999.0, -99999.0, -99999.0, -99999.0, 0.0
3076.0, 40.7806910225, -111.94099262166668, 1287.634, 0.05, 27.8, 2.34, 249.83, 1.97293, 17187.5, 17.6476, 0.0659479, -99999.0, 0.17577126997, 428.72514092, 1.960330182, 1.5548002034, -49.994202241, -5.909275496, 1.906188648813, 429.8037536116, -99999.0, 58.6, -99999.0, -99999.0, -99999.0, -99999.0, -99999.0, -99999.0, -99999.0, -99999.0, -99999.0, -99999.0, -99999.0, -99999.0, -99999.0, 1.86, 2.44, 0.0
3077.0, 40.780690998333334, -111.94099260683333, 1287.631, 0.06, 27.8, 1.68, 255.96, 1.97316, 17203.6, 17.7817, 0.0498069, -99999.0, 0.17577126997, 428.69745733, 1.9604236327, 1.5537154634, -42.963386329, -5.909275496, 1.891084082676, 429.8037536116, -99999.0, -99999.0, -99999.0, -99999.0, -99999.0, -99999.0, -99999.0, -99999.0, -99999.0, -99999.0, -99999.0, -99999.0, -99999.0, -99999.0, -99999.0, 2.64, 5.32, 0.0
3078.0, 40.780690974166674, -111.94099258116667, 1287.628, 0.0, 27.8, 1.67, 244.44, 1.97075, 17214.3, 17.9231, 0.0339983, -99999.0, 0.17577716958, 429.02186997, 1.9604236327, 1.5537154634, -99999.0, -99999.0, -99999.0, -99999.0, -99999.0, 56.9, -99999.0, -99999.0, -99999.0, -99999.0, -99999.0, -99999.0, -99999.0, -99999.0, -99999.0, -99999.0, -99999.0, -99999.0, -99999.0, -99999.0, -99999.0, 0.0
3079.0, 40.78069095916666, -111.94099255450001, 1287.621, 0.02, 27.8, 1.93, 250.73, 1.96946, 17198.7, 17.6536, 0.0897225, -99999.0, 0.20454524783, 429.34628261, 1.9604236327, 1.5537154634, -42.963386329, -5.909275496, 1.891084082676, 430.2455305479, -99999.0, -99999.0, -99999.0, -99999.0, -99999.0, -99999.0, -99999.0, -99999.0, -99999.0, -99999.0, -99999.0, -99999.0, -99999.0, -99999.0, -99999.0, 2.45, 7.15, 0.0
3080.0, 40.780690931500004, -111.94099252533333, 1287.616, 0.06, 27.8, 1.36, 235.14, 1.97251, 17178.4, 17.5623, 0.0482736, -99999.0, 0.2045627169, 429.34734193, 1.9607276177, 1.5551132958, -42.963386329, -8.0085846865, 1.891084082676, 430.677259659, -99999.0, 55.4, -99999.0, -99999.0, -99999.0, -99999.0, -99999.0, -99999.0, -99999.0, -99999.0, -99999.0, -99999.0, -99999.0, -99999.0, -99999.0, -99999.0, -99999.0, 0.0
3081.0, 40.780690923166674, -111.94099251000002, 1287.611, 0.1, 27.8, 1.81, 275.43, 1.97254, 17171.0, 18.2275, 0.108676, -99999.0, 0.20458018597, 433.17507551, 1.9607276177, 1.5551132958, -45.466206569, -8.0085846865, 1.898908857014, 430.677259659, -99999.0, 55.5, 20.28, 1.71, 21.99, -99999.0, -99999.0, -99999.0, -99999.0, -99999.0, -99999.0, -99999.0, -99999.0, -99999.0, -99999.0, 2.03, 8.17, 0.0
3082.0, 40.780690925500004, -111.94099246416665, 1287.6, 0.03, 27.8, 2.19, 241.53, 1.97161, 17172.4, 17.4059, 0.105176, -99999.0, 0.17614006065, 433.19407439500003, 1.9608165521499998, 1.5599800768, -99999.0, -99999.0, -99999.0, -99999.0, -99999.0, -99999.0, 20.33, 1.71, 22.05, -0.73, 2.625, 1.898, -99999.0, -99999.0, -99999.0, -99999.0, -99999.0, -99999.0, -99999.0, -99999.0, -99999.0, 0.0
3083.0, 40.78069093533333, -111.94099242533333, 1287.591, 0.22, 27.8, 2.1, 255.13, 1.97242, 17176.0, 18.0427, 0.143483, -99999.0, 0.17612309626, 432.29078892999996, 1.9609054866, 1.5648468578, -45.466206569, -8.0085846865, 1.898908857014, 430.85375372025, -99999.0, -99999.0, 20.37, 1.75, 22.12, -0.73, 2.625, 1.898, -99999.0, -99999.0, -99999.0, -99999.0, -99999.0, -99999.0, -99999.0, 1.69, 5.92, 0.0
3084.0, 40.78069097383333, -111.94099238666668, 1287.585, 0.09, 27.8, 2.51, 244.44, 1.97272, 17178.8, 17.623, 0.137259, -99999.0, 0.22096542539, 431.36850458, 1.9609054866, 1.5648468578, -45.466206569, -8.7107229425, 1.898908857014, 431.0268844156, -99999.0, 54.0, 20.37, 1.78, 22.15, -0.73, 2.625, 1.898, -99999.0, -99999.0, -99999.0, -99999.0, -99999.0, -99999.0, -99999.0, -99999.0, -99999.0, 0.0
3085.0, 40.78069097283334, -111.94099234983332, 1287.578, 0.12, 27.8, 2.07, 241.23, 1.97141, 17180.0, 18.0457, 0.124281, -99999.0, 0.22097187659, 431.46539036, 1.961393185, 1.5836102448, -49.635424124, -8.7107229425, 1.910266864841, 431.0268844156, -99999.0, 52.7, 20.34, 1.84, 22.18, -0.73, 2.625, 1.898, -99999.0, -99999.0, -99999.0, -99999.0, -99999.0, -99999.0, -99999.0, 2.47, 5.18, 0.0
3086.0, 40.78069095483334, -111.94099229099999, 1287.563, 0.04, 27.8, 0.98, 262.33, 1.97256, 17201.2, 17.8913, 0.130037, -99999.0, 0.22097832779, 432.77548599, 1.961393185, 1.5836102448, -99999.0, -99999.0, -99999.0, -99999.0, -99999.0, -99999.0, 20.44, 1.93, 22.37, -0.73, 2.625, 1.898, -99999.0, -99999.0, -99999.0, -99999.0, -99999.0, -99999.0, -99999.0, -99999.0, -99999.0, 0.0
3087.0, 40.78069094516666, -111.94099224333334, 1287.547, 0.11, 27.8, 0.81, 315.94, 1.97194, 17218.2, 17.8215, 0.136961, -99999.0, 0.18795433726, 432.787489425, 1.96135468195, 1.57774573805, -49.635424124, -8.7107229425, 1.910266864841, 430.7804214622, -99999.0, -99999.0, 20.52, 1.96, 22.48, -0.73, 2.625, 1.898, -99999.0, -99999.0, -99999.0, -99999.0, -99999.0, -99999.0, -99999.0, 1.44, 12.96, 0.0
3088.0, 40.780690996000004, -111.94099218900001, 1287.535, 0.15, 27.8, 0.7, 262.34, 1.97162, 17254.9, 17.6798, 0.176612, -99999.0, 0.1879282787, 431.44082958, 1.9613161789, 1.5718812313, -49.635424124, -7.2774089812, 1.910266864841, 430.5408164832, -99999.0, 53.0, 20.61, 1.99, 22.6, -0.73, 2.625, 1.898, -99999.0, -99999.0, -99999.0, -99999.0, -99999.0, -99999.0, -99999.0, 1.65, 19.52, 0.0
3089.0, 40.78069104133333, -111.94099212833335, 1287.525, 0.06, 27.8, 0.33, 232.44, 1.97284, 17295.3, 18.0408, 0.195446, -99999.0, 0.15337614074, 430.0821663, 1.9613161789, 1.5718812313, -52.831174496, -7.2774089812, 1.913673600001, 430.5408164832, -99999.0, 51.9, 20.68, 2.03, 22.71, -0.73, 2.625, 1.898, -99999.0, -99999.0, -99999.0, -99999.0, -99999.0, -99999.0, -99999.0, -99999.0, -99999.0, 0.0
3090.0, 40.78069105866666, -111.94099209550001, 1287.515, 0.08, 27.8, 0.43, 202.63, 1.97202, 17328.2, 18.2205, 0.202576, -99999.0, 0.153371428985, 430.01227973, 1.9612098668, 1.5629919357, -99999.0, -99999.0, -99999.0, -99999.0, -99999.0, -99999.0, 20.73, 2.09, 22.81, -0.73, 2.625, 1.898, -99999.0, -99999.0, -99999.0, -99999.0, -99999.0, -99999.0, -99999.0, 1.58, 1.58, 0.0
3091.0, 40.780691061166664, -111.94099204216667, 1287.509, 0.12, 27.8, 0.7, 201.13, 1.971, 17351.5, 17.7208, 0.206764, -99999.0, 0.15336671723, 428.98297678, 1.9612098668, 1.5629919357, -52.831174496, -7.2774089812, 1.913673600001, 430.54209892655, -99999.0, -99999.0, 20.75, 2.15, 22.9, -0.73, 2.625, 1.898, -99999.0, -99999.0, -99999.0, -99999.0, -99999.0, -99999.0, -99999.0, -99999.0, -99999.0, 0.0
3092.0, 40.78069104916666, -111.94099201883334, 1287.505, 0.09, 27.8, 1.44, 202.22, 1.97098, 17347.1, 17.5726, 0.226848, -99999.0, 0.1348455903, 428.95849506, 1.9612467011999999, 1.5601948503499998, -52.831174496, -7.1146416818, 1.913673600001, 430.5441601669, -99999.0, 51.5, 20.91, 2.21, 23.12, -0.73, 2.625, 1.898, -99999.0, -99999.0, -99999.0, -99999.0, -99999.0, -99999.0, -99999.0, 2.02, 6.92, 0.0
3093.0, 40.78069106133333, -111.94099199566666, 1287.502, 0.19, 27.9, 0.94, 211.32, 1.97106, 17318.9, 18.0384, 0.221473, -99999.0, 0.13484365238, 428.82546292999996, 1.9612835356, 1.557397765, -50.125431253, -7.1146416818, 1.898630161824, 430.5441601669, -99999.0, 52.9, 20.88, 2.23, 23.1, -0.73, 2.625, 1.898, -99999.0, -99999.0, -99999.0, -99999.0, -99999.0, -99999.0, -99999.0, -99999.0, -99999.0, 0.0
3094.0, 40.780691010333335, -111.94099198166666, 1287.506, 0.07, 27.9, 1.69, 233.3, 1.97359, 17282.8, 18.0388, 0.254726, -99999.0, 0.13188817732, 428.71691252, 1.9612835356, 1.557397765, -50.125431253, -7.1146416818, 1.898630161824, 430.5441601669, -99999.0, -99999.0, 20.86, 2.23, 23.1, -0.73, 2.625, 1.898, -99999.0, -99999.0, -99999.0, -99999.0, -99999.0, -99999.0, -99999.0, 2.0, 4.04, 0.0
3095.0, 40.780690955666664, -111.94099196383334, 1287.507, 0.05, 27.9, 1.9, 236.51, 1.97101, 17267.2, 17.7633, 0.260463, -99999.0, 0.13188748187, 428.68679521, 1.9608495012, 1.5540774602, -50.125431253, -7.1146416818, 1.898630161824, 429.93344994439997, -99999.0, -99999.0, 20.84, 2.25, 23.1, -0.73, 2.625, 1.898, -99999.0, -99999.0, -99999.0, -99999.0, -99999.0, -99999.0, -99999.0, -99999.0, -99999.0, 0.0
3096.0, 40.78069094183334, -111.94099195116665, 1287.505, 0.03, 27.9, 2.93, 241.69, 1.97093, 17248.7, 17.7995, 0.171359, -99999.0, 0.13188678642, 428.54494813, 1.9608495012, 1.5540774602, -50.125431253, -5.1140609079, 1.898630161824, 429.94300859829997, -99999.0, 55.1, 20.83, 2.27, 23.11, -0.73, 2.625, 1.898, -99999.0, -99999.0, -99999.0, -99999.0, -99999.0, -99999.0, -99999.0, -99999.0, -99999.0, 0.0
3097.0, 40.78069094333333, -111.94099194833333, 1287.506, 0.05, 27.9, 1.2, 271.97, 1.96905, 17237.0, 17.7536, 0.184438, -99999.0, 0.11548502204, 428.54494813, 1.9608495012, 1.5540774602, -52.140669836, -5.1140609079, 1.905684634669, 429.94300859829997, -99999.0, 57.9, 20.81, 2.3, 23.11, -0.527, 2.625, 2.094, -99999.0, -99999.0, -99999.0, -99999.0, -99999.0, -99999.0, -99999.0, 2.87, 6.15, 0.0
3098.0, 40.78069092, -111.94099194916667, 1287.509, 0.09, 27.9, 0.4, 257.58, 1.97265, 17209.2, 17.8157, 0.194596, -99999.0, 0.11548192145999998, 428.3534622633333, 1.9605093399, 1.5460890912, -52.140669836, -5.1140609079, 1.905684634669, 429.94300859829997, -99999.0, -99999.0, 20.82, 2.28, 23.1, -0.527, 2.625, 2.094, -99999.0, -99999.0, -99999.0, -99999.0, -99999.0, -99999.0, -99999.0, -99999.0, -99999.0, 0.0
3099.0, 40.78069093049999, -111.94099197516668, 1287.517, 0.11, 27.9, 0.55, 84.38, 1.97397, 17196.3, 17.7741, 0.161195, -99999.0, 0.12582434029, 428.04687465, 1.9605093399, 1.5460890912, -52.140669836, -5.1140609079, 1.905684634669, 430.1158722509, -99999.0, -99999.0, 20.84, 2.28, 23.12, -0.527, 2.625, 2.094, -99999.0, -99999.0, -99999.0, -99999.0, -99999.0, -99999.0, -99999.0, 1.81, 8.92, 0.0
3100.0, 40.78069089716666, -111.94099197083332, 1287.525, 0.16, 27.9, 1.21, 225.46, 1.9699, 17188.4, 18.0224, 0.118826, -99999.0, 0.12582381049500002, 428.0115138, 1.9602433231, 1.5435929467, -52.140669836, -8.681138666, 1.905684634669, 430.0988221168, -99999.0, 59.4, 20.86, 2.28, 23.14, -0.527, 2.625, 2.094, -99999.0, -99999.0, -99999.0, -99999.0, -99999.0, -99999.0, -99999.0, -99999.0, -99999.0, 0.0
3101.0, 40.780690841833334, -111.9409919625, 1287.526, 0.06, 27.9, 1.27, 151.88, 1.9715, 17181.3, 17.6174, 0.0735026, -99999.0, 0.1258232807, 427.81306661, 1.9602433231, 1.5435929467, -53.612485581, -8.681138666, 1.9127163061630001, 430.0988221168, -99999.0, 59.5, 20.89, 2.27, 23.16, -0.527, 2.625, 2.094, -99999.0, -99999.0, -99999.0, -99999.0, -99999.0, -99999.0, -99999.0, -99999.0, -99999.0, 0.0
3102.0, 40.78069082183333, -111.94099195366668, 1287.531, 0.16, 27.9, 0.35, 264.99, 1.9708, 17149.4, 17.758, 0.0745988, -99999.0, 0.1226054011, 427.81306661, 1.9602433231, 1.5435929467, -53.612485581, -8.681138666, 1.9127163061630001, 430.0988221168, -99999.0, -99999.0, 20.89, 2.27, 23.16, -0.527, 2.625, 2.094, -99999.0, -99999.0, -99999.0, -99999.0, -99999.0, -99999.0, -99999.0, 2.28, 5.47, 0.0
3103.0, 40.780690777000004, -111.94099194833333, 1287.531, 0.09, 27.9, 0.0, 0.0, 1.97491, 17130.8, 17.8866, 0.143356, -99999.0, 0.12260408837999999, 427.68116361333335, 1.9594637065, 1.5298542439, -53.612485581, -8.082082234600001, 1.9127163061630001, 429.5581389026, -99999.0, -99999.0, 20.91, 2.26, 23.16, -0.527, 2.625, 2.094, -99999.0, -99999.0, -99999.0, -99999.0, -99999.0, -99999.0, -99999.0, -99999.0, -99999.0, 0.0
3104.0, 40.78069075483333, -111.94099194616668, 1287.53, 0.12, 27.9, 1.45, 149.48, 1.97227, 17122.1, 17.6051, 0.134111, -99999.0, 0.12111997065, 427.52682272, 1.9594637065, 1.5298542439, -99999.0, -99999.0, -99999.0, -99999.0, -99999.0, 60.0, 20.88, 2.26, 23.14, -0.527, 2.625, 2.094, -99999.0, -99999.0, -99999.0, -99999.0, -99999.0, -99999.0, -99999.0, -99999.0, -99999.0, 0.0
3105.0, 40.780690722, -111.94099194233334, 1287.534, 0.08, 27.8, 0.64, 85.38, 1.97048, 17114.7, 17.7001, 0.151378, -99999.0, 0.121122323345, 427.51970617, 1.95893108, 1.5414795806, -48.364243738, -7.4830258032, 1.899904069831, 429.56099869009995, -99999.0, 59.8, 20.84, 2.28, 23.12, -0.527, 2.625, 2.094, -99999.0, -99999.0, -99999.0, -99999.0, -99999.0, -99999.0, -99999.0, 2.26, 13.88, 0.0
