arc_raw/USOS-ARL-Suite_ARC_20240727_RA.ict
71,1001
Xinrong Ren
NOAA Air Resources Lab
ARC-Suite
USOS: Utah Summer Ozone Study
1,1
2024,07,27,2024,07,27
1
StartTime_seconds, seconds, Start time in UTC seconds since midnight
38
1,1,1,1,1,1,1,1,1,1,1,1,1,1,1,1,1,1,1,1,1,1,1,1,1,1,1,1,1,1,1,1,1,1,1,1,1,1
-99999,-99999,-99999,-99999,-99999,-99999,-99999,-99999,-99999,-99999,-99999,-99999,-99999,-99999,-99999,-99999,-99999,-99999,-99999,-99999,-99999,-99999,-99999,-99999,-99999,-99999,-99999,-99999,-99999,-99999,-99999,-99999,-99999,-99999,-99999,-99999,-99999,-99999
lat_DGPS_deg, degrees, Latitude in decimal by Hemisphere VS1100 Differential GPS
lon_DGPS_deg, degrees, Longitude in decimal by Hemisphere VS1100 Differential GPS
alt_msl_m, meters, GPS Altitude MSL
speed_km_h, km/s, vehicle speed
RH, percent, relative humidity
true_WS_m_s, m/s, wind speed by 2D sonic sensor
true_WD_deg, degree, wind direction by 2D sonic sensor
CH4_aeris313_ppm, ppm, CH4 mixing ratio by Aeris
H2O_aeris313_ppm, ppm, H2O mixing ratio by Aeris
C2H6_aeris313_ppb, ppb, C2H6 mixing ratio by Aeris
r_aeris313, 1, relavence between CH4 and C2H6 by Aeris
C2C1_aeris313, 1, C2H6 to CH4 ratio by Aeris
CO_g2401m_ppm, ppm, CO mixing ratio by Picarro G2401m
CO2_g2401m_ppm, ppm, CO2 mixing ratio by Picarro G2401m
CH4_g2401m_ppm, ppm, CH4 mixing ratio by Picarro G2401m
H2O_g2401m, ppm, H2O mixing ratio by Picarro G2401m
delta13C_CH4_raw, permill, delta 13C of CH4 by Picarro G2201i
delta13C_CO2_raw, permill, delta 13C of CO2 by Picarro G2201i
CH4_g2201i_ppm, ppm, CH4 mixing ratio by Picarro G2201i
CO2_g2201i_ppm, ppm, CO2 mixing ratio by Picarro G2201i
NH3_g2301_ppb, ppb, NH3 mixing ratio by Picarro G2301
O3_2B_ppm, ppm, O3 mixing ratio by 2B
NO_G60_ppb, ppb, NO mixing ratio by G60
NO2_G60_ppb, ppb, NO2 mixing ratio by G60
NOx_G60_ppb, ppb, NOx mixing ratio by G60
NO_N500_ppb, ppb, NO mixing ratio by N500
NO2_N500_ppb, ppb, NO2 mixing ratio by N500
NOx_N500_ppb, ppb, NOx mixing ratio by N500
BC370_AE43_ng_m3, ng/m3, Black Carbon at 370 nm by AE43
BC470_AE43_ng_m3, ng/m3, Black Carbon at 470 nm by AE43
BC520_AE43_ng_m3, ng/m3, Black Carbon at 520 nm by AE43
BC590_AE43_ng_m3, ng/m3, Black Carbon at 590 nm by AE43
BC660_AE43_ng_m3, ng/m3, Black Carbon at 660 nm by AE43
BC880_AE43_ng_m3, ng/m3, Black Carbon at 880 nm by AE43
BC950_AE43_ng_m3, ng/m3, Black Carbon at 950 nm by AE43
PM25, ug/m3, PM2.5 by particle sensor
PM10, ug/m3, PM10 by particle sensor
Valve, boolian, indicator of valve conditions;0 is measurement; 10 is zeroing; 11 is spanning
1
SPECIAL COMMENTS, N/A
18
PI_CONTACT_INFO: xinrong.ren@noaa.gov, 301-683-1391, NOAA/ARL, 5830 University Research Court, College Park, MD 20740
PLATFORM: NOAA Air Resources Car
LOCATION: Salt Lake City
ASSOCIATED_DATA: N/A
INSTRUMENT_INFO: Hemisphere VS1100 differential GPS (Latitude, Longitude, GPS Altitude, speed), meteorological sensor (RH, WS, WD), 2B (O3), G60 CRDS (NO-NOx), Teledyne N500 (NO-NOx), Picarro G2401-m (CO2, CH4, CO, H2O), Picarro G2201i (CO2, CH4, d13C_CO2, d13C_CH4, H2O), Picarro 2301 (NH3), Aeris Ultra MIRA (CH4, C2H6, H2O, r, C2/C1), AE43 (Black Carbon), Partical sensor (PM2.5, PM10)
DATA_INFO: Records are reported at 1-second intervals. Hemisphere VS1100 differential GPS has 1-second ntervals. 2B O3 values are reported 2-second averages. G60 Cavity Rong Down NO-NO2-NO2 has 1-second average. Teledyne CAPS NO2 analyzer has 10-second time resolution. Picarro 2401m (CO2, CH4, CO, H2O) data has 2.5-second time resolution. Picarro 2201i (isotope) has ~5 second time resolution. Aeris Ultra MIRA has 1-second integration time. AE43 data are 10-second moving averages. Partical sensor has 10-second time resolution.
UNCERTAINTY: -99999, -99999, -99999, 15 m, -99999, -99999, -99999, -99999, 1 ppb, 100 ppm, 0.2 ppb, -99999, -99999, 5 ppb, 0.1 ppm, 1 ppb, 100 ppm, -99999, -99999, -99999, -99999, 2 ppb, 0.3 ppb, -99999, -99999, -99999, 0.05 ppb, 0.05 ppb, 0.05 ppb, 10 ng/m3, 10 ng/m3, 10 ng/m3, 10 ng/m3, 10 ng/m3, 10 ng/m3, 10 ng/m3, 10 ng/m3, 0
ULOD_FLAG: -77777
ULOD_VALUE: N/A
LLOD_FLAG: -88888
LLOD_VALUE: N/A
DM_CONTACT_INFO: Jiayang Sun; University of Maryland; jiayangs@umd.edu
PROJECT_INFO: USOS July - Aug 2024 https://deq.utah.gov/air-quality/utah-summer-ozone-study-usos
STIPULATIONS_ON_USE: Use of these data requires prior ok from PI.
OTHER_COMMENTS: N/A
REVISION: RA
RA: Preliminary Data for in-field use only.
StartTime_seconds, lat_DGPS_deg, lon_DGPS_deg, alt_msl_m, speed_km_h, RH, true_WS_m_s, true_WD_deg, CH4_aeris313_ppm, H2O_aeris313_ppm, C2H6_aeris313_ppb, r_aeris313, C2C1_aeris313, CO_g2401m_ppm, CO2_g2401m_ppm, CH4_g2401m_ppm, H2O_g2401m, delta13C_CH4_raw, delta13C_CO2_raw, CH4_g2201i_ppm, CO2_g2201i_ppm, NH3_g2301_ppb, O3_2B_ppm, NO_G60_ppb, NO2_G60_ppb, NOx_G60_ppb, NO_N500_ppb, NO2_N500_ppb, NOx_N500_ppb, BC370_AE43_ng_m3, BC470_AE43_ng_m3, BC520_AE43_ng_m3, BC590_AE43_ng_m3, BC660_AE43_ng_m3, BC880_AE43_ng_m3, BC950_AE43_ng_m3, PM25, PM10, Valve
[from data line 2253]
5853.0, 40.78069770766666, -111.94096907299999, 1291.511, 0.13, 26.2, -99999.0, -99999.0, -99999.0, -99999.0, -99999.0, -99999.0, -99999.0, 0.20579642804, 440.53684046, 2.022121865, 1.4932907078, -53.508777997, -6.1170173301, 1.963396464163, 440.57045704620003, -99999.0, -99999.0, 27.97, 6.4, 34.37, -0.859, 5.031, 4.156, 779.0, 636.0, 563.0, 659.0, 583.0, 588.0, 893.0, -99999.0, -99999.0, 0.0
5854.0, 40.78069774400001, -111.94096891833333, 1291.497, 0.22, 26.2, -99999.0, -99999.0, -99999.0, -99999.0, -99999.0, -99999.0, -99999.0, 0.20579266248000003, 440.33228279333326, 2.0211359506, 1.4669268579, -53.508777997, -6.1170173301, 1.963396464163, 440.57045704620003, -99999.0, 64.7, 27.93, 6.4, 34.33, -0.859, 5.031, 4.156, 1000.0, 836.0, 589.0, 606.0, 562.0, 399.0, 350.0, -99999.0, -99999.0, 0.0
5855.0, 40.78069770016667, -111.94096867616666, 1291.488, 0.08, 26.2, -99999.0, -99999.0, -99999.0, -99999.0, -99999.0, -99999.0, -99999.0, 0.20532635448, 439.91175916, 2.0211359506, 1.4669268579, -53.508777997, -6.8025184459000005, 1.963396464163, 440.9762841877, -99999.0, 68.9, 27.91, 6.4, 34.31, -0.859, 5.031, 4.156, 1017.0, 680.0, 819.0, 418.0, 530.0, 597.0, 580.0, -99999.0, -99999.0, 0.0
5856.0, 40.7806976715, -111.94096847349998, 1291.472, 0.04, 26.2, -99999.0, -99999.0, -99999.0, -99999.0, -99999.0, -99999.0, -99999.0, 0.20532635448, 439.74114696, 2.020913684, 1.4440237413, -99999.0, -99999.0, -99999.0, -99999.0, -99999.0, -99999.0, 27.96, 6.4, 34.36, -0.859, 5.031, 4.156, 882.0, 842.0, 644.0, 626.0, 340.0, 509.0, 555.0, -99999.0, -99999.0, 0.0
5857.0, 40.78069764683333, -111.94096827399999, 1291.458, 0.08, 26.1, -99999.0, -99999.0, -99999.0, -99999.0, -99999.0, -99999.0, -99999.0, 0.20532940485, 439.880762775, 2.020913684, 1.4440237413, -50.638677343, -7.4880195617, 1.981971778172, 440.97292479090004, -99999.0, -99999.0, 27.92, 6.4, 34.32, -0.859, 5.031, 4.156, 819.0, 630.0, 527.0, 325.0, 697.0, 678.0, 630.0, -99999.0, -99999.0, 0.0
5858.0, 40.780697647000004, -111.94096798849999, 1291.434, 0.08, 26.1, -99999.0, -99999.0, -99999.0, -99999.0, -99999.0, -99999.0, -99999.0, 0.1988164501, 440.02037859, 2.020913684, 1.4440237413, -50.638677343, -7.4880195617, 1.981971778172, 443.0512490747, -99999.0, 71.4, 27.97, 6.41, 34.38, -0.859, 5.031, 4.156, 870.0, 525.0, 725.0, 743.0, 616.0, 415.0, 612.0, -99999.0, -99999.0, 0.0
5859.0, 40.78069761516667, -111.94096771483333, 1291.417, 0.1, 26.1, -99999.0, -99999.0, -99999.0, -99999.0, -99999.0, -99999.0, -99999.0, 0.198818147165, 439.91569414, 2.0207698323, 1.4366963829, -50.638677343, -7.4530306289, 1.981971778172, 445.1297464431, -99999.0, 74.0, 28.04, 6.43, 34.46, -0.859, 5.031, 4.156, 889.0, 740.0, 477.0, 673.0, 524.0, 637.0, 267.0, -99999.0, -99999.0, 0.0
5860.0, 40.78069756, -111.94096743566666, 1291.408, 0.09, 26.1, -99999.0, -99999.0, -99999.0, -99999.0, -99999.0, -99999.0, -99999.0, 0.19881984423, 440.30683042, 2.0207698323, 1.4366963829, -53.69396914, -7.4530306289, 1.975348905707, 445.1297464431, -99999.0, -99999.0, 28.1, 6.4, 34.5, -0.859, 5.031, 4.156, 1047.0, 706.0, 573.0, 406.0, 492.0, 766.0, 289.0, -99999.0, -99999.0, 0.0
5861.0, 40.780697471833335, -111.94096722349998, 1291.397, 0.11, 26.1, -99999.0, -99999.0, -99999.0, -99999.0, -99999.0, -99999.0, -99999.0, 0.20344232737, 440.2832699, 2.0208084477500003, 1.4335618232499998, -99999.0, -99999.0, -99999.0, -99999.0, -99999.0, -99999.0, 28.08, 6.41, 34.49, -0.859, 5.031, 4.156, 956.0, 771.0, 706.0, 339.0, 584.0, 456.0, 279.0, -99999.0, -99999.0, 0.0
5862.0, 40.780697439499995, -111.940967055, 1291.38, 0.14, 26.0, -99999.0, -99999.0, -99999.0, -99999.0, -99999.0, -99999.0, -99999.0, 0.20344324743, 440.40824072, 2.0208470632, 1.4304272636, -53.69396914, -7.4530306289, 1.975348905707, 457.22743188339996, -99999.0, 76.2, 28.13, 6.43, 34.56, -0.859, 5.031, 4.156, 843.0, 650.0, 553.0, 569.0, 400.0, 414.0, 580.0, -99999.0, -99999.0, 0.0
5863.0, 40.78069735133333, -111.94096691616666, 1291.373, 0.02, 25.9, -99999.0, -99999.0, -99999.0, -99999.0, -99999.0, -99999.0, -99999.0, 0.20074836024, 440.55677206, 2.0208470632, 1.4304272636, -53.69396914, -8.2098089483, 1.975348905707, 469.3211701747, -99999.0, 76.5, 28.07, 6.46, 34.53, -0.859, 5.031, 4.156, 842.0, 740.0, 478.0, 688.0, 697.0, 345.0, 376.0, -99999.0, -99999.0, 0.0
5864.0, 40.78069727433334, -111.94096681433332, 1291.36, 0.08, 25.9, -99999.0, -99999.0, -99999.0, -99999.0, -99999.0, -99999.0, -99999.0, 0.200749844555, 440.52689768, 2.0217625818, 1.4280805715, -51.728539984, -8.2098089483, 1.97565462569, 469.3211701747, -99999.0, -99999.0, 28.12, 6.44, 34.56, -0.609, 4.75, 4.125, 859.0, 605.0, 852.0, 373.0, 572.0, 699.0, 429.0, -99999.0, -99999.0, 0.0
5865.0, 40.780697194, -111.94096675866668, 1291.355, 0.23, 25.8, -99999.0, -99999.0, -99999.0, -99999.0, -99999.0, -99999.0, -99999.0, 0.20075132887, 440.81690265, 2.0217625818, 1.4280805715, -99999.0, -99999.0, -99999.0, -99999.0, -99999.0, -99999.0, 28.09, 6.43, 34.52, -0.609, 4.75, 4.125, 1082.0, 685.0, 447.0, 557.0, 411.0, 733.0, 548.0, -99999.0, -99999.0, 0.0
5866.0, 40.78069711816667, -111.94096685649998, 1291.348, 0.08, 25.8, -99999.0, -99999.0, -99999.0, -99999.0, -99999.0, -99999.0, -99999.0, 0.19861920017, 440.81690265, 2.0217625818, 1.4280805715, -51.728539984, -8.2098089483, 1.97565462569, 490.77488396924997, -99999.0, 76.4, 28.13, 6.43, 34.56, -0.609, 4.75, 4.125, 878.0, 670.0, 716.0, 349.0, 265.0, 569.0, 289.0, -99999.0, -99999.0, 0.0
5867.0, 40.78069704733333, -111.94096693450001, 1291.347, 0.08, 25.7, -99999.0, -99999.0, -99999.0, -99999.0, -99999.0, -99999.0, -99999.0, 0.19862016980333333, 440.84479381666665, 2.0218686001, 1.4266437176, -51.728539984, -10.792214874, 1.97565462569, 512.2138972326, -99999.0, 76.4, 28.16, 6.42, 34.58, -0.609, 4.75, 4.125, 1024.0, 717.0, 613.0, 522.0, 681.0, 441.0, 967.0, -99999.0, -99999.0, 0.0
5868.0, 40.78069695133333, -111.94096692566667, 1291.349, 0.24, 25.6, -99999.0, -99999.0, -99999.0, -99999.0, -99999.0, -99999.0, -99999.0, 0.19834652621, 440.92683051, 2.0218686001, 1.4266437176, -46.805203868, -10.792214874, 1.967061755564, 512.2138972326, -99999.0, -99999.0, 28.2, 6.41, 34.61, -0.609, 4.75, 4.125, 807.0, 792.0, 613.0, 709.0, 535.0, 347.0, 664.0, -99999.0, -99999.0, 0.0
5869.0, 40.78069684983333, -111.9409668495, 1291.345, 0.16, 25.6, -99999.0, -99999.0, -99999.0, -99999.0, -99999.0, -99999.0, -99999.0, 0.19835018059, 440.90669271, 2.0216370348, 1.4222779816, -99999.0, -99999.0, -99999.0, -99999.0, -99999.0, -99999.0, 28.21, 6.42, 34.63, -0.609, 4.75, 4.125, 944.0, 857.0, 498.0, 696.0, 600.0, 712.0, 489.0, -99999.0, -99999.0, 0.0
5870.0, 40.78069677483333, -111.94096690850002, 1291.347, 0.13, 25.6, -99999.0, -99999.0, -99999.0, -99999.0, -99999.0, -99999.0, -99999.0, 0.19835383497, 441.86656257, 2.0216370348, 1.4222779816, -46.805203868, -10.792214874, 1.967061755564, 535.03100136955, -99999.0, 75.2, 28.26, 6.41, 34.68, -0.609, 4.75, 4.125, 1043.0, 490.0, 705.0, 754.0, 410.0, 489.0, 544.0, -99999.0, -99999.0, 0.0
5871.0, 40.780696715833336, -111.940967091, 1291.347, 0.05, 25.5, -99999.0, -99999.0, -99999.0, -99999.0, -99999.0, -99999.0, -99999.0, 0.20138255742, 441.86656257, 2.0216370348, 1.4222779816, -46.805203868, -12.085419984, 1.967061755564, 557.8400879776, -99999.0, 73.8, 28.3, 6.38, 34.68, -0.609, 4.75, 4.125, 917.0, 591.0, 831.0, 335.0, 308.0, 419.0, 377.0, -99999.0, -99999.0, 0.0
5872.0, 40.78069656816666, -111.94096752966668, 1291.336, 0.07, 25.5, -99999.0, -99999.0, -99999.0, -99999.0, -99999.0, -99999.0, -99999.0, 0.201399432855, 441.82402844, 2.0205551256, 1.4144130658, -54.350543354, -12.085419984, 1.962699614524, 557.8400879776, -99999.0, -99999.0, 28.32, 6.37, 34.69, -0.609, 4.75, 4.125, 1001.0, 937.0, 341.0, 512.0, 848.0, 630.0, 340.0, -99999.0, -99999.0, 0.0
5873.0, 40.78069651566667, -111.94096789383333, 1291.312, 0.08, 25.5, -99999.0, -99999.0, -99999.0, -99999.0, -99999.0, -99999.0, -99999.0, 0.20141630829, 446.15992993, 2.0205551256, 1.4144130658, -54.350543354, -12.085419984, 1.962699614524, 557.8400879776, -99999.0, -99999.0, 28.28, 6.4, 34.68, -0.609, 4.75, 4.125, 812.0, 595.0, 705.0, 709.0, 562.0, 284.0, 264.0, -99999.0, -99999.0, 0.0
5874.0, 40.7806963945, -111.9409682455, 1291.314, 0.2, 25.4, -99999.0, -99999.0, -99999.0, -99999.0, -99999.0, -99999.0, -99999.0, 0.2336923909, 446.18838078, 2.0198075860999998, 1.42645078925, -54.350543354, -12.085419984, 1.962699614524, 589.2546829384, -99999.0, 74.4, 28.3, 6.42, 34.71, -0.609, 4.75, 4.125, 953.0, 875.0, 559.0, 603.0, 584.0, 825.0, 570.0, -99999.0, -99999.0, 0.0
5875.0, 40.78069627716667, -111.94096851583332, 1291.308, 0.08, 25.4, -99999.0, -99999.0, -99999.0, -99999.0, -99999.0, -99999.0, -99999.0, 0.23706766602, 805.490570915, 2.0190600466, 1.4384885127, -54.350543354, -11.926215886, 1.962699614524, 589.2557255455, -99999.0, 76.7, 28.3, 6.42, 34.73, -0.609, 4.75, 4.125, 915.0, 670.0, 867.0, 548.0, 535.0, 250.0, 717.0, -99999.0, -99999.0, 0.0
5876.0, 40.78069613483334, -111.94096850666668, 1291.324, 0.19, 25.3, -99999.0, -99999.0, -99999.0, -99999.0, -99999.0, -99999.0, -99999.0, 1.064372462, 1164.7643102, 2.0190600466, 1.4384885127, -56.383563617, -11.926215886, 1.9715217553309998, 589.2557255455, -99999.0, -99999.0, 28.33, 6.41, 34.74, -0.609, 4.75, 4.125, 910.0, 648.0, 527.0, 616.0, 546.0, 377.0, 360.0, -99999.0, -99999.0, 0.0
5877.0, 40.78069601283333, -111.94096844266666, 1291.348, 0.03, 25.3, -99999.0, -99999.0, -99999.0, -99999.0, -99999.0, -99999.0, -99999.0, 1.0659258164, 1165.6860813, 2.0115648069, 1.5149673425, -56.383563617, -11.926215886, 1.9715217553309998, 589.2557255455, -99999.0, -99999.0, 28.33, 6.44, 34.77, -0.609, 4.75, 4.125, 812.0, 646.0, 632.0, 386.0, 794.0, 445.0, 345.0, -99999.0, -99999.0, 0.0
5878.0, 40.780696057, -111.94096884433333, 1291.385, 0.1, 25.3, -99999.0, -99999.0, -99999.0, -99999.0, -99999.0, -99999.0, -99999.0, 1.0674791708, 1229.3830183, 2.0115648069, 1.5149673425, -56.383563617, -11.926215886, 1.9715217553309998, 599.2089382910001, -99999.0, 78.6, 28.36, 6.42, 34.77, -0.609, 4.75, 4.125, 741.0, 795.0, 763.0, 557.0, 734.0, 689.0, 388.0, -99999.0, -99999.0, 0.0
5879.0, 40.78069610066667, -111.940969299, 1291.421, 0.14, 25.3, -99999.0, -99999.0, -99999.0, -99999.0, -99999.0, -99999.0, -99999.0, 0.50033817291, 1229.3830183, 2.0115648069, 1.5149673425, -56.383563617, -13.484102242, 1.9715217553309998, 599.1985635637001, -99999.0, 75.8, 28.37, 6.4, 34.76, -0.609, 4.75, 4.125, 902.0, 865.0, 445.0, 618.0, 702.0, 989.0, 787.0, -99999.0, -99999.0, 0.0
5880.0, 40.780696082999995, -111.94096964316668, 1291.431, 0.02, 25.2, -99999.0, -99999.0, -99999.0, -99999.0, -99999.0, -99999.0, -99999.0, 0.49719178705666667, 1032.9429006833332, 2.012499877, 1.4243929260000001, -47.732851398, -13.484102242, 1.9624270485389999, 599.1985635637001, -99999.0, -99999.0, 28.4, 6.4, 34.79, -0.609, 4.75, 4.125, 899.0, 732.0, 799.0, 684.0, 226.0, 494.0, 257.0, -99999.0, -99999.0, 0.0
5881.0, 40.78069600833333, -111.9409700465, 1291.458, 0.14, 25.2, -99999.0, -99999.0, -99999.0, -99999.0, -99999.0, -99999.0, -99999.0, 0.34993505629, 640.33618485, 2.012499877, 1.424392926, -47.732851398, -13.484102242, 1.9624270485389999, 599.1985635637001, -99999.0, -99999.0, 28.35, 6.41, 34.76, -0.609, 4.75, 4.125, 950.0, 761.0, 632.0, 547.0, 719.0, 441.0, 661.0, -99999.0, -99999.0, 0.0
5882.0, 40.780695921, -111.94097045683333, 1291.473, 0.21, 25.1, -99999.0, -99999.0, -99999.0, -99999.0, -99999.0, -99999.0, -99999.0, 0.349755529885, 639.8410084, 2.0139012616, 1.4165851967, -47.732851398, -13.484102242, 1.9624270485389999, 587.3050608343, -99999.0, 71.9, 28.35, 6.4, 34.75, -0.609, 4.75, 4.125, 968.0, 784.0, 530.0, 533.0, 524.0, 340.0, 603.0, -99999.0, -99999.0, 0.0
5883.0, 40.780695871, -111.94097077249998, 1291.49, 0.08, 25.0, -99999.0, -99999.0, -99999.0, -99999.0, -99999.0, -99999.0, -99999.0, 0.34957600348, 591.62441409, 2.0139012616, 1.4165851967, -47.732851398, -11.398898303, 1.9624270485389999, 587.318671596, -99999.0, 74.1, 28.36, 6.39, 34.75, -0.609, 4.75, 4.125, 957.0, 741.0, 594.0, 545.0, 475.0, 652.0, 203.0, -99999.0, -99999.0, 0.0
5884.0, 40.78069585666666, -111.94097107616666, 1291.509, 0.31, 24.9, -99999.0, -99999.0, -99999.0, -99999.0, -99999.0, -99999.0, -99999.0, 0.28578600023, 591.62441409, 2.0139012616, 1.4165851967, -50.77072018, -11.398898303, 1.964923251804, 587.318671596, -99999.0, -99999.0, 28.41, 6.39, 34.8, -0.609, 4.75, 4.125, 843.0, 834.0, 635.0, 463.0, 611.0, 645.0, 367.0, -99999.0, -99999.0, 0.0
5885.0, 40.78069578616667, -111.94097132083334, 1291.53, 0.05, 24.9, -99999.0, -99999.0, -99999.0, -99999.0, -99999.0, -99999.0, -99999.0, 0.28545141620500003, 591.50080624, 2.0144121647, 1.3978459603, -50.77072018, -11.398898303, 1.964923251804, 587.318671596, -99999.0, -99999.0, 28.4, 6.38, 34.78, -0.609, 4.75, 4.125, 1032.0, 524.0, 809.0, 707.0, 297.0, 577.0, 563.0, -99999.0, -99999.0, 0.0
5886.0, 40.78069574199999, -111.94097156049999, 1291.563, 0.14, 24.8, -99999.0, -99999.0, -99999.0, -99999.0, -99999.0, -99999.0, -99999.0, 0.26113834681000003, 506.01671501, 2.0144121647, 1.3978459603, -50.77072018, -11.398898303, 1.964923251804, 563.7198688947, -99999.0, 77.0, 28.42, 6.37, 34.79, -0.609, 4.75, 4.125, 991.0, 854.0, 512.0, 766.0, 514.0, 401.0, 655.0, -99999.0, -99999.0, 0.0
5887.0, 40.78069565533333, -111.94097175583332, 1291.595, 0.14, 24.8, -99999.0, -99999.0, -99999.0, -99999.0, -99999.0, -99999.0, -99999.0, 0.23715986144, 505.8956755, 2.0126638556, 1.3861797159, -50.77072018, -11.129321106, 1.964923251804, 563.721557805, -99999.0, 73.8, 28.38, 6.34, 34.73, -1.242, 4.75, 3.5, 866.0, 582.0, 852.0, 579.0, 405.0, 266.0, 443.0, -99999.0, -99999.0, 0.0
5888.0, 40.7806956015, -111.94097195683335, 1291.633, 0.04, 24.8, -99999.0, -99999.0, -99999.0, -99999.0, -99999.0, -99999.0, -99999.0, 0.2368741095, 486.912353495, 2.0126638556, 1.3861797159, -50.004456161, -11.129321106, 1.960392555781, 563.721557805, -99999.0, -99999.0, 28.35, 6.31, 34.66, -1.242, 4.75, 3.5, 854.0, 680.0, 323.0, 684.0, 443.0, 387.0, 844.0, -99999.0, -99999.0, 0.0
5889.0, 40.78069551683333, -111.94097214683333, 1291.664, 0.12, 24.7, -99999.0, -99999.0, -99999.0, -99999.0, -99999.0, -99999.0, -99999.0, 0.22264317383, 467.92903149, 2.0126638556, 1.3861797159, -50.004456161, -11.129321106, 1.960392555781, 563.721557805, -99999.0, -99999.0, 28.31, 6.32, 34.63, -1.242, 4.75, 3.5, 906.0, 677.0, 531.0, 418.0, 621.0, 522.0, 535.0, -99999.0, -99999.0, 0.0
5890.0, 40.78069544883333, -111.94097228883332, 1291.682, 0.12, 24.7, -99999.0, -99999.0, -99999.0, -99999.0, -99999.0, -99999.0, -99999.0, 0.22258930431, 467.86809129, 2.0127471802, 1.3812906419, -50.004456161, -10.375281715500002, 1.960392555781, 536.736325478, -99999.0, 69.8, 28.33, 6.3, 34.63, -1.242, 4.75, 3.5, 812.0, 716.0, 871.0, 616.0, 421.0, 618.0, 518.0, -99999.0, -99999.0, 0.0
5891.0, 40.78069537233334, -111.94097242049999, 1291.71, 0.04, 24.7, -99999.0, -99999.0, -99999.0, -99999.0, -99999.0, -99999.0, -99999.0, 0.22253543479, 453.65551896, 2.0127471802, 1.3812906419, -99999.0, -99999.0, -99999.0, -99999.0, -99999.0, 71.1, 28.29, 6.29, 34.58, -1.242, 4.75, 3.5, 824.0, 665.0, 497.0, 442.0, 724.0, 392.0, 500.0, -99999.0, -99999.0, 0.0
5892.0, 40.78069528683333, -111.94097254216668, 1291.745, 0.1, 24.6, -99999.0, -99999.0, -99999.0, -99999.0, -99999.0, -99999.0, -99999.0, 0.2019409518, 453.640284845, 2.0128325712499997, 1.3794665925, -57.327748188, -9.621242325, 1.974560304291, 536.7408233819, -99999.0, -99999.0, 28.19, 6.28, 34.47, -1.242, 4.75, 3.5, 965.0, 764.0, 578.0, 478.0, 421.0, 534.0, 429.0, -99999.0, -99999.0, 0.0
