arc_raw/USOS-ARL-Suite_ARC_20240722_RA.ict
71,1001
Xinrong Ren
NOAA Air Resources Lab
ARC-Suite
USOS: Utah Summer Ozone Study
1,1
2024,07,22,2024,07,22
1
StartTime_seconds, seconds, Start time in UTC seconds since midnight
38
1,1,1,1,1,1,1,1,1,1,1,1,1,1,1,1,1,1,1,1,1,1,1,1,1,1,1,1,1,1,1,1,1,1,1,1,1,1
-99999,-99999,-99999,-99999,-99999,-99999,-99999,-99999,-99999,-99999,-99999,-99999,-99999,-99999,-99999,-99999,-99999,-99999,-99999,-99999,-99999,-99999,-99999,-99999,-99999,-99999,-99999,-99999,-99999,-99999,-99999,-99999,-99999,-99999,-99999,-99999,-99999,-99999
lat_DGPS_deg, degrees, Latitude in decimal by Hemisphere VS1100 Differential GPS
lon_DGPS_deg, degrees, Longitude in decimal by Hemisphere VS1100 Differential GPS
alt_msl_m, meters, GPS Altitude MSL
speed_km_h, km/s, vehicle speed
RH, percent, relative humidity
true_WS_m_s, m/s, wind speed by 2D sonic sensor
true_WD_deg, degree, wind direction by 2D sonic sensor
CH4_aeris313_ppm, ppm, CH4 mixing ratio by Aeris
H2O_aeris313_ppm, ppm, H2O mixing ratio by Aeris
C2H6_aeris313_ppb, ppb, C2H6 mixing ratio by Aeris
r_aeris313, 1, relavence between CH4 and C2H6 by Aeris
C2C1_aeris313, 1, C2H6 to CH4 ratio by Aeris
CO_g2401m_ppm, ppm, CO mixing ratio by Picarro G2401m
CO2_g2401m_ppm, ppm, CO2 mixing ratio by Picarro G2401m
CH4_g2401m_ppm, ppm, CH4 mixing ratio by Picarro G2401m
H2O_g2401m, ppm, H2O mixing ratio by Picarro G2401m
delta13C_CH4_raw, permill, delta 13C of CH4 by Picarro G2201i
delta13C_CO2_raw, permill, delta 13C of CO2 by Picarro G2201i
CH4_g2201i_ppm, ppm, CH4 mixing ratio by Picarro G2201i
CO2_g2201i_ppm, ppm, CO2 mixing ratio by Picarro G2201i
NH3_g2301_ppb, ppb, NH3 mixing ratio by Picarro G2301
O3_2B_ppm, ppm, O3 mixing ratio by 2B
NO_G60_ppb, ppb, NO mixing ratio by G60
NO2_G60_ppb, ppb, NO2 mixing ratio by G60
NOx_G60_ppb, ppb, NOx mixing ratio by G60
NO_N500_ppb, ppb, NO mixing ratio by N500
NO2_N500_ppb, ppb, NO2 mixing ratio by N500
NOx_N500_ppb, ppb, NOx mixing ratio by N500
BC370_AE43_ng_m3, ng/m3, Black Carbon at 370 nm by AE43
BC470_AE43_ng_m3, ng/m3, Black Carbon at 470 nm by AE43
BC520_AE43_ng_m3, ng/m3, Black Carbon at 520 nm by AE43
BC590_AE43_ng_m3, ng/m3, Black Carbon at 590 nm by AE43
BC660_AE43_ng_m3, ng/m3, Black Carbon at 660 nm by AE43
BC880_AE43_ng_m3, ng/m3, Black Carbon at 880 nm by AE43
BC950_AE43_ng_m3, ng/m3, Black Carbon at 950 nm by AE43
PM25, ug/m3, PM2.5 by particle sensor
PM10, ug/m3, PM10 by particle sensor
Valve, boolian, indicator of valve conditions;0 is measurement; 10 is zeroing; 11 is spanning
1
SPECIAL COMMENTS, N/A
18
PI_CONTACT_INFO: xinrong.ren@noaa.gov, 301-683-1391, NOAA/ARL, 5830 University Research Court, College Park, MD 20740
PLATFORM: NOAA Air Resources Car
LOCATION: Salt Lake City
ASSOCIATED_DATA: N/A
INSTRUMENT_INFO: Hemisphere VS1100 differential GPS (Latitude, Longitude, GPS Altitude, speed), meteorological sensor (RH, WS, WD), 2B (O3), G60 CRDS (NO-NOx), Teledyne N500 (NO-NOx), Picarro G2401-m (CO2, CH4, CO, H2O), Picarro G2201i (CO2, CH4, d13C_CO2, d13C_CH4, H2O), Picarro 2301 (NH3), Aeris Ultra MIRA (CH4, C2H6, H2O, r, C2/C1), AE43 (Black Carbon), Partical sensor (PM2.5, PM10)
DATA_INFO: Records are reported at 1-second intervals. Hemisphere VS1100 differential GPS has 1-second ntervals. 2B O3 values are reported 2-second averages. G60 Cavity Rong Down NO-NO2-NO2 has 1-second average. Teledyne CAPS NO2 analyzer has 10-second time resolution. Picarro 2401m (CO2, CH4, CO, H2O) data has 2.5-second time resolution. Picarro 2201i (isotope) has ~5 second time resolution. Aeris Ultra MIRA has 1-second integration time. AE43 data are 10-second moving averages. Partical sensor has 10-second time resolution.
UNCERTAINTY: -99999, -99999, -99999, 15 m, -99999, -99999, -99999, -99999, 1 ppb, 100 ppm, 0.2 ppb, -99999, -99999, 5 ppb, 0.1 ppm, 1 ppb, 100 ppm, -99999, -99999, -99999, -99999, 2 ppb, 0.3 ppb, -99999, -99999, -99999, 0.05 ppb, 0.05 ppb, 0.05 ppb, 10 ng/m3, 10 ng/m3, 10 ng/m3, 10 ng/m3, 10 ng/m3, 10 ng/m3, 10 ng/m3, 10 ng/m3, 0
ULOD_FLAG: -77777
ULOD_VALUE: N/A
LLOD_FLAG: -88888
LLOD_VALUE: N/A
DM_CONTACT_INFO: Jiayang Sun; University of Maryland; jiayangs@umd.edu
PROJECT_INFO: USOS July - Aug 2024 https://deq.utah.gov/air-quality/utah-summer-ozone-study-usos
STIPULATIONS_ON_USE: Use of these data requires prior ok from PI.
OTHER_COMMENTS: N/A
REVISION: RA
RA: Preliminary Data for in-field use only.
StartTime_seconds, lat_DGPS_deg, lon_DGPS_deg, alt_msl_m, speed_km_h, RH, true_WS_m_s, true_WD_deg, CH4_aeris313_ppm, H2O_aeris313_ppm, C2H6_aeris313_ppb, r_aeris313, C2C1_aeris313, CO_g2401m_ppm, CO2_g2401m_ppm, CH4_g2401m_ppm, H2O_g2401m, delta13C_CH4_raw, delta13C_CO2_raw, CH4_g2201i_ppm, CO2_g2201i_ppm, NH3_g2301_ppb, O3_2B_ppm, NO_G60_ppb, NO2_G60_ppb, NOx_G60_ppb, NO_N500_ppb, NO2_N500_ppb, NOx_N500_ppb, BC370_AE43_ng_m3, BC470_AE43_ng_m3, BC520_AE43_ng_m3, BC590_AE43_ng_m3, BC660_AE43_ng_m3, BC880_AE43_ng_m3, BC950_AE43_ng_m3, PM25, PM10, Valve
[from data line 1281]
1281.0, 40.780694218, -111.94099314733333, 1286.761, 0.09, 13.5, 0.0, 0.0, -99999.0, -99999.0, -99999.0, -99999.0, -99999.0, -99999.0, -99999.0, -99999.0, -99999.0, -99999.0, -99999.0, -99999.0, -99999.0, -99999.0, -99999.0, 27.14, 1.63, 28.78, -0.98, 1.391, 0.412, 295.0, 615.0, 354.0, 478.0, 507.0, -132.0, 276.0, 5.88, 6.46, 0.0
1282.0, 40.7806942375, -111.9409931935, 1286.764, 0.09, 13.5, 0.71, 332.35, -99999.0, -99999.0, -99999.0, -99999.0, -99999.0, -99999.0, -99999.0, -99999.0, -99999.0, -99999.0, -99999.0, -99999.0, -99999.0, -99999.0, 67.3, 27.19, 1.65, 28.84, -0.98, 1.391, 0.412, 520.0, 525.0, 61.0, 448.0, 545.0, 306.0, 310.0, 5.56, 5.56, 0.0
1283.0, 40.78069426183333, -111.94099322616667, 1286.768, 0.18, 13.5, 0.57, 247.44, -99999.0, -99999.0, -99999.0, -99999.0, -99999.0, -99999.0, -99999.0, -99999.0, -99999.0, -99999.0, -99999.0, -99999.0, -99999.0, -99999.0, -99999.0, 27.11, 1.68, 28.79, -0.98, 1.391, 0.412, 287.0, 361.0, 480.0, 337.0, 583.0, 554.0, 412.0, 4.82, 5.4, 0.0
1284.0, 40.78069425983333, -111.94099324766667, 1286.769, 0.08, 13.5, 1.07, 248.32, -99999.0, -99999.0, -99999.0, -99999.0, -99999.0, -99999.0, -99999.0, -99999.0, -99999.0, -99999.0, -99999.0, -99999.0, -99999.0, -99999.0, 67.7, 27.15, 1.67, 28.82, -0.98, 1.391, 0.412, 388.0, 328.0, 505.0, 347.0, 349.0, 229.0, 531.0, 5.48, 7.01, 0.0
1285.0, 40.78069429316667, -111.94099327316665, 1286.764, 0.13, 13.5, 1.12, 239.21, -99999.0, -99999.0, -99999.0, -99999.0, -99999.0, -99999.0, -99999.0, -99999.0, -99999.0, -99999.0, -99999.0, -99999.0, -99999.0, -99999.0, -99999.0, 27.14, 1.69, 28.82, -0.98, 1.391, 0.412, 636.0, 342.0, 263.0, 249.0, 260.0, 411.0, 501.0, 5.53, 6.11, 0.0
1286.0, 40.780694296166665, -111.94099327933333, 1286.765, 0.14, 13.5, 0.78, 308.72, -99999.0, -99999.0, -99999.0, -99999.0, -99999.0, -99999.0, -99999.0, -99999.0, -99999.0, -99999.0, -99999.0, -99999.0, -99999.0, -99999.0, 67.0, 27.12, 1.69, 28.81, -0.98, 1.391, 0.412, 582.0, 263.0, 712.0, 406.0, 634.0, 542.0, 531.0, 5.68, 5.68, 0.0
1287.0, 40.78069436216667, -111.94099330816668, 1286.761, 0.03, 13.5, 0.0, 0.0, -99999.0, -99999.0, -99999.0, -99999.0, -99999.0, -99999.0, -99999.0, -99999.0, -99999.0, -99999.0, -99999.0, -99999.0, -99999.0, -99999.0, -99999.0, 27.17, 1.69, 28.86, -0.98, 1.391, 0.412, 496.0, 765.0, 253.0, 386.0, 171.0, 356.0, 370.0, 5.52, 5.52, 0.0
1288.0, 40.780694478166666, -111.94099332850001, 1286.751, 0.02, 13.5, 0.69, 293.32, -99999.0, -99999.0, -99999.0, -99999.0, -99999.0, -99999.0, -99999.0, -99999.0, -99999.0, -99999.0, -99999.0, -99999.0, -99999.0, -99999.0, 64.0, 27.17, 1.7, 28.86, -0.98, 1.391, 0.412, 659.0, 432.0, 187.0, 579.0, 615.0, 554.0, 650.0, 5.82, 5.82, 0.0
1289.0, 40.780694632499994, -111.94099337600001, 1286.736, 0.19, 13.5, 0.86, 318.42, -99999.0, -99999.0, -99999.0, -99999.0, -99999.0, -99999.0, -99999.0, -99999.0, -99999.0, -99999.0, -99999.0, -99999.0, -99999.0, -99999.0, -99999.0, 27.15, 1.69, 28.84, -0.98, 1.391, 0.412, 907.0, 413.0, 707.0, 69.0, 362.0, 771.0, 255.0, 5.31, 7.42, 0.0
1290.0, 40.780694756666676, -111.9409934445, 1286.725, 0.03, 13.5, 0.81, 280.01, -99999.0, -99999.0, -99999.0, -99999.0, -99999.0, -99999.0, -99999.0, -99999.0, -99999.0, -99999.0, -99999.0, -99999.0, -99999.0, -99999.0, 63.9, 27.21, 1.67, 28.88, -0.98, 1.391, 0.412, 613.0, 493.0, 743.0, 247.0, 336.0, 527.0, 586.0, 5.08, 5.66, 0.0
1291.0, 40.78069490000001, -111.940993483, 1286.705, 0.06, 13.5, 0.0, 0.0, -99999.0, -99999.0, -99999.0, -99999.0, -99999.0, -99999.0, -99999.0, -99999.0, -99999.0, -99999.0, -99999.0, -99999.0, -99999.0, -99999.0, -99999.0, 27.21, 1.65, 28.86, -0.98, 1.391, 0.412, 644.0, 389.0, 318.0, 339.0, 482.0, 407.0, 501.0, 5.14, 6.6, 0.0
1292.0, 40.780695012, -111.94099354016667, 1286.694, 0.07, 13.5, 0.75, 11.0, -99999.0, -99999.0, -99999.0, -99999.0, -99999.0, -99999.0, -99999.0, -99999.0, -99999.0, -99999.0, -99999.0, -99999.0, -99999.0, -99999.0, 66.4, 27.23, 1.61, 28.84, -0.98, 1.391, 0.412, 558.0, 601.0, 601.0, 337.0, 235.0, 569.0, 174.0, 5.59, 5.59, 0.0
1293.0, 40.78069510383333, -111.94099356833334, 1286.681, 0.07, 13.5, 0.54, 245.8, -99999.0, -99999.0, -99999.0, -99999.0, -99999.0, -99999.0, -99999.0, -99999.0, -99999.0, -99999.0, -99999.0, -99999.0, -99999.0, -99999.0, -99999.0, 27.28, 1.58, 28.86, -0.98, 1.391, 0.412, 271.0, 427.0, 515.0, 448.0, 507.0, 170.0, 161.0, 5.08, 5.66, 0.0
1294.0, 40.780695234666666, -111.94099359316667, 1286.665, 0.15, 13.5, 0.25, 332.3, -99999.0, -99999.0, -99999.0, -99999.0, -99999.0, -99999.0, -99999.0, -99999.0, -99999.0, -99999.0, -99999.0, -99999.0, -99999.0, -99999.0, 64.2, 27.31, 1.56, 28.86, -0.98, 1.391, 0.412, 651.0, 563.0, 323.0, 509.0, 197.0, 178.0, 276.0, 6.12, 6.12, 0.0
1295.0, 40.780695212999994, -111.94099357583333, 1286.672, 0.09, 13.5, 1.44, 288.1, -99999.0, -99999.0, -99999.0, -99999.0, -99999.0, -99999.0, -99999.0, -99999.0, -99999.0, -99999.0, -99999.0, -99999.0, -99999.0, -99999.0, -99999.0, 27.27, 1.54, 28.81, -0.98, 1.391, 0.412, 659.0, 281.0, 505.0, 545.0, 609.0, 201.0, 382.0, 4.96, 7.09, 0.0
1296.0, 40.7806953195, -111.940993594, 1286.656, 0.1, 13.5, 1.13, 281.8, -99999.0, -99999.0, -99999.0, -99999.0, -99999.0, -99999.0, -99999.0, -99999.0, -99999.0, -99999.0, -99999.0, -99999.0, -99999.0, -99999.0, 61.6, 27.23, 1.53, 28.76, -0.98, 1.391, 0.412, 326.0, 647.0, 344.0, -99999.0, 577.0, 205.0, 204.0, 5.03, 5.03, 0.0
1297.0, 40.780695404999996, -111.94099362816665, 1286.644, 0.04, 13.5, 0.43, 305.2, -99999.0, -99999.0, -99999.0, -99999.0, -99999.0, -99999.0, -99999.0, -99999.0, -99999.0, -99999.0, -99999.0, -99999.0, -99999.0, -99999.0, -99999.0, 27.26, 1.53, 28.79, -0.98, 1.391, 0.412, 310.0, 469.0, 571.0, 977.0, 190.0, 581.0, 574.0, 5.55, 5.55, 0.0
1298.0, 40.780695473833326, -111.94099366616668, 1286.64, 0.13, 13.5, 0.73, 142.31, -99999.0, -99999.0, -99999.0, -99999.0, -99999.0, -99999.0, -99999.0, -99999.0, -99999.0, -99999.0, -99999.0, -99999.0, -99999.0, -99999.0, 64.0, 27.24, 1.51, 28.75, -0.98, 1.391, 0.412, 326.0, 474.0, 45.0, 409.0, 641.0, 221.0, 293.0, 5.23, 6.69, 0.0
1299.0, 40.78069555666667, -111.94099368583332, 1286.629, 0.06, 13.5, 0.0, 0.0, -99999.0, -99999.0, -99999.0, -99999.0, -99999.0, -99999.0, -99999.0, -99999.0, -99999.0, -99999.0, -99999.0, -99999.0, -99999.0, -99999.0, -99999.0, 27.24, 1.51, 28.75, -0.98, 1.391, 0.412, 481.0, 699.0, 480.0, 139.0, 273.0, 469.0, 353.0, 6.77, 8.23, 0.0
1300.0, 40.78069563816667, -111.94099373283333, 1286.623, 0.06, 13.5, 1.29, 257.7, -99999.0, -99999.0, -99999.0, -99999.0, -99999.0, -99999.0, -99999.0, -99999.0, -99999.0, -99999.0, -99999.0, -99999.0, -99999.0, -99999.0, 66.1, 27.2, 1.49, 28.69, -0.98, 1.391, 0.412, 636.0, 652.0, 404.0, 406.0, 653.0, 259.0, 769.0, 5.81, 5.81, 0.0
1301.0, 40.78069572483334, -111.940993766, 1286.615, 0.08, 13.5, 0.0, 0.0, -99999.0, -99999.0, -99999.0, -99999.0, -99999.0, -99999.0, -99999.0, -99999.0, -99999.0, -99999.0, -99999.0, -99999.0, -99999.0, -99999.0, -99999.0, 27.22, 1.47, 28.69, -0.945, 1.352, 0.404, 806.0, 718.0, 268.0, 471.0, 336.0, 782.0, 178.0, 5.3, 6.25, 0.0
1302.0, 40.78069580783333, -111.94099380716668, 1286.604, 0.12, 13.6, 0.28, 344.58, -99999.0, -99999.0, -99999.0, -99999.0, -99999.0, -99999.0, -99999.0, -99999.0, -99999.0, -99999.0, -99999.0, -99999.0, -99999.0, -99999.0, 65.2, 27.15, 1.47, 28.62, -0.945, 1.352, 0.404, 465.0, 464.0, 439.0, 347.0, 634.0, 170.0, 514.0, 6.15, 8.25, 0.0
1303.0, 40.780695863, -111.94099382933334, 1286.6, 0.1, 13.6, 0.29, 271.68, -99999.0, -99999.0, -99999.0, -99999.0, -99999.0, -99999.0, -99999.0, -99999.0, -99999.0, -99999.0, -99999.0, -99999.0, -99999.0, -99999.0, -99999.0, 27.16, 1.46, 28.61, -0.945, 1.352, 0.404, 597.0, 680.0, 561.0, 298.0, 431.0, 345.0, 527.0, 5.11, 7.72, 0.0
1304.0, 40.7806959075, -111.94099385100002, 1286.598, 0.11, 13.6, 0.27, 228.77, -99999.0, -99999.0, -99999.0, -99999.0, -99999.0, -99999.0, -99999.0, -99999.0, -99999.0, -99999.0, -99999.0, -99999.0, -99999.0, -99999.0, 62.1, 27.19, 1.46, 28.65, -0.945, 1.352, 0.404, 558.0, 591.0, 465.0, 378.0, 273.0, 666.0, 620.0, 6.12, 6.7, 0.0
1305.0, 40.78069594266667, -111.94099388049999, 1286.596, 0.08, 13.6, 0.91, 288.97, -99999.0, -99999.0, -99999.0, -99999.0, -99999.0, -99999.0, -99999.0, -99999.0, -99999.0, -99999.0, -99999.0, -99999.0, -99999.0, -99999.0, -99999.0, 27.22, 1.45, 28.68, -0.945, 1.352, 0.404, 698.0, 422.0, 429.0, 108.0, 342.0, -39.0, 293.0, 5.19, 7.29, 0.0
1306.0, 40.78069598733334, -111.94099389033333, 1286.594, 0.05, 13.6, 1.44, 234.06, -99999.0, -99999.0, -99999.0, -99999.0, -99999.0, -99999.0, -99999.0, -99999.0, -99999.0, -99999.0, -99999.0, -99999.0, -99999.0, -99999.0, 58.3, 27.22, 1.46, 28.68, -0.945, 1.352, 0.404, 535.0, 535.0, 535.0, 468.0, 533.0, 581.0, 251.0, 5.59, 5.59, 0.0
1307.0, 40.780696016166665, -111.94099390183334, 1286.593, 0.09, 13.6, 1.66, 245.98, -99999.0, -99999.0, -99999.0, -99999.0, -99999.0, -99999.0, -99999.0, -99999.0, -99999.0, -99999.0, -99999.0, -99999.0, -99999.0, -99999.0, -99999.0, 27.21, 1.47, 28.68, -0.945, 1.352, 0.404, 481.0, 493.0, 455.0, 509.0, 374.0, 178.0, 497.0, 6.19, 7.14, 0.0
1308.0, 40.780696037166656, -111.94099389833333, 1286.592, 0.15, 13.6, 1.45, 245.37, -99999.0, -99999.0, -99999.0, -99999.0, -99999.0, -99999.0, -99999.0, -99999.0, -99999.0, -99999.0, -99999.0, -99999.0, -99999.0, -99999.0, 59.5, 27.21, 1.48, 28.69, -0.945, 1.352, 0.404, 620.0, 342.0, 404.0, 337.0, 38.0, 573.0, 399.0, 4.86, 6.99, 0.0
1309.0, 40.78069607733333, -111.94099391616668, 1286.586, 0.09, 13.6, 1.12, 242.88, -99999.0, -99999.0, -99999.0, -99999.0, -99999.0, -99999.0, -99999.0, -99999.0, -99999.0, -99999.0, -99999.0, -99999.0, -99999.0, -99999.0, -99999.0, 27.19, 1.51, 28.69, -0.945, 1.352, 0.404, 481.0, 235.0, 318.0, 540.0, 564.0, -27.0, 412.0, 5.17, 5.75, 0.0
1310.0, 40.78069609583333, -111.94099390516666, 1286.582, 0.04, 13.6, 1.25, 285.78, -99999.0, -99999.0, -99999.0, -99999.0, -99999.0, -99999.0, -99999.0, -99999.0, -99999.0, -99999.0, -99999.0, -99999.0, -99999.0, -99999.0, 64.8, 27.28, 1.54, 28.81, -0.945, 1.352, 0.404, 465.0, 474.0, 677.0, 239.0, 298.0, 488.0, 357.0, 5.32, 5.32, 0.0
1311.0, 40.78069611949999, -111.94099390516666, 1286.579, 0.06, 13.6, 0.55, 266.47, -99999.0, -99999.0, -99999.0, -99999.0, -99999.0, -99999.0, -99999.0, -99999.0, -99999.0, -99999.0, -99999.0, -99999.0, -99999.0, -99999.0, -99999.0, 27.3, 1.52, 28.81, -0.945, 1.352, 0.404, 574.0, 399.0, 439.0, 216.0, 323.0, 376.0, 297.0, 5.57, 5.57, 0.0
1312.0, 40.78069614816666, -111.94099389433335, 1286.577, 0.05, 13.6, 0.98, 273.56, -99999.0, -99999.0, -99999.0, -99999.0, -99999.0, -99999.0, -99999.0, -99999.0, -99999.0, -99999.0, -99999.0, -99999.0, -99999.0, -99999.0, 67.3, 27.35, 1.5, 28.85, -0.945, 1.352, 0.404, 566.0, 314.0, 510.0, 548.0, 406.0, 534.0, 221.0, 5.7, 5.7, 0.0
1313.0, 40.780696188499995, -111.9409938765, 1286.568, 0.12, 13.6, 1.95, 260.36, -99999.0, -99999.0, -99999.0, -99999.0, -99999.0, -99999.0, -99999.0, -99999.0, -99999.0, -99999.0, -99999.0, -99999.0, -99999.0, -99999.0, -99999.0, 27.33, 1.5, 28.83, -0.945, 1.352, 0.404, 310.0, 507.0, 596.0, 448.0, 717.0, 434.0, 693.0, 5.66, 5.66, 0.0
1314.0, 40.7806962365, -111.94099384766666, 1286.56, 0.04, 13.6, 2.97, 248.08, -99999.0, -99999.0, -99999.0, -99999.0, -99999.0, -99999.0, -99999.0, -99999.0, -99999.0, -99999.0, -99999.0, -99999.0, -99999.0, -99999.0, 68.0, 27.36, 1.5, 28.86, -0.945, 1.352, 0.404, 830.0, 479.0, 389.0, 447.0, 336.0, 507.0, 251.0, 5.85, 6.43, 0.0
1315.0, 40.78069628116667, -111.94099383833333, 1286.556, 0.06, 13.6, 2.44, 250.98, -99999.0, -99999.0, -99999.0, -99999.0, -99999.0, -99999.0, -99999.0, -99999.0, -99999.0, -99999.0, -99999.0, -99999.0, -99999.0, -99999.0, -99999.0, 27.33, 1.5, 28.83, -0.945, 1.352, 0.404, 403.0, 464.0, 844.0, 309.0, 615.0, 604.0, 472.0, 5.3, 6.83, 0.0
1316.0, 40.780696329499996, -111.940993827, 1286.549, 0.04, 13.5, 2.29, 252.19, -99999.0, -99999.0, -99999.0, -99999.0, -99999.0, -99999.0, -99999.0, -99999.0, -99999.0, -99999.0, -99999.0, -99999.0, -99999.0, -99999.0, 68.6, 27.31, 1.51, 28.82, -0.945, 1.352, 0.404, 465.0, 619.0, 439.0, 306.0, 361.0, 186.0, 187.0, 5.2, 5.2, 0.0
1317.0, 40.78069636466667, -111.94099381100001, 1286.539, 0.11, 13.5, 1.74, 248.68, -99999.0, -99999.0, -99999.0, -99999.0, -99999.0, -99999.0, -99999.0, -99999.0, -99999.0, -99999.0, -99999.0, -99999.0, -99999.0, -99999.0, -99999.0, 27.28, 1.48, 28.76, -0.945, 1.352, 0.404, 558.0, 427.0, 495.0, 139.0, 127.0, 442.0, 650.0, 6.01, 8.98, 0.0
1318.0, 40.78069638566667, -111.94099380000002, 1286.533, 0.07, 13.5, 1.37, 221.19, -99999.0, -99999.0, -99999.0, -99999.0, -99999.0, -99999.0, -99999.0, -99999.0, -99999.0, -99999.0, -99999.0, -99999.0, -99999.0, -99999.0, 67.8, 27.27, 1.47, 28.75, -0.945, 1.352, 0.404, 520.0, 305.0, 308.0, 409.0, 317.0, 360.0, 234.0, 5.84, 5.84, 0.0
1319.0, 40.7806963895, -111.94099379366668, 1286.526, 0.1, 13.5, 2.17, 240.78, -99999.0, -99999.0, -99999.0, -99999.0, -99999.0, -99999.0, -99999.0, -99999.0, -99999.0, -99999.0, -99999.0, -99999.0, -99999.0, -99999.0, -99999.0, 27.22, 1.48, 28.69, -0.945, 1.352, 0.404, 597.0, 479.0, 647.0, 370.0, 457.0, 232.0, 659.0, 5.7, 6.65, 0.0
1320.0, 40.78069636566667, -111.94099380383335, 1286.526, 0.16, 13.5, 2.38, 240.97, -99999.0, -99999.0, -99999.0, -99999.0, -99999.0, -99999.0, -99999.0, -99999.0, -99999.0, -99999.0, -99999.0, -99999.0, -99999.0, -99999.0, 67.6, 27.24, 1.45, 28.69, -0.945, 1.352, 0.404, 442.0, 352.0, 369.0, 607.0, 235.0, 228.0, 234.0, 5.77, 6.35, 0.0
1321.0, 40.78069638266667, -111.94099383766667, 1286.527, 0.14, 13.5, 1.42, 234.05, -99999.0, -99999.0, -99999.0, -99999.0, -99999.0, -99999.0, -99999.0, -99999.0, -99999.0, -99999.0, -99999.0, -99999.0, -99999.0, -99999.0, -99999.0, 27.21, 1.45, 28.67, -0.945, 1.352, 0.404, 481.0, 483.0, 389.0, 108.0, 178.0, 585.0, 387.0, 6.29, 10.3, 0.0
1322.0, 40.780696336333335, -111.94099392966667, 1286.534, 0.12, 13.4, 1.54, 238.06, -99999.0, -99999.0, -99999.0, -99999.0, -99999.0, -99999.0, -99999.0, -99999.0, -99999.0, -99999.0, -99999.0, -99999.0, -99999.0, -99999.0, 68.3, 27.24, 1.44, 28.69, -0.945, 1.352, 0.404, 403.0, 479.0, 419.0, 177.0, 533.0, -163.0, 42.0, 5.25, 5.83, 0.0
1323.0, 40.78069617266666, -111.94099408783335, 1286.554, 0.02, 13.4, 1.22, 256.36, -99999.0, -99999.0, -99999.0, -99999.0, -99999.0, -99999.0, -99999.0, -99999.0, -99999.0, -99999.0, -99999.0, -99999.0, -99999.0, -99999.0, -99999.0, 27.21, 1.43, 28.64, -1.086, 1.352, 0.262, 659.0, 530.0, 293.0, 409.0, 558.0, -23.0, 484.0, 5.45, 5.45, 0.0
1324.0, 40.780696035666665, -111.94099424083333, 1286.567, 0.12, 13.4, 1.96, 250.97, -99999.0, -99999.0, -99999.0, -99999.0, -99999.0, -99999.0, -99999.0, -99999.0, -99999.0, -99999.0, -99999.0, -99999.0, -99999.0, -99999.0, 67.4, 27.26, 1.42, 28.69, -1.086, 1.352, 0.262, 520.0, 399.0, 273.0, 378.0, 285.0, 259.0, 285.0, 5.63, 6.21, 0.0
1325.0, 40.780695875, -111.94099440650001, 1286.579, 0.1, 13.3, 0.29, 206.08, -99999.0, -99999.0, -99999.0, -99999.0, -99999.0, -99999.0, -99999.0, -99999.0, -99999.0, -99999.0, -99999.0, -99999.0, -99999.0, -99999.0, -99999.0, 27.24, 1.42, 28.67, -1.086, 1.352, 0.262, 806.0, 708.0, 616.0, 357.0, 571.0, 337.0, 132.0, 5.1, 5.68, 0.0
1326.0, 40.7806957695, -111.94099459183332, 1286.59, 0.09, 13.3, 1.32, 235.77, -99999.0, -99999.0, -99999.0, -99999.0, -99999.0, -99999.0, -99999.0, -99999.0, -99999.0, -99999.0, -99999.0, -99999.0, -99999.0, -99999.0, 66.4, 27.22, 1.4, 28.62, -1.086, 1.352, 0.262, 520.0, 591.0, 283.0, 309.0, 406.0, 581.0, 191.0, 5.22, 5.8, 0.0
1327.0, 40.780695632833336, -111.94099474383331, 1286.599, 0.19, 13.2, 0.99, 226.46, -99999.0, -99999.0, -99999.0, -99999.0, -99999.0, -99999.0, -99999.0, -99999.0, -99999.0, -99999.0, -99999.0, -99999.0, -99999.0, -99999.0, -99999.0, 27.27, 1.4, 28.67, -1.086, 1.352, 0.262, 605.0, 418.0, 480.0, 198.0, 444.0, 275.0, 17.0, 6.65, 6.65, 0.0
