arc_raw/USOS-ARL-Suite_ARC_20240726_RA.ict
71,1001
Xinrong Ren
NOAA Air Resources Lab
ARC-Suite
USOS: Utah Summer Ozone Study
1,1
2024,07,26,2024,07,26
1
StartTime_seconds, seconds, Start time in UTC seconds since midnight
38
1,1,1,1,1,1,1,1,1,1,1,1,1,1,1,1,1,1,1,1,1,1,1,1,1,1,1,1,1,1,1,1,1,1,1,1,1,1
-99999,-99999,-99999,-99999,-99999,-99999,-99999,-99999,-99999,-99999,-99999,-99999,-99999,-99999,-99999,-99999,-99999,-99999,-99999,-99999,-99999,-99999,-99999,-99999,-99999,-99999,-99999,-99999,-99999,-99999,-99999,-99999,-99999,-99999,-99999,-99999,-99999,-99999
lat_DGPS_deg, degrees, Latitude in decimal by Hemisphere VS1100 Differential GPS
lon_DGPS_deg, degrees, Longitude in decimal by Hemisphere VS1100 Differential GPS
alt_msl_m, meters, GPS Altitude MSL
speed_km_h, km/s, vehicle speed
RH, percent, relative humidity
true_WS_m_s, m/s, wind speed by 2D sonic sensor
true_WD_deg, degree, wind direction by 2D sonic sensor
CH4_aeris313_ppm, ppm, CH4 mixing ratio by Aeris
H2O_aeris313_ppm, ppm, H2O mixing ratio by Aeris
C2H6_aeris313_ppb, ppb, C2H6 mixing ratio by Aeris
r_aeris313, 1, relavence between CH4 and C2H6 by Aeris
C2C1_aeris313, 1, C2H6 to CH4 ratio by Aeris
CO_g2401m_ppm, ppm, CO mixing ratio by Picarro G2401m
CO2_g2401m_ppm, ppm, CO2 mixing ratio by Picarro G2401m
CH4_g2401m_ppm, ppm, CH4 mixing ratio by Picarro G2401m
H2O_g2401m, ppm, H2O mixing ratio by Picarro G2401m
delta13C_CH4_raw, permill, delta 13C of CH4 by Picarro G2201i
delta13C_CO2_raw, permill, delta 13C of CO2 by Picarro G2201i
CH4_g2201i_ppm, ppm, CH4 mixing ratio by Picarro G2201i
CO2_g2201i_ppm, ppm, CO2 mixing ratio by Picarro G2201i
NH3_g2301_ppb, ppb, NH3 mixing ratio by Picarro G2301
O3_2B_ppm, ppm, O3 mixing ratio by 2B
NO_G60_ppb, ppb, NO mixing ratio by G60
NO2_G60_ppb, ppb, NO2 mixing ratio by G60
NOx_G60_ppb, ppb, NOx mixing ratio by G60
NO_N500_ppb, ppb, NO mixing ratio by N500
NO2_N500_ppb, ppb, NO2 mixing ratio by N500
NOx_N500_ppb, ppb, NOx mixing ratio by N500
BC370_AE43_ng_m3, ng/m3, Black Carbon at 370 nm by AE43
BC470_AE43_ng_m3, ng/m3, Black Carbon at 470 nm by AE43
BC520_AE43_ng_m3, ng/m3, Black Carbon at 520 nm by AE43
BC590_AE43_ng_m3, ng/m3, Black Carbon at 590 nm by AE43
BC660_AE43_ng_m3, ng/m3, Black Carbon at 660 nm by AE43
BC880_AE43_ng_m3, ng/m3, Black Carbon at 880 nm by AE43
BC950_AE43_ng_m3, ng/m3, Black Carbon at 950 nm by AE43
PM25, ug/m3, PM2.5 by particle sensor
PM10, ug/m3, PM10 by particle sensor
Valve, boolian, indicator of valve conditions;0 is measurement; 10 is zeroing; 11 is spanning
1
SPECIAL COMMENTS, N/A
18
PI_CONTACT_INFO: xinrong.ren@noaa.gov, 301-683-1391, NOAA/ARL, 5830 University Research Court, College Park, MD 20740
PLATFORM: NOAA Air Resources Car
LOCATION: Salt Lake City
ASSOCIATED_DATA: N/A
INSTRUMENT_INFO: Hemisphere VS1100 differential GPS (Latitude, Longitude, GPS Altitude, speed), meteorological sensor (RH, WS, WD), 2B (O3), G60 CRDS (NO-NOx), Teledyne N500 (NO-NOx), Picarro G2401-m (CO2, CH4, CO, H2O), Picarro G2201i (CO2, CH4, d13C_CO2, d13C_CH4, H2O), Picarro 2301 (NH3), Aeris Ultra MIRA (CH4, C2H6, H2O, r, C2/C1), AE43 (Black Carbon), Partical sensor (PM2.5, PM10)
DATA_INFO: Records are reported at 1-second intervals. Hemisphere VS1100 differential GPS has 1-second ntervals. 2B O3 values are reported 2-second averages. G60 Cavity Rong Down NO-NO2-NO2 has 1-second average. Teledyne CAPS NO2 analyzer has 10-second time resolution. Picarro 2401m (CO2, CH4, CO, H2O) data has 2.5-second time resolution. Picarro 2201i (isotope) has ~5 second time resolution. Aeris Ultra MIRA has 1-second integration time. AE43 data are 10-second moving averages. Partical sensor has 10-second time resolution.
UNCERTAINTY: -99999, -99999, -99999, 15 m, -99999, -99999, -99999, -99999, 1 ppb, 100 ppm, 0.2 ppb, -99999, -99999, 5 ppb, 0.1 ppm, 1 ppb, 100 ppm, -99999, -99999, -99999, -99999, 2 ppb, 0.3 ppb, -99999, -99999, -99999, 0.05 ppb, 0.05 ppb, 0.05 ppb, 10 ng/m3, 10 ng/m3, 10 ng/m3, 10 ng/m3, 10 ng/m3, 10 ng/m3, 10 ng/m3, 10 ng/m3, 0
ULOD_FLAG: -77777
ULOD_VALUE: N/A
LLOD_FLAG: -88888
LLOD_VALUE: N/A
DM_CONTACT_INFO: Jiayang Sun; University of Maryland; jiayangs@umd.edu
PROJECT_INFO: USOS July - Aug 2024 https://deq.utah.gov/air-quality/utah-summer-ozone-study-usos
STIPULATIONS_ON_USE: Use of these data requires prior ok from PI.
OTHER_COMMENTS: N/A
REVISION: RA
RA: Preliminary Data for in-field use only.
StartTime_seconds, lat_DGPS_deg, lon_DGPS_deg, alt_msl_m, speed_km_h, RH, true_WS_m_s, true_WD_deg, CH4_aeris313_ppm, H2O_aeris313_ppm, C2H6_aeris313_ppb, r_aeris313, C2C1_aeris313, CO_g2401m_ppm, CO2_g2401m_ppm, CH4_g2401m_ppm, H2O_g2401m, delta13C_CH4_raw, delta13C_CO2_raw, CH4_g2201i_ppm, CO2_g2201i_ppm, NH3_g2301_ppb, O3_2B_ppm, NO_G60_ppb, NO2_G60_ppb, NOx_G60_ppb, NO_N500_ppb, NO2_N500_ppb, NOx_N500_ppb, BC370_AE43_ng_m3, BC470_AE43_ng_m3, BC520_AE43_ng_m3, BC590_AE43_ng_m3, BC660_AE43_ng_m3, BC880_AE43_ng_m3, BC950_AE43_ng_m3, PM25, PM10, Valve
[from data line 4869]
4869.0, 40.78066712016666, -111.94099585516666, 1291.56, 0.02, 18.0, -99999.0, -99999.0, -3.70157, 9613.53, -50.0991, 1.0, 0.00990879, 0.14313144498, 428.50184401, 1.96491401545, 1.30187410525, -59.508286798, -6.43599808325, 1.9282877852320002, 429.23589890075, -99999.0, -99999.0, 25.15, 0.67, 25.82, 0.0, 0.676, 0.676, 215.0, 324.0, 5.0, -107.0, 97.0, 130.0, 189.0, 1.71, 4.57, 0.0
4870.0, 40.780667016500004, -111.94099587783333, 1291.573, 0.1, 18.0, -99999.0, -99999.0, -3.70157, 9613.53, -50.099, 1.0, 0.0099088, 0.14313662236, 428.90512417499997, 1.9653398523, 1.3044310468, -99999.0, -99999.0, -99999.0, -99999.0, -99999.0, -99999.0, 25.1, 0.69, 25.79, 0.0, 0.676, 0.676, 338.0, -20.0, 412.0, 96.0, 343.0, 283.0, -115.0, -99999.0, -99999.0, 0.0
4871.0, 40.78066697883333, -111.94099593466666, 1291.577, 0.08, 18.0, -99999.0, -99999.0, -3.70156, 9613.53, -50.099, 1.0, 0.00990881, 0.1551657378, 429.28465081, 1.9653398523, 1.3044310468, -54.620943405, -6.8423671604, 1.922095907591, 429.2339604587, -99999.0, 60.4, 25.06, 0.71, 25.78, -0.73, 0.676, -0.051, 308.0, 537.0, 71.0, 251.0, 220.0, 46.0, 533.0, -99999.0, -99999.0, 0.0
4872.0, 40.78066686333333, -111.94099595950001, 1291.592, 0.11, 18.0, -99999.0, -99999.0, -3.70156, 9613.53, -50.099, 1.0, 0.00990881, 0.155166510805, 429.29867471, 1.9662126921, 1.3034722511, -54.620943405, -6.8423671604, 1.922095907591, 429.2339604587, -99999.0, -99999.0, 25.05, 0.76, 25.8, -0.73, 0.676, -0.051, 156.0, 71.0, 244.0, 56.0, 181.0, 245.0, 353.0, 1.68, 6.3, 0.0
4873.0, 40.78066680399999, -111.94099598983333, 1291.6, 0.09, 18.0, -99999.0, -99999.0, -3.70157, 9613.53, -50.0991, 1.0, 0.00990882, 0.15516728381, 429.51505847, 1.9662126921, 1.3034722511, -54.620943405, -6.82258532635, 1.922095907591, 429.46522995199996, -99999.0, 59.9, 25.03, 0.79, 25.82, -0.73, 0.676, -0.051, 127.0, 400.0, 141.0, 256.0, -19.0, 54.0, 252.0, -99999.0, -99999.0, 0.0
4874.0, 40.7806666545, -111.94099601483335, 1291.619, 0.03, 18.0, -99999.0, -99999.0, -3.70157, 9613.53, -50.0991, 1.0, 0.00990882, 0.15150623251, 429.51027890499995, 1.9659002768, 1.3025361535000002, -99999.0, -99999.0, -99999.0, -99999.0, -99999.0, -99999.0, 25.02, 0.81, 25.83, -0.73, 0.676, -0.051, 372.0, 253.0, 239.0, 349.0, 155.0, 237.0, 879.0, 2.31, 2.89, 0.0
4875.0, 40.78066654616668, -111.94099605183334, 1291.639, 0.09, 18.0, -99999.0, -99999.0, -3.70157, 9613.53, -50.0991, 1.0, 0.00990882, 0.15150729726, 429.58727059, 1.9655878615, 1.3016000559, -55.833927573, -6.8028034923, 1.926827955148, 429.4653243652, -99999.0, 60.2, 25.02, 0.84, 25.87, -0.73, 0.676, -0.051, 342.0, 527.0, 33.0, 282.0, 304.0, 130.0, 242.0, -99999.0, -99999.0, 0.0
4876.0, 40.78066641866668, -111.940996119, 1291.657, 0.05, 18.1, -99999.0, -99999.0, -3.70156, 9613.53, -50.099, 1.0, 0.00990882, 0.15823673237, 429.66904184, 1.9655878615, 1.3016000559, -55.833927573, -6.8028034923, 1.926827955148, 429.4653243652, -99999.0, 60.1, 25.04, 0.86, 25.9, -0.73, 0.676, -0.051, 338.0, 329.0, 467.0, 315.0, 240.0, 280.0, 98.0, 1.49, 3.98, 0.0
4877.0, 40.78066631633334, -111.94099616233333, 1291.67, 0.18, 18.1, -99999.0, -99999.0, -3.70156, 9613.53, -50.099, 1.0, 0.00990882, 0.15823669002000001, 429.67102521, 1.9656314946, 1.304059466, -55.833927573, -6.937056978999999, 1.926827955148, 429.93899485355, -99999.0, -99999.0, 25.07, 0.92, 25.99, -0.73, 0.676, -0.051, 258.0, 400.0, 380.0, 450.0, 505.0, 429.0, 255.0, -99999.0, -99999.0, 0.0
4878.0, 40.78066613883333, -111.94099620016665, 1291.698, 0.16, 18.1, -99999.0, -99999.0, -3.70156, 9613.53, -50.099, 1.0, 0.00990883, 0.15823664767, 429.67039748, 1.9656314946, 1.304059466, -99999.0, -99999.0, -99999.0, -99999.0, -99999.0, -99999.0, 25.13, 0.94, 26.08, -0.73, 0.676, -0.051, 397.0, 355.0, 228.0, 284.0, 278.0, 318.0, 468.0, -99999.0, -99999.0, 0.0
4879.0, 40.78066606983333, -111.94099623133334, 1291.712, 0.16, 18.1, -99999.0, -99999.0, -3.70156, 9613.53, -50.099, 1.0, 0.00990883, 0.14009955541, 429.67693766, 1.9658767843, 1.3047659084999998, -64.880054246, -7.0713104657, 1.937796505863, 429.9383533915, -99999.0, 59.3, 25.18, 0.96, 26.13, -0.73, 0.676, -0.051, -93.0, 329.0, 141.0, 93.0, 84.0, -138.0, 96.0, 1.56, 2.14, 0.0
4880.0, 40.78066600066666, -111.94099624616668, 1291.727, 0.07, 18.1, -99999.0, -99999.0, -3.70155, 9613.53, -50.0989, 1.0, 0.00990883, 0.1401012898, 429.806482095, 1.966122074, 1.305472351, -64.880054246, -7.0713104657, 1.937796505863, 429.9383533915, -99999.0, 57.7, 25.2, 1.0, 26.2, -0.73, 0.676, -0.051, 553.0, 517.0, 326.0, 324.0, 337.0, 184.0, 41.0, -99999.0, -99999.0, 0.0
4881.0, 40.78066594416667, -111.94099627733334, 1291.738, 0.14, 18.1, -99999.0, -99999.0, -3.70155, 9613.53, -50.0989, 1.0, 0.00990884, 0.14353356418, 429.92948635, 1.966122074, 1.305472351, -64.880054246, -6.68420237425, 1.937796505863, 429.7409429143, -99999.0, -99999.0, 25.15, 1.02, 26.18, -0.73, 0.676, -0.051, 215.0, 284.0, 239.0, 256.0, 45.0, 115.0, 222.0, 2.53, 3.48, 0.0
4882.0, 40.78066583483333, -111.94099630066667, 1291.757, 0.06, 18.1, -99999.0, -99999.0, -3.70156, 9613.53, -50.0989, 1.0, 0.00990884, 0.14353491409, 429.93749753, 1.9661406302, 1.3064296541, -54.931150758, -6.2970942828, 1.91967839996, 429.74279165629997, -99999.0, -99999.0, 25.16, 1.03, 26.19, -0.73, 0.676, -0.051, 279.0, 76.0, 244.0, -160.0, 201.0, -99999.0, -346.0, -99999.0, -99999.0, 0.0
4883.0, 40.78066574699999, -111.9409963565, 1291.772, 0.2, 18.1, -99999.0, -99999.0, -3.70155, 9613.53, -50.0989, 1.0, 0.00990885, 0.143536264, 430.38020167, 1.9661406302, 1.3064296541, -99999.0, -99999.0, -99999.0, -99999.0, -99999.0, 56.8, 25.16, 1.07, 26.23, -0.73, 0.676, -0.051, 182.0, 233.0, -54.0, 324.0, 104.0, 34.0, 272.0, -99999.0, -99999.0, 0.0
4884.0, 40.78066563949999, -111.94099639266666, 1291.792, 0.06, 18.1, -99999.0, -99999.0, -3.70155, 9613.53, -50.0989, 1.0, 0.00990885, 0.15308772497, 430.38020167, 1.9661406302, 1.3064296541, -54.931150758, -6.2970942828, 1.91967839996, 429.9534778252, -99999.0, -99999.0, 25.15, 1.1, 26.25, -0.73, 0.676, -0.051, -99999.0, 137.0, 342.0, 228.0, 401.0, 513.0, 316.0, 2.58, 2.58, 0.0
4885.0, 40.78066550833333, -111.94099644199999, 1291.812, 0.16, 18.1, -99999.0, -99999.0, -3.70155, 9613.53, -50.0989, 1.0, 0.00990885, 0.15308959930333335, 430.4825278733333, 1.9660396288, 1.3055609286, -54.931150758, -7.1186926506, 1.91967839996, 430.160236376, -99999.0, 56.2, 25.24, 1.11, 26.36, -0.73, 0.676, -0.051, 118.0, 20.0, 250.0, 160.0, 84.0, 421.0, 168.0, -99999.0, -99999.0, 0.0
4886.0, 40.78066544633334, -111.9409964855, 1291.82, 0.12, 18.1, -99999.0, -99999.0, -3.70156, 9613.53, -50.099, 1.0, 0.00990885, 0.13814052745, 430.68658088, 1.9660396288, 1.3055609286, -57.402355284, -7.1186926506, 1.928084524924, 430.160236376, -99999.0, -99999.0, 25.33, 1.15, 26.48, -0.73, 0.676, -0.051, 279.0, 431.0, 434.0, -3.0, 162.0, -8.0, 91.0, 2.52, 4.65, 0.0
4887.0, 40.78066538483333, -111.94099653733335, 1291.831, 0.06, 18.1, -99999.0, -99999.0, -3.70155, 9613.53, -50.0988, 1.0, 0.00990887, 0.13814006579, 430.68882362, 1.9657348965, 1.3070920492, -99999.0, -99999.0, -99999.0, -99999.0, -99999.0, 55.9, 25.33, 1.19, 26.52, -0.73, 0.676, -0.051, 182.0, 61.0, 217.0, 386.0, 162.0, 709.0, 139.0, -99999.0, -99999.0, 0.0
4888.0, 40.78066533683334, -111.94099661016665, 1291.835, 0.09, 18.1, -99999.0, -99999.0, -3.70155, 9613.53, -50.0989, 1.0, 0.00990888, 0.13813960413, 430.62722358, 1.9657348965, 1.3070920492, -57.402355284, -7.1186926506, 1.928084524924, 430.68952898145, -99999.0, -99999.0, 25.37, 1.23, 26.61, -0.73, 0.676, -0.051, 93.0, 188.0, 185.0, 445.0, 123.0, 188.0, -74.0, -99999.0, -99999.0, 0.0
4889.0, 40.780665260166664, -111.94099664683333, 1291.845, 0.12, 18.2, -99999.0, -99999.0, -3.70156, 9613.53, -50.099, 1.0, 0.00990888, 0.1510407811, 430.62722358, 1.9657348965, 1.3070920492, -57.402355284, -8.1395716557, 1.928084524924, 431.2139293058, -99999.0, 58.5, 25.37, 1.26, 26.63, -0.73, 0.676, -0.051, 304.0, 101.0, 168.0, 251.0, 97.0, 100.0, 259.0, 2.12, 15.41, 0.0
4890.0, 40.78066518783333, -111.940996655, 1291.854, 0.09, 18.2, -99999.0, -99999.0, -3.70156, 9613.53, -50.0989, 1.0, 0.00990889, 0.1510398077, 430.54239385333335, 1.9652751472, 1.3023348581, -46.240926711, -8.1395716557, 1.910022577533, 431.2139293058, -99999.0, -99999.0, 25.42, 1.31, 26.73, -0.73, 0.676, -0.051, 93.0, 507.0, 125.0, 315.0, 240.0, 161.0, 161.0, -99999.0, -99999.0, 0.0
4891.0, 40.78066512666666, -111.94099671999999, 1291.864, 0.16, 18.2, -99999.0, -99999.0, -3.70156, 9613.53, -50.099, 1.0, 0.00990889, 0.14378076771, 430.39457922, 1.9652751472, 1.3023348581, -99999.0, -99999.0, -99999.0, -99999.0, -99999.0, 61.2, 25.47, 1.31, 26.78, -0.73, 0.676, -0.051, 304.0, 380.0, 396.0, 284.0, 123.0, 551.0, -128.0, 2.35, 2.93, 0.0
4892.0, 40.78066509916667, -111.94099674766667, 1291.873, 0.19, 18.2, -99999.0, -99999.0, -3.70156, 9613.53, -50.0989, 1.0, 0.00990889, 0.143778057135, 430.36598494, 1.9653002433, 1.2986405201, -46.240926711, -8.1395716557, 1.910022577533, 431.90794673385, -99999.0, -99999.0, 25.52, 1.33, 26.85, -0.73, 0.676, -0.051, 431.0, 299.0, 336.0, 25.0, 317.0, 84.0, 218.0, -99999.0, -99999.0, 0.0
4893.0, 40.78066505666667, -111.94099676866666, 1291.875, 0.02, 18.2, -99999.0, -99999.0, -3.70155, 9613.53, -50.0989, 1.0, 0.0099089, 0.14377534656, 429.5515243, 1.9653002433, 1.2986405201, -46.240926711, -7.618663988, 1.910022577533, 432.6044685036, -99999.0, 61.3, 25.55, 1.35, 26.9, -0.73, 0.676, -0.051, 127.0, 223.0, -49.0, 287.0, 609.0, 46.0, 329.0, -99999.0, -99999.0, 0.0
4894.0, 40.780665064999994, -111.94099679033334, 1291.877, 0.08, 18.2, -99999.0, -99999.0, -3.70156, 9613.53, -50.099, 1.0, 0.0099089, 0.15005849531, 429.5515243, 1.9653002433, 1.2986405201, -49.818127432, -7.618663988, 1.922267999021, 432.6044685036, -99999.0, -99999.0, 25.63, 1.36, 26.99, -0.828, 0.801, -0.031, 245.0, 294.0, -22.0, 253.0, 201.0, 203.0, 148.0, 2.31, 2.89, 0.0
4895.0, 40.7806650865, -111.94099684100001, 1291.876, 0.04, 18.2, -99999.0, -99999.0, -3.70156, 9613.53, -50.099, 1.0, 0.0099089, 0.15005913174500002, 429.55720921, 1.9653847358, 1.3040185762, -99999.0, -99999.0, -99999.0, -99999.0, -99999.0, 63.1, 25.63, 1.37, 27.0, -0.828, 0.801, -0.031, 274.0, 456.0, 385.0, 355.0, 324.0, 77.0, 202.0, -99999.0, -99999.0, 0.0
4896.0, 40.78066514266666, -111.94099687566668, 1291.867, 0.09, 18.2, -99999.0, -99999.0, -3.70156, 9613.53, -50.099, 1.0, 0.00990891, 0.150313373455, 429.76769926, 1.9653847358, 1.3040185762, -49.818127432, -7.618663988, 1.922267999021, 432.91248133425, -99999.0, -99999.0, 25.69, 1.38, 27.07, -0.828, 0.801, -0.031, 465.0, 218.0, 423.0, -6.0, 324.0, 437.0, 555.0, -99999.0, -99999.0, 0.0
4897.0, 40.78066514049999, -111.94099691933334, 1291.869, 0.02, 18.2, -99999.0, -99999.0, -3.70156, 9613.53, -50.099, 1.0, 0.00990892, 0.15056697873, 429.89082937, 1.9656038898, 1.3350901542, -49.818127432, -6.3410631054, 1.922267999021, 433.2266451693, -99999.0, 65.8, 25.71, 1.37, 27.08, -0.828, 0.801, -0.031, 274.0, 253.0, 331.0, 324.0, 363.0, 318.0, 91.0, 2.3, 3.83, 0.0
4898.0, 40.78066511533333, -111.94099696650001, 1291.876, 0.19, 18.2, -99999.0, -99999.0, -3.70156, 9613.53, -50.099, 1.0, 0.00990892, 0.15059386862, 431.77733290000003, 1.9656038898, 1.3350901542, -50.609930556, -6.3410631054, 1.919973465888, 433.2266451693, -99999.0, -99999.0, 25.78, 1.38, 27.16, -0.828, 0.801, -0.031, 152.0, 253.0, 141.0, 127.0, 123.0, 92.0, 472.0, -99999.0, -99999.0, 0.0
4899.0, 40.780665024166666, -111.94099698916668, 1291.896, 0.06, 18.2, -99999.0, -99999.0, -3.70156, 9613.53, -50.099, 1.0, 0.00990892, 0.15239824208, 433.66383643, 1.9656038898, 1.3350901542, -99999.0, -99999.0, -99999.0, -99999.0, -99999.0, 63.9, 25.81, 1.38, 27.19, -0.828, 0.801, -0.031, 63.0, 147.0, 174.0, 290.0, 220.0, 318.0, 159.0, 2.42, 3.88, 0.0
4900.0, 40.780664919500005, -111.94099700516666, 1291.912, 0.23, 18.3, -99999.0, -99999.0, -3.70157, 9613.53, -50.099, 1.0, 0.00990892, 0.15242709312, 433.84026977, 1.9656612396, 1.3557379204, -50.609930556, -6.3410631054, 1.919973465888, 433.60510869175005, -99999.0, -99999.0, 25.77, 1.39, 27.16, -0.828, 0.801, -0.031, 304.0, 258.0, 76.0, 197.0, 324.0, -46.0, 394.0, -99999.0, -99999.0, 0.0
4901.0, 40.780664830333336, -111.94099703949999, 1291.927, 0.05, 18.3, -99999.0, -99999.0, -3.70157, 9613.53, -50.0991, 1.0, 0.00990892, 0.15245594416, 441.73862857, 1.9656612396, 1.3557379204, -50.609930556, -6.7596852714, 1.919973465888, 433.98155323810005, -99999.0, 58.4, 25.81, 1.38, 27.19, -0.828, 0.801, -0.031, 342.0, 193.0, 326.0, 158.0, -97.0, 31.0, 346.0, -99999.0, -99999.0, 0.0
4902.0, 40.7806647765, -111.94099705100001, 1291.94, 0.27, 18.3, -99999.0, -99999.0, -3.70156, 9613.53, -50.099, 1.0, 0.00990892, 0.15616451366, 441.7908557, 1.9654832837999998, 1.3604421035, -54.899604422, -6.7596852714, 1.925206113905, 433.98155323810005, -99999.0, -99999.0, 25.82, 1.38, 27.2, -0.828, 0.801, -0.031, 274.0, 340.0, -99999.0, 349.0, 240.0, 280.0, 494.0, 1.91, 1.91, 0.0
4903.0, 40.780664678666675, -111.94099704983334, 1291.956, 0.08, 18.4, -99999.0, -99999.0, -3.70156, 9613.53, -50.099, 1.0, 0.00990892, 0.15614454141, 440.50230345, 1.965305328, 1.3651462866, -99999.0, -99999.0, -99999.0, -99999.0, -99999.0, 56.3, 25.9, 1.37, 27.27, -0.828, 0.801, -0.031, 283.0, 177.0, 402.0, 220.0, 19.0, 119.0, 276.0, -99999.0, -99999.0, 0.0
4904.0, 40.78066456683333, -111.94099704166668, 1291.977, 0.05, 18.5, -99999.0, -99999.0, -3.70157, 9613.53, -50.0991, 1.0, 0.00990892, 0.15678900006, 439.16152407, 1.965305328, 1.3651462866, -54.899604422, -6.7596852714, 1.925206113905, 434.1866100184, -99999.0, -99999.0, 25.89, 1.37, 27.26, -0.828, 0.801, -0.031, 186.0, 248.0, 114.0, 93.0, 278.0, 84.0, 172.0, 2.73, 2.73, 0.0
4905.0, 40.780664411000004, -111.94099701566665, 1291.996, 0.17, 18.5, -99999.0, -99999.0, -3.70157, 9613.53, -50.0991, 1.0, 0.00990892, 0.156781407485, 439.22222555, 1.9658566537, 1.373308214, -54.899604422, -6.5455837504, 1.925206113905, 434.3927003664, -99999.0, 57.4, 25.93, 1.36, 27.29, -0.828, 0.801, -0.031, 156.0, 253.0, 168.0, 183.0, -39.0, 245.0, 694.0, -99999.0, -99999.0, 0.0
4906.0, 40.78066428916666, -111.94099703183335, 1292.024, 0.13, 18.6, -99999.0, -99999.0, -3.70158, 9613.53, -50.0992, 1.0, 0.00990891, 0.15677381491, 437.19526573, 1.9658566537, 1.373308214, -58.205665768, -6.5455837504, 1.9315954420419998, 434.3927003664, -99999.0, -99999.0, 25.92, 1.34, 27.27, -0.828, 0.801, -0.031, 494.0, 248.0, 228.0, 315.0, 363.0, 280.0, -265.0, -99999.0, -99999.0, 0.0
4907.0, 40.78066412616666, -111.94099702999999, 1292.056, 0.16, 18.7, -99999.0, -99999.0, -3.70158, 9613.53, -50.0992, 1.0, 0.00990891, 0.1534346143, 437.263356735, 1.966130761, 1.3890273805, -58.205665768, -6.5455837504, 1.9315954420419998, 434.3927003664, -99999.0, 58.3, 25.89, 1.35, 27.24, -0.828, 0.801, -0.031, 460.0, 471.0, 472.0, -39.0, 363.0, 226.0, 213.0, 2.1, 6.61, 0.0
4908.0, 40.78066398533333, -111.94099703716665, 1292.082, 0.19, 18.8, -99999.0, -99999.0, -3.70159, 9613.53, -50.0993, 1.0, 0.00990889, 0.15342100055, 436.46229862999996, 1.9664048683, 1.404746547, -58.205665768, -6.5455837504, 1.9315954420419998, 434.1126030818, -99999.0, 59.0, 25.9, 1.33, 27.23, -0.828, 0.801, -0.031, 63.0, 279.0, 695.0, 504.0, 240.0, 329.0, -100.0, -99999.0, -99999.0, 0.0
4909.0, 40.78066378866667, -111.94099704833334, 1292.119, 0.12, 18.9, -99999.0, -99999.0, -3.7016, 9613.53, -50.0994, 1.0, 0.00990887, 0.15482291798, 435.59314952, 1.9664048683, 1.404746547, -58.205665768, -6.8923600527, 1.9315954420419998, 434.11093011059995, -99999.0, -99999.0, 25.83, 1.34, 27.17, -0.828, 0.801, -0.031, 34.0, 486.0, 65.0, 349.0, 220.0, 548.0, -300.0, 1.8, 7.1, 0.0
