arc_raw/USOS-ARL-Suite_ARC_20240725_RA.ict
71,1001
Xinrong Ren
NOAA Air Resources Lab
ARC-Suite
USOS: Utah Summer Ozone Study
1,1
2024,07,25,2024,07,25
1
StartTime_seconds, seconds, Start time in UTC seconds since midnight
38
1,1,1,1,1,1,1,1,1,1,1,1,1,1,1,1,1,1,1,1,1,1,1,1,1,1,1,1,1,1,1,1,1,1,1,1,1,1
-99999,-99999,-99999,-99999,-99999,-99999,-99999,-99999,-99999,-99999,-99999,-99999,-99999,-99999,-99999,-99999,-99999,-99999,-99999,-99999,-99999,-99999,-99999,-99999,-99999,-99999,-99999,-99999,-99999,-99999,-99999,-99999,-99999,-99999,-99999,-99999,-99999,-99999
lat_DGPS_deg, degrees, Latitude in decimal by Hemisphere VS1100 Differential GPS
lon_DGPS_deg, degrees, Longitude in decimal by Hemisphere VS1100 Differential GPS
alt_msl_m, meters, GPS Altitude MSL
speed_km_h, km/s, vehicle speed
RH, percent, relative humidity
true_WS_m_s, m/s, wind speed by 2D sonic sensor
true_WD_deg, degree, wind direction by 2D sonic sensor
CH4_aeris313_ppm, ppm, CH4 mixing ratio by Aeris
H2O_aeris313_ppm, ppm, H2O mixing ratio by Aeris
C2H6_aeris313_ppb, ppb, C2H6 mixing ratio by Aeris
r_aeris313, 1, relavence between CH4 and C2H6 by Aeris
C2C1_aeris313, 1, C2H6 to CH4 ratio by Aeris
CO_g2401m_ppm, ppm, CO mixing ratio by Picarro G2401m
CO2_g2401m_ppm, ppm, CO2 mixing ratio by Picarro G2401m
CH4_g2401m_ppm, ppm, CH4 mixing ratio by Picarro G2401m
H2O_g2401m, ppm, H2O mixing ratio by Picarro G2401m
delta13C_CH4_raw, permill, delta 13C of CH4 by Picarro G2201i
delta13C_CO2_raw, permill, delta 13C of CO2 by Picarro G2201i
CH4_g2201i_ppm, ppm, CH4 mixing ratio by Picarro G2201i
CO2_g2201i_ppm, ppm, CO2 mixing ratio by Picarro G2201i
NH3_g2301_ppb, ppb, NH3 mixing ratio by Picarro G2301
O3_2B_ppm, ppm, O3 mixing ratio by 2B
NO_G60_ppb, ppb, NO mixing ratio by G60
NO2_G60_ppb, ppb, NO2 mixing ratio by G60
NOx_G60_ppb, ppb, NOx mixing ratio by G60
NO_N500_ppb, ppb, NO mixing ratio by N500
NO2_N500_ppb, ppb, NO2 mixing ratio by N500
NOx_N500_ppb, ppb, NOx mixing ratio by N500
BC370_AE43_ng_m3, ng/m3, Black Carbon at 370 nm by AE43
BC470_AE43_ng_m3, ng/m3, Black Carbon at 470 nm by AE43
BC520_AE43_ng_m3, ng/m3, Black Carbon at 520 nm by AE43
BC590_AE43_ng_m3, ng/m3, Black Carbon at 590 nm by AE43
BC660_AE43_ng_m3, ng/m3, Black Carbon at 660 nm by AE43
BC880_AE43_ng_m3, ng/m3, Black Carbon at 880 nm by AE43
BC950_AE43_ng_m3, ng/m3, Black Carbon at 950 nm by AE43
PM25, ug/m3, PM2.5 by particle sensor
PM10, ug/m3, PM10 by particle sensor
Valve, boolian, indicator of valve conditions;0 is measurement; 10 is zeroing; 11 is spanning
1
SPECIAL COMMENTS, N/A
18
PI_CONTACT_INFO: xinrong.ren@noaa.gov, 301-683-1391, NOAA/ARL, 5830 University Research Court, College Park, MD 20740
PLATFORM: NOAA Air Resources Car
LOCATION: Salt Lake City
ASSOCIATED_DATA: N/A
INSTRUMENT_INFO: Hemisphere VS1100 differential GPS (Latitude, Longitude, GPS Altitude, speed), meteorological sensor (RH, WS, WD), 2B (O3), G60 CRDS (NO-NOx), Teledyne N500 (NO-NOx), Picarro G2401-m (CO2, CH4, CO, H2O), Picarro G2201i (CO2, CH4, d13C_CO2, d13C_CH4, H2O), Picarro 2301 (NH3), Aeris Ultra MIRA (CH4, C2H6, H2O, r, C2/C1), AE43 (Black Carbon), Partical sensor (PM2.5, PM10)
DATA_INFO: Records are reported at 1-second intervals. Hemisphere VS1100 differential GPS has 1-second ntervals. 2B O3 values are reported 2-second averages. G60 Cavity Rong Down NO-NO2-NO2 has 1-second average. Teledyne CAPS NO2 analyzer has 10-second time resolution. Picarro 2401m (CO2, CH4, CO, H2O) data has 2.5-second time resolution. Picarro 2201i (isotope) has ~5 second time resolution. Aeris Ultra MIRA has 1-second integration time. AE43 data are 10-second moving averages. Partical sensor has 10-second time resolution.
UNCERTAINTY: -99999, -99999, -99999, 15 m, -99999, -99999, -99999, -99999, 1 ppb, 100 ppm, 0.2 ppb, -99999, -99999, 5 ppb, 0.1 ppm, 1 ppb, 100 ppm, -99999, -99999, -99999, -99999, 2 ppb, 0.3 ppb, -99999, -99999, -99999, 0.05 ppb, 0.05 ppb, 0.05 ppb, 10 ng/m3, 10 ng/m3, 10 ng/m3, 10 ng/m3, 10 ng/m3, 10 ng/m3, 10 ng/m3, 10 ng/m3, 0
ULOD_FLAG: -77777
ULOD_VALUE: N/A
LLOD_FLAG: -88888
LLOD_VALUE: N/A
DM_CONTACT_INFO: Jiayang Sun; University of Maryland; jiayangs@umd.edu
PROJECT_INFO: USOS July - Aug 2024 https://deq.utah.gov/air-quality/utah-summer-ozone-study-usos
STIPULATIONS_ON_USE: Use of these data requires prior ok from PI.
OTHER_COMMENTS: N/A
REVISION: RA
RA: Preliminary Data for in-field use only.
StartTime_seconds, lat_DGPS_deg, lon_DGPS_deg, alt_msl_m, speed_km_h, RH, true_WS_m_s, true_WD_deg, CH4_aeris313_ppm, H2O_aeris313_ppm, C2H6_aeris313_ppb, r_aeris313, C2C1_aeris313, CO_g2401m_ppm, CO2_g2401m_ppm, CH4_g2401m_ppm, H2O_g2401m, delta13C_CH4_raw, delta13C_CO2_raw, CH4_g2201i_ppm, CO2_g2201i_ppm, NH3_g2301_ppb, O3_2B_ppm, NO_G60_ppb, NO2_G60_ppb, NOx_G60_ppb, NO_N500_ppb, NO2_N500_ppb, NOx_N500_ppb, BC370_AE43_ng_m3, BC470_AE43_ng_m3, BC520_AE43_ng_m3, BC590_AE43_ng_m3, BC660_AE43_ng_m3, BC880_AE43_ng_m3, BC950_AE43_ng_m3, PM25, PM10, Valve
[from data line 3707]
11245.0, 40.780702569, -111.94097861849998, 1289.219, 0.23, 23.0, -99999.0, -99999.0, -3.7013, 9613.54, -50.0964, 1.0, 0.00991006, 0.276309618735, 466.85787568, 2.2089170396, 1.5029131519, -50.813481137, -9.0675159202, 2.145553382716, 463.4649095387, -99999.0, -99999.0, 26.12, 10.59, 36.71, -0.664, 10.125, 9.438, 767.0, 667.0, 742.0, 708.0, 698.0, 650.0, 515.0, 7.76, 11.68, 0.0
11246.0, 40.780702597166666, -111.94097868583334, 1289.219, 0.11, 22.9, -99999.0, -99999.0, -3.7013, 9613.54, -50.0964, 1.0, 0.00991006, 0.27630371667, 465.55049251, 2.2089170396, 1.5029131519, -99999.0, -99999.0, -99999.0, -99999.0, -99999.0, 40.5, 26.11, 10.59, 36.69, -0.664, 10.125, 9.438, 762.0, 900.0, 662.0, 362.0, 684.0, 537.0, 425.0, 8.19, 11.47, 0.0
11247.0, 40.780702597, -111.94097875450001, 1289.219, 0.19, 22.9, -99999.0, -99999.0, -3.7013, 9613.54, -50.0964, 1.0, 0.00991007, 0.27693575817, 465.625236275, 2.2074331211500002, 1.51710903165, -50.813481137, -9.0675159202, 2.145553382716, 462.75122424305005, -99999.0, -99999.0, 26.12, 10.56, 36.68, -0.664, 10.125, 9.438, 862.0, 846.0, 640.0, 528.0, 524.0, 443.0, 354.0, 8.88, 13.78, 0.0
11248.0, 40.78070261883333, -111.94097879333334, 1289.209, 0.1, 22.9, -99999.0, -99999.0, -3.70131, 9613.54, -50.0965, 1.0, 0.00991008, 0.27692032238, 464.77241895500003, 2.2059492027, 1.5313049114, -50.813481137, -8.5052530395, 2.145553382716, 462.0404260719, -99999.0, 38.5, 26.18, 10.52, 36.7, -0.664, 10.125, 9.438, 900.0, 709.0, 788.0, 625.0, 510.0, 484.0, 209.0, 7.85, 11.11, 0.0
11249.0, 40.780702640499996, -111.94097882366665, 1289.203, 0.1, 22.9, -99999.0, -99999.0, -3.7013, 9613.54, -50.0965, 1.0, 0.00991009, 0.2780184826, 463.84485787, 2.2059492027, 1.5313049114, -52.986263847, -8.5052530395, 2.1486389249649998, 462.0404260719, -99999.0, -99999.0, 26.16, 10.49, 36.65, -0.664, 10.125, 9.438, 952.0, 600.0, 861.0, 491.0, 875.0, 762.0, 740.0, 8.85, 11.34, 0.0
11250.0, 40.78070267616667, -111.9409788635, 1289.193, 0.24, 22.9, -99999.0, -99999.0, -3.7013, 9613.54, -50.0964, 1.0, 0.00991009, 0.27801062277, 463.91388377, 2.2017932974, 1.5217912729, -99999.0, -99999.0, -99999.0, -99999.0, -99999.0, 35.6, 26.13, 10.45, 36.58, -0.664, 10.125, 9.438, 884.0, 873.0, 664.0, 672.0, 795.0, 573.0, 646.0, 8.49, 9.44, 0.0
11251.0, 40.780702698666666, -111.940978903, 1289.193, 0.06, 22.9, -99999.0, -99999.0, -3.7013, 9613.54, -50.0965, 1.0, 0.00991009, 0.27800276294, 462.1850871, 2.2017932974, 1.5217912729, -52.986263847, -8.5052530395, 2.1486389249649998, 461.28349418785, -99999.0, -99999.0, 26.16, 10.42, 36.58, -0.664, 10.125, 9.438, 989.0, 632.0, 689.0, 672.0, 795.0, 19.0, 370.0, 7.52, 10.57, 0.0
11252.0, 40.78070270966668, -111.94097887333334, 1289.189, 0.1, 22.9, -99999.0, -99999.0, -3.7013, 9613.54, -50.0964, 1.0, 0.00991009, 0.27435288973, 462.1850871, 2.2017932974, 1.5217912729, -52.986263847, -7.5183185844, 2.1486389249649998, 460.5316134405, -99999.0, 36.1, 26.11, 10.36, 36.47, -0.664, 10.125, 9.438, 752.0, 849.0, 666.0, 683.0, 726.0, 505.0, 448.0, 8.56, 13.52, 0.0
11253.0, 40.78070279383333, -111.94097891283333, 1289.189, 0.35, 22.9, -99999.0, -99999.0, -3.70131, 9613.54, -50.0965, 1.0, 0.00991008, 0.27434807402333333, 461.96604061, 2.1983028759, 1.5439230561, -51.400437242, -7.5183185844, 2.145957426451, 460.5316134405, -99999.0, -99999.0, 26.13, 10.31, 36.44, -0.664, 10.125, 9.438, 926.0, 729.0, 836.0, 528.0, 587.0, 842.0, 683.0, 8.7, 15.77, 0.0
11254.0, 40.78070283816667, -111.94097894299999, 1289.19, 0.09, 22.9, -99999.0, -99999.0, -3.7013, 9613.54, -50.0964, 1.0, 0.00991008, 0.27370498078, 461.43608621, 2.1983028759, 1.5439230561, -99999.0, -99999.0, -99999.0, -99999.0, -99999.0, 38.6, 26.14, 10.26, 36.4, -0.664, 10.125, 9.438, 1021.0, 875.0, 813.0, 741.0, 555.0, 195.0, 940.0, 8.12, 10.98, 0.0
11255.0, 40.78070291649999, -111.940978926, 1289.183, 0.1, 22.9, -99999.0, -99999.0, -3.70131, 9613.54, -50.0965, 1.0, 0.00991008, 0.27370498078, 461.47426973, 2.1959002423, 1.5322882576, -51.400437242, -7.5183185844, 2.145957426451, 460.24074033119996, -99999.0, -99999.0, 26.21, 10.23, 36.44, -0.664, 10.125, 9.438, 789.0, 817.0, 639.0, 588.0, 997.0, 369.0, 365.0, 8.23, 11.67, 0.0
11256.0, 40.780702997166664, -111.94097892850002, 1289.177, 0.1, 22.8, -99999.0, -99999.0, -3.7013, 9613.54, -50.0964, 1.0, 0.00991008, 0.27368915462, 460.62623408499996, 2.1959002423, 1.5322882576, -51.400437242, -7.8526100934, 2.145957426451, 459.94815847719997, -99999.0, 39.6, 26.24, 10.2, 36.44, -0.664, 10.125, 9.438, 874.0, 670.0, 712.0, 712.0, 674.0, 690.0, 696.0, 9.05, 16.06, 0.0
11257.0, 40.780703106833336, -111.94097894733335, 1289.171, 0.41, 22.7, -99999.0, -99999.0, -3.7013, 9613.54, -50.0964, 1.0, 0.00991008, 0.2732827236, 459.77819844, 2.1959002423, 1.5322882576, -57.59710446, -7.8526100934, 2.155148288637, 459.94815847719997, -99999.0, -99999.0, 26.27, 10.17, 36.44, -0.664, 10.125, 9.438, 858.0, 907.0, 689.0, 904.0, 510.0, 431.0, 308.0, 8.3, 15.27, 0.0
11258.0, 40.78070321850001, -111.940978911, 1289.164, 0.17, 22.6, -99999.0, -99999.0, -3.70131, 9613.54, -50.0965, 1.0, 0.00991008, 0.273269200045, 459.52271986, 2.1948037865, 1.4734166392, -57.59710446, -7.8526100934, 2.155148288637, 459.94815847719997, -99999.0, 40.5, 26.33, 10.13, 36.46, -0.664, 10.125, 9.438, 837.0, 750.0, 640.0, 596.0, 580.0, 484.0, 600.0, -99999.0, -99999.0, 0.0
11259.0, 40.7807032875, -111.94097888266667, 1289.153, 0.04, 22.5, -99999.0, -99999.0, -3.70132, 9613.54, -50.0966, 1.0, 0.00991007, 0.27325567649, 456.35009925, 2.1948037865, 1.4734166392, -57.59710446, -7.8526100934, 2.155148288637, 460.13974145680004, -99999.0, -99999.0, 26.33, 10.1, 36.43, -0.664, 10.125, 9.438, 857.0, 804.0, 617.0, 568.0, 608.0, 978.0, 811.0, 7.93, 10.92, 0.0
11260.0, 40.78070337483334, -111.94097887816666, 1289.146, 0.21, 22.5, -99999.0, -99999.0, -3.70132, 9613.54, -50.0966, 1.0, 0.00991007, 0.27685629215, 456.2304748, 2.1948775764, 1.4695353240000002, -57.59710446, -10.5968533, 2.155148288637, 460.1257083021, -99999.0, 40.8, 26.35, 10.01, 36.36, -0.664, 10.125, 9.438, 821.0, 675.0, 637.0, 583.0, 594.0, 681.0, 126.0, 7.17, 8.12, 0.0
11261.0, 40.780703447, -111.94097884666665, 1289.14, 0.18, 22.4, -99999.0, -99999.0, -3.70132, 9613.54, -50.0966, 1.0, 0.00991006, 0.27685578444, 456.04702901999997, 2.1949513663, 1.4656540088, -57.724465338, -10.5968533, 2.161130722255, 460.1257083021, -99999.0, -99999.0, 26.3, 9.96, 36.26, -0.664, 10.125, 9.438, 752.0, 693.0, 517.0, 658.0, 816.0, 11.0, 669.0, 8.215, 12.375, 0.0
11262.0, 40.780703517999996, -111.9409788415, 1289.142, 0.21, 22.4, -99999.0, -99999.0, -3.70132, 9613.54, -50.0966, 1.0, 0.00991006, 0.27309683898, 455.98320769, 2.1949513663, 1.4656540088, -57.724465338, -10.5968533, 2.161130722255, 460.1257083021, -99999.0, 40.0, 26.27, 9.94, 36.21, -0.664, 10.125, 9.438, 869.0, 672.0, 593.0, 708.0, 444.0, 720.0, 276.0, -99999.0, -99999.0, 0.0
11263.0, 40.780703583833336, -111.940978823, 1289.138, 0.13, 22.4, -99999.0, -99999.0, -3.70132, 9613.54, -50.0966, 1.0, 0.00991006, 0.273099505045, 456.03573504, 2.1946269694, 1.4880510354, -57.724465338, -10.5968533, 2.161130722255, 459.0787418677, -99999.0, -99999.0, 26.23, 9.88, 36.11, -0.664, 10.125, 9.438, 937.0, 605.0, 763.0, 640.0, 431.0, 680.0, 576.0, 9.17, 9.17, 0.0
11264.0, 40.780703678333325, -111.9409788205, 1289.132, 0.07, 22.4, -99999.0, -99999.0, -3.70131, 9613.54, -50.0966, 1.0, 0.00991006, 0.27310217111, 456.68576502, 2.1946269694, 1.4880510354, -57.724465338, -8.5692157934, 2.161130722255, 459.0890869445, -99999.0, 40.7, 26.24, 9.85, 36.09, -0.664, 10.125, 9.438, 895.0, 931.0, 690.0, 445.0, 632.0, 534.0, 645.0, 8.56, 15.19, 0.0
11265.0, 40.78070370183333, -111.94097881466665, 1289.13, 0.18, 22.4, -99999.0, -99999.0, -3.70131, 9613.54, -50.0965, 1.0, 0.00991006, 0.27545659366, 456.68576502, 2.1946269694, 1.4880510354, -55.638163743, -8.5692157934, 2.152587252365, 459.0890869445, -99999.0, -99999.0, 26.2, 9.81, 36.01, -0.664, 10.125, 9.438, 1005.0, 751.0, 641.0, 391.0, 618.0, 555.0, 680.0, 8.79, 12.96, 0.0
11266.0, 40.78070372416666, -111.94097878466667, 1289.119, 0.07, 22.4, -99999.0, -99999.0, -3.70132, 9613.54, -50.0966, 1.0, 0.00991005, 0.27545604422000003, 456.74084479666664, 2.1949825154, 1.4851290100000003, -55.638163743, -8.5692157934, 2.152587252365, 459.0890869445, -99999.0, 42.5, 26.19, 9.77, 35.96, -0.664, 10.125, 9.438, 895.0, 761.0, 740.0, 849.0, 442.0, 578.0, 301.0, 9.14, 33.96, 0.0
11267.0, 40.78070378116667, -111.94097879016665, 1289.112, 0.24, 22.4, -99999.0, -99999.0, -3.70131, 9613.54, -50.0966, 1.0, 0.00991005, 0.28598522317, 456.71086453, 2.1949825154, 1.48512901, -55.638163743, -8.5692157934, 2.152587252365, 458.3186379994, -99999.0, -99999.0, 26.18, 9.74, 35.92, -0.404, 9.812, 9.438, 826.0, 679.0, 864.0, 622.0, 694.0, 433.0, 772.0, 9.9, 25.8, 0.0
11268.0, 40.780703812999995, -111.940978808, 1289.108, 0.06, 22.5, -99999.0, -99999.0, -3.70132, 9613.54, -50.0966, 1.0, 0.00991005, 0.28599642665, 456.93585529, 2.1948390959, 1.5506377448, -55.638163743, -6.3784212465, 2.152587252365, 458.3297967508, -99999.0, 40.9, 26.19, 9.71, 35.9, -0.404, 9.812, 9.438, 930.0, 822.0, 717.0, 586.0, 510.0, 564.0, 829.0, 9.69, 11.73, 0.0
11269.0, 40.78070386333332, -111.94097887116668, 1289.11, 0.08, 22.5, -99999.0, -99999.0, -3.70132, 9613.54, -50.0966, 1.0, 0.00991005, 0.28600763013, 459.3610501, 2.1948390959, 1.5506377448, -52.922293163, -6.3784212465, 2.141689523767, 458.3297967508, -99999.0, -99999.0, 26.18, 9.66, 35.84, -0.404, 9.812, 9.438, 801.0, 914.0, 616.0, 430.0, 619.0, 617.0, 384.0, 8.33, 14.69, 0.0
11270.0, 40.78070389716667, -111.94097887583332, 1289.104, 0.13, 22.5, -99999.0, -99999.0, -3.70131, 9613.54, -50.0965, 1.0, 0.00991005, 0.27431407178, 459.3610501, 2.1948390959, 1.5506377448, -52.922293163, -6.3784212465, 2.141689523767, 458.3297967508, -99999.0, 37.0, 26.17, 9.63, 35.81, -0.404, 9.812, 9.438, 677.0, 773.0, 689.0, 517.0, 580.0, 494.0, 599.0, 7.75, 13.05, 0.0
11271.0, 40.78070393499999, -111.94097892249998, 1289.114, 0.04, 22.5, -99999.0, -99999.0, -3.70132, 9613.54, -50.0966, 1.0, 0.00991005, 0.274309770135, 459.58439326, 2.1940722148, 1.5467642896, -52.922293163, -6.3784212465, 2.141689523767, 458.0300607462, -99999.0, -99999.0, 26.18, 9.61, 35.79, -0.404, 9.812, 9.438, 758.0, 728.0, 764.0, 752.0, 795.0, 555.0, 490.0, 8.22, 13.72, 0.0
11272.0, 40.78070401550001, -111.94097896733335, 1289.097, 0.08, 22.4, -99999.0, -99999.0, -3.70133, 9613.54, -50.0967, 1.0, 0.00991004, 0.27396031451, 458.68265953, 2.1940722148, 1.5467642896, -52.922293163, -7.6737021272, 2.141689523767, 458.02346758349995, -99999.0, 35.8, 26.16, 9.55, 35.71, -0.404, 9.812, 9.438, 768.0, 690.0, 814.0, 695.0, 604.0, 454.0, 715.0, 7.64, 15.2, 0.0
11273.0, 40.780704089166676, -111.94097908650001, 1289.092, 0.13, 22.4, -99999.0, -99999.0, -3.70133, 9613.54, -50.0967, 1.0, 0.00991004, 0.27361516053, 458.55796605, 2.1954086818, 1.5161447821, -57.195800474, -7.6737021272, 2.146805764159, 458.02346758349995, -99999.0, -99999.0, 26.13, 9.5, 35.63, -0.404, 9.812, 9.438, 810.0, 829.0, 687.0, 766.0, 632.0, 998.0, 658.0, 8.55, 11.16, 0.0
11274.0, 40.7807040795, -111.94097916183334, 1289.09, 0.08, 22.4, -99999.0, -99999.0, -3.70133, 9613.54, -50.0968, 1.0, 0.00991003, 0.2736082034, 458.129398805, 2.1954086818, 1.5161447821, -57.195800474, -7.6737021272, 2.146805764159, 458.02346758349995, -99999.0, 37.6, 26.2, 9.44, 35.64, -0.404, 9.812, 9.438, 752.0, 742.0, 736.0, 625.0, 595.0, 451.0, 405.0, 8.82, 9.97, 0.0
11275.0, 40.78070410666667, -111.94097926649998, 1289.093, 0.19, 22.4, -99999.0, -99999.0, -3.70133, 9613.54, -50.0967, 1.0, 0.00991002, 0.28023552506, 457.70083156, 2.1954086818, 1.5161447821, -57.195800474, -8.480138268600001, 2.146805764159, 458.01137672104994, -99999.0, -99999.0, 26.17, 9.39, 35.57, -0.404, 9.812, 9.438, 922.0, 649.0, 835.0, 744.0, 726.0, 546.0, 396.0, 7.15, 10.14, 0.0
11276.0, 40.78070410583333, -111.94097936566668, 1289.088, 0.08, 22.4, -99999.0, -99999.0, -3.70132, 9613.54, -50.0967, 1.0, 0.00991002, 0.28023333811, 457.51529155, 2.1967352277, 1.4952898319, -99999.0, -99999.0, -99999.0, -99999.0, -99999.0, 40.7, 26.16, 9.36, 35.53, -0.404, 9.812, 9.438, 805.0, 579.0, 812.0, 640.0, 671.0, 733.0, 421.0, 7.15, 10.14, 0.0
11277.0, 40.780704090166665, -111.94097947849998, 1289.085, 0.06, 22.4, -99999.0, -99999.0, -3.70132, 9613.54, -50.0966, 1.0, 0.00991002, 0.28023115116, 457.00764608, 2.1967352277, 1.4952898319, -52.943340409, -9.28657441, 2.149879720351, 458.0072719187, -99999.0, -99999.0, 26.13, 9.33, 35.46, -0.404, 9.812, 9.438, 988.0, 683.0, 986.0, 947.0, 618.0, 711.0, 603.0, 7.82, 23.33, 0.0
11278.0, 40.78070405916667, -111.940979551, 1289.087, 0.18, 22.4, -99999.0, -99999.0, -3.70132, 9613.54, -50.0966, 1.0, 0.00991002, 0.29272896845, 457.00764608, 2.1967352277, 1.4952898319, -52.943340409, -9.28657441, 2.149879720351, 458.0072719187, -99999.0, 42.4, 26.23, 9.3, 35.53, -0.404, 9.812, 9.438, 885.0, 702.0, 740.0, 763.0, 497.0, 453.0, 659.0, 7.86, 71.62, 0.0
11279.0, 40.780704066, -111.94097966966667, 1289.084, 0.04, 22.4, -99999.0, -99999.0, -3.70132, 9613.54, -50.0966, 1.0, 0.00991002, 0.29273217891666664, 457.22306459, 2.1961678182, 1.5177877737, -52.943340409, -8.731360134900001, 2.149879720351, 457.027775782, -99999.0, -99999.0, 26.23, 9.28, 35.51, -0.404, 9.812, 9.438, 910.0, 822.0, 614.0, 625.0, 642.0, 958.0, 519.0, 8.51, 10.61, 0.0
11280.0, 40.78070406166667, -111.94097975999999, 1289.077, 0.09, 22.4, -99999.0, -99999.0, -3.70132, 9613.54, -50.0966, 1.0, 0.00991002, 0.27875998405, 457.64207961, 2.1961678182, 1.5177877737, -99999.0, -99999.0, -99999.0, -99999.0, -99999.0, 41.0, 26.18, 9.26, 35.44, -0.404, 9.812, 9.438, 806.0, 660.0, 541.0, 571.0, 591.0, 616.0, 632.0, 8.4, 19.39, 0.0
11281.0, 40.780704057, -111.94097976350001, 1289.06, 0.06, 22.4, -99999.0, -99999.0, -3.70132, 9613.54, -50.0966, 1.0, 0.00991002, 0.2787573327, 457.62824413, 2.1962131897, 1.4914542543, -54.506786725, -8.1761458598, 2.145908795338, 457.0305957906, -99999.0, -99999.0, 26.19, 9.27, 35.46, -0.404, 9.812, 9.438, 821.0, 584.0, 641.0, 723.0, 566.0, 310.0, 534.0, -99999.0, -99999.0, 0.0
11282.0, 40.780704009333334, -111.94097981499999, 1289.058, 0.22, 22.4, -99999.0, -99999.0, -3.70132, 9613.54, -50.0966, 1.0, 0.00991002, 0.27875468135, 456.95034245, 2.1962131897, 1.4914542543, -54.506786725, -8.1761458598, 2.145908795338, 457.0305957906, -99999.0, 39.2, 26.19, 9.25, 35.44, -0.404, 9.812, 9.438, 826.0, 744.0, 717.0, 430.0, 712.0, 505.0, 850.0, 8.98, 14.88, 0.0
11283.0, 40.78070399866667, -111.94097986133332, 1289.049, 0.11, 22.4, -99999.0, -99999.0, -3.70131, 9613.54, -50.0965, 1.0, 0.00991001, 0.28774041376, 456.95034245, 2.1962131897, 1.4914542543, -54.506786725, -9.1014505374, 2.145908795338, 457.09345973459995, -99999.0, -99999.0, 26.13, 9.26, 35.39, -0.404, 9.812, 9.438, 890.0, 983.0, 467.0, 496.0, 524.0, 906.0, 397.0, 7.68, 11.19, 0.0
11284.0, 40.780703982999995, -111.94097991883334, 1289.047, 0.05, 22.4, -99999.0, -99999.0, -3.70132, 9613.54, -50.0966, 1.0, 0.00991001, 0.28774089611333337, 456.92541364333334, 2.1957435184, 1.5016635619, -99999.0, -99999.0, -99999.0, -99999.0, -99999.0, 38.0, 26.08, 9.24, 35.33, -0.404, 9.812, 9.438, 857.0, 855.0, 493.0, 625.0, 553.0, 431.0, 809.0, 8.93, 33.68, 0.0
11285.0, 40.780704003833335, -111.94098000416668, 1289.046, 0.02, 22.4, -99999.0, -99999.0, -3.70131, 9613.54, -50.0965, 1.0, 0.00991, 0.27437464447, 456.99155817, 2.1957435184, 1.5016635619, -60.550193352, -10.026755215, 2.1550181325569997, 457.0887592919, -99999.0, -99999.0, 26.09, 9.23, 35.32, -0.404, 9.812, 9.438, 728.0, 730.0, 540.0, 420.0, 795.0, 772.0, 744.0, 8.705, 15.09, 0.0
