arc_raw/USOS-ARL-Suite_ARC_20240729_RA.ict
71,1001
Xinrong Ren
NOAA Air Resources Lab
ARC-Suite
USOS: Utah Summer Ozone Study
1,1
2024,07,29,2024,07,29
1
StartTime_seconds, seconds, Start time in UTC seconds since midnight
38
1,1,1,1,1,1,1,1,1,1,1,1,1,1,1,1,1,1,1,1,1,1,1,1,1,1,1,1,1,1,1,1,1,1,1,1,1,1
-99999,-99999,-99999,-99999,-99999,-99999,-99999,-99999,-99999,-99999,-99999,-99999,-99999,-99999,-99999,-99999,-99999,-99999,-99999,-99999,-99999,-99999,-99999,-99999,-99999,-99999,-99999,-99999,-99999,-99999,-99999,-99999,-99999,-99999,-99999,-99999,-99999,-99999
lat_DGPS_deg, degrees, Latitude in decimal by Hemisphere VS1100 Differential GPS
lon_DGPS_deg, degrees, Longitude in decimal by Hemisphere VS1100 Differential GPS
alt_msl_m, meters, GPS Altitude MSL
speed_km_h, km/s, vehicle speed
RH, percent, relative humidity
true_WS_m_s, m/s, wind speed by 2D sonic sensor
true_WD_deg, degree, wind direction by 2D sonic sensor
CH4_aeris313_ppm, ppm, CH4 mixing ratio by Aeris
H2O_aeris313_ppm, ppm, H2O mixing ratio by Aeris
C2H6_aeris313_ppb, ppb, C2H6 mixing ratio by Aeris
r_aeris313, 1, relavence between CH4 and C2H6 by Aeris
C2C1_aeris313, 1, C2H6 to CH4 ratio by Aeris
CO_g2401m_ppm, ppm, CO mixing ratio by Picarro G2401m
CO2_g2401m_ppm, ppm, CO2 mixing ratio by Picarro G2401m
CH4_g2401m_ppm, ppm, CH4 mixing ratio by Picarro G2401m
H2O_g2401m, ppm, H2O mixing ratio by Picarro G2401m
delta13C_CH4_raw, permill, delta 13C of CH4 by Picarro G2201i
delta13C_CO2_raw, permill, delta 13C of CO2 by Picarro G2201i
CH4_g2201i_ppm, ppm, CH4 mixing ratio by Picarro G2201i
CO2_g2201i_ppm, ppm, CO2 mixing ratio by Picarro G2201i
NH3_g2301_ppb, ppb, NH3 mixing ratio by Picarro G2301
O3_2B_ppm, ppm, O3 mixing ratio by 2B
NO_G60_ppb, ppb, NO mixing ratio by G60
NO2_G60_ppb, ppb, NO2 mixing ratio by G60
NOx_G60_ppb, ppb, NOx mixing ratio by G60
NO_N500_ppb, ppb, NO mixing ratio by N500
NO2_N500_ppb, ppb, NO2 mixing ratio by N500
NOx_N500_ppb, ppb, NOx mixing ratio by N500
BC370_AE43_ng_m3, ng/m3, Black Carbon at 370 nm by AE43
BC470_AE43_ng_m3, ng/m3, Black Carbon at 470 nm by AE43
BC520_AE43_ng_m3, ng/m3, Black Carbon at 520 nm by AE43
BC590_AE43_ng_m3, ng/m3, Black Carbon at 590 nm by AE43
BC660_AE43_ng_m3, ng/m3, Black Carbon at 660 nm by AE43
BC880_AE43_ng_m3, ng/m3, Black Carbon at 880 nm by AE43
BC950_AE43_ng_m3, ng/m3, Black Carbon at 950 nm by AE43
PM25, ug/m3, PM2.5 by particle sensor
PM10, ug/m3, PM10 by particle sensor
Valve, boolian, indicator of valve conditions;0 is measurement; 10 is zeroing; 11 is spanning
1
SPECIAL COMMENTS, N/A
18
PI_CONTACT_INFO: xinrong.ren@noaa.gov, 301-683-1391, NOAA/ARL, 5830 University Research Court, College Park, MD 20740
PLATFORM: NOAA Air Resources Car
LOCATION: Salt Lake City
ASSOCIATED_DATA: N/A
INSTRUMENT_INFO: Hemisphere VS1100 differential GPS (Latitude, Longitude, GPS Altitude, speed), meteorological sensor (RH, WS, WD), 2B (O3), G60 CRDS (NO-NOx), Teledyne N500 (NO-NOx), Picarro G2401-m (CO2, CH4, CO, H2O), Picarro G2201i (CO2, CH4, d13C_CO2, d13C_CH4, H2O), Picarro 2301 (NH3), Aeris Ultra MIRA (CH4, C2H6, H2O, r, C2/C1), AE43 (Black Carbon), Partical sensor (PM2.5, PM10)
DATA_INFO: Records are reported at 1-second intervals. Hemisphere VS1100 differential GPS has 1-second ntervals. 2B O3 values are reported 2-second averages. G60 Cavity Rong Down NO-NO2-NO2 has 1-second average. Teledyne CAPS NO2 analyzer has 10-second time resolution. Picarro 2401m (CO2, CH4, CO, H2O) data has 2.5-second time resolution. Picarro 2201i (isotope) has ~5 second time resolution. Aeris Ultra MIRA has 1-second integration time. AE43 data are 10-second moving averages. Partical sensor has 10-second time resolution.
UNCERTAINTY: -99999, -99999, -99999, 15 m, -99999, -99999, -99999, -99999, 1 ppb, 100 ppm, 0.2 ppb, -99999, -99999, 5 ppb, 0.1 ppm, 1 ppb, 100 ppm, -99999, -99999, -99999, -99999, 2 ppb, 0.3 ppb, -99999, -99999, -99999, 0.05 ppb, 0.05 ppb, 0.05 ppb, 10 ng/m3, 10 ng/m3, 10 ng/m3, 10 ng/m3, 10 ng/m3, 10 ng/m3, 10 ng/m3, 10 ng/m3, 0
ULOD_FLAG: -77777
ULOD_VALUE: N/A
LLOD_FLAG: -88888
LLOD_VALUE: N/A
DM_CONTACT_INFO: Jiayang Sun; University of Maryland; jiayangs@umd.edu
PROJECT_INFO: USOS July - Aug 2024 https://deq.utah.gov/air-quality/utah-summer-ozone-study-usos
STIPULATIONS_ON_USE: Use of these data requires prior ok from PI.
OTHER_COMMENTS: N/A
REVISION: RA
RA: Preliminary Data for in-field use only.
StartTime_seconds, lat_DGPS_deg, lon_DGPS_deg, alt_msl_m, speed_km_h, RH, true_WS_m_s, true_WD_deg, CH4_aeris313_ppm, H2O_aeris313_ppm, C2H6_aeris313_ppb, r_aeris313, C2C1_aeris313, CO_g2401m_ppm, CO2_g2401m_ppm, CH4_g2401m_ppm, H2O_g2401m, delta13C_CH4_raw, delta13C_CO2_raw, CH4_g2201i_ppm, CO2_g2201i_ppm, NH3_g2301_ppb, O3_2B_ppm, NO_G60_ppb, NO2_G60_ppb, NOx_G60_ppb, NO_N500_ppb, NO2_N500_ppb, NOx_N500_ppb, BC370_AE43_ng_m3, BC470_AE43_ng_m3, BC520_AE43_ng_m3, BC590_AE43_ng_m3, BC660_AE43_ng_m3, BC880_AE43_ng_m3, BC950_AE43_ng_m3, PM25, PM10, Valve
[from data line 2127]
2127.0, 40.780679825, -111.94098708883332, 1292.663, 0.21, 19.8, -99999.0, -99999.0, 2.02114, 13751.4, 16.3782, 0.391487, -99999.0, 0.19635845545000002, 427.46192932, 1.9928160008, 1.2461374144, -99999.0, -99999.0, -99999.0, -99999.0, -99999.0, -99999.0, 3.06, 1.51, 4.57, -0.042, 1.227, 1.188, 588.0, 1000.0, 327.0, 153.0, 366.0, 131.0, -175.0, -99999.0, -99999.0, 0.0
2128.0, 40.7806798955, -111.94098702166666, 1292.66, 0.18, 19.9, -99999.0, -99999.0, 2.02241, 13800.0, 16.5936, 0.395168, -99999.0, 0.19635916613, 427.67894927, 1.9928160008, 1.2461374144, -54.668096931, -7.1208018802, 1.94765272425, 427.54662883785, -99999.0, -99999.0, 3.02, 1.55, 4.57, -0.042, 1.227, 1.188, 834.0, 98.0, 296.0, 356.0, 254.0, -188.0, 97.0, -99999.0, -99999.0, 0.0
2129.0, 40.780679949833335, -111.940987001, 1292.655, 0.16, 19.9, -99999.0, -99999.0, 2.01975, 13859.6, 16.3654, 0.347672, -99999.0, 0.20120615842, 427.69999921, 1.9926480227, 1.2452656012499999, -54.668096931, -8.9257309021, 1.94765272425, 427.6476647933, -99999.0, 61.1, 3.01, 1.56, 4.56, -0.042, 1.227, 1.188, 646.0, 707.0, 598.0, 133.0, 423.0, 192.0, -101.0, -99999.0, -99999.0, 0.0
2130.0, 40.780680002000004, -111.9409869585, 1292.654, 0.14, 19.9, -99999.0, -99999.0, 2.02148, 13905.1, 16.3628, 0.325336, -99999.0, 0.20120331689, 427.51492472999996, 1.9924800446, 1.2443937881, -46.526875354, -8.9257309021, 1.9548926282519998, 427.6476647933, -99999.0, 57.8, 3.04, 1.56, 4.6, -0.042, 1.227, 1.188, 893.0, 561.0, 450.0, 515.0, -56.0, 306.0, 488.0, -99999.0, -99999.0, 0.0
2131.0, 40.780680052, -111.94098695333332, 1292.649, 0.08, 19.9, -99999.0, -99999.0, 2.02251, 13938.3, 16.7504, 0.34159, -99999.0, 0.18200844355, 427.30880031, 1.9924800446, 1.2443937881, -46.526875354, -8.9257309021, 1.9548926282519998, 427.6476647933, -99999.0, -99999.0, 3.05, 1.57, 4.62, -0.042, 1.227, 1.188, 1093.0, 695.0, 697.0, 273.0, 331.0, 314.0, 539.0, -99999.0, -99999.0, 0.0
2132.0, 40.78068011733334, -111.94098694833335, 1292.65, 0.05, 19.9, -99999.0, -99999.0, 2.02252, 13947.8, 16.7237, 0.372649, -99999.0, 0.18200959689, 427.28850093, 1.9925274428, 1.2400912215, -46.526875354, -8.9257309021, 1.9548926282519998, 426.9944468168, -99999.0, -99999.0, 3.07, 1.59, 4.66, -0.042, 1.227, 1.188, 952.0, 622.0, 530.0, 610.0, 557.0, 502.0, 166.0, -99999.0, -99999.0, 0.0
2133.0, 40.78068014616667, -111.94098698433332, 1292.647, 0.09, 19.9, -99999.0, -99999.0, 2.02032, 13963.6, 16.657, 0.364973, -99999.0, 0.18201075023, 427.62412349, 1.9925274428, 1.2400912215, -46.526875354, -6.1130982019, 1.9548926282519998, 427.0077938088, -99999.0, 59.1, 3.07, 1.61, 4.68, -0.042, 1.227, 1.188, 952.0, 475.0, 530.0, 400.0, 268.0, 494.0, -207.0, -99999.0, -99999.0, 0.0
2134.0, 40.78068016800001, -111.94098701533333, 1292.65, 0.16, 19.9, -99999.0, -99999.0, 2.02242, 13980.1, 16.5671, 0.418148, -99999.0, 0.18312055103, 427.62412349, 1.9925274428, 1.2400912215, -50.637693712, -6.1130982019, 1.950619995726, 427.0077938088, -99999.0, 61.8, 3.06, 1.66, 4.72, -0.042, 1.227, 1.188, 834.0, 634.0, 271.0, 311.0, 275.0, 628.0, 87.0, -99999.0, -99999.0, 0.0
2135.0, 40.78068022016666, -111.94098704933334, 1292.653, 0.11, 19.9, -99999.0, -99999.0, 2.02153, 13979.8, 16.5337, 0.445094, -99999.0, 0.1831159595633333, 427.21483788, 1.9927757393, 1.2337400493, -50.637693712, -6.1130982019, 1.950619995726, 427.0077938088, -99999.0, -99999.0, 3.09, 1.69, 4.78, -0.042, 1.227, 1.188, 870.0, 329.0, 573.0, 375.0, 331.0, 685.0, 285.0, -99999.0, -99999.0, 0.0
2136.0, 40.780680296166665, -111.94098707283335, 1292.657, 0.05, 19.9, -99999.0, -99999.0, 2.02032, 13965.4, 16.4407, 0.420624, -99999.0, 0.18675743276, 426.46785212, 1.9927757393, 1.2337400493, -50.637693712, -6.1130982019, 1.950619995726, 426.8983005495, -99999.0, -99999.0, 3.14, 1.7, 4.84, -0.042, 1.227, 1.188, 1210.0, 914.0, 339.0, 572.0, 380.0, 559.0, 635.0, -99999.0, -99999.0, 0.0
2137.0, 40.78068037133333, -111.94098710116666, 1292.658, 0.24, 19.9, -99999.0, -99999.0, 2.02069, 13954.6, 16.7925, 0.384348, -99999.0, 0.186755137415, 426.40842982, 1.9906868086, 1.2223552235, -50.637693712, -6.5542889186, 1.950619995726, 426.8962074717, -99999.0, 61.4, 3.15, 1.74, 4.89, -0.042, 1.227, 1.188, 1199.0, 280.0, 222.0, 261.0, 352.0, 310.0, 529.0, -99999.0, -99999.0, 0.0
2138.0, 40.78068040466667, -111.94098705716667, 1292.659, 0.12, 19.9, -99999.0, -99999.0, 2.02288, 13951.3, 16.3535, 0.32917, -99999.0, 0.18675284207, 425.6332517, 1.9906868086, 1.2223552235, -49.675979437, -6.5542889186, 1.955676101476, 426.8962074717, -99999.0, 60.3, 3.13, 1.77, 4.91, -0.042, 1.227, 1.188, 1175.0, 549.0, 814.0, 388.0, 296.0, 314.0, 317.0, -99999.0, -99999.0, 0.0
2139.0, 40.780680456499994, -111.940987024, 1292.657, 0.11, 19.9, -99999.0, -99999.0, 2.02207, 13939.7, 16.7478, 0.288867, -99999.0, 0.18019536998, 425.6332517, 1.9906868086, 1.2223552235, -49.675979437, -6.5542889186, 1.955676101476, 426.8962074717, -99999.0, -99999.0, 3.23, 1.8, 5.03, -0.042, 1.227, 1.188, 917.0, 488.0, 191.0, 299.0, 247.0, 188.0, 483.0, -99999.0, -99999.0, 0.0
2140.0, 40.78068050666667, -111.94098696216666, 1292.654, 0.09, 19.9, -99999.0, -99999.0, 2.02015, 13917.9, 16.3565, 0.34458, -99999.0, 0.1801927955, 425.2635505966667, 1.9889812958999997, 1.1843067155, -49.675979437, -6.5542889186, 1.955676101476, 426.35890924849997, -99999.0, -99999.0, 3.24, 1.83, 5.07, -0.042, 1.227, 1.188, 588.0, 573.0, 370.0, 299.0, 324.0, -99999.0, 529.0, -99999.0, -99999.0, 0.0
2141.0, 40.78068058616667, -111.94098690349999, 1292.65, 0.19, 19.9, -99999.0, -99999.0, 2.0208, 13875.4, 16.0629, 0.365183, -99999.0, 0.16338141537, 424.85474801, 1.9889812959, 1.1843067155, -49.675979437, -7.1956796892, 1.955676101476, 426.3558702201, -99999.0, 62.1, 3.29, 1.86, 5.15, -0.042, 1.227, 1.188, 740.0, 841.0, 863.0, 400.0, 507.0, -99999.0, 515.0, -99999.0, -99999.0, 0.0
2142.0, 40.78068064483334, -111.94098683666668, 1292.641, 0.04, 19.9, -99999.0, -99999.0, 2.02246, 13812.5, 16.3583, 0.345202, -99999.0, 0.163381026785, 424.66966247, 1.9878530975, 1.1668513445, -57.914805897, -7.1956796892, 1.948360232402, 426.3558702201, -99999.0, 65.6, 3.3, 1.88, 5.18, -0.042, 1.227, 1.188, 964.0, 317.0, 382.0, 102.0, 662.0, -131.0, 525.0, -99999.0, -99999.0, 0.0
2143.0, 40.78068067183333, -111.94098680266667, 1292.639, 0.05, 19.8, -99999.0, -99999.0, 2.01654, 13732.8, 16.2812, 0.367588, -99999.0, 0.1633806382, 424.49718097, 1.9878530975, 1.1668513445, -57.914805897, -7.1956796892, 1.948360232402, 426.3558702201, -99999.0, -99999.0, 3.3, 1.91, 5.21, -0.042, 1.227, 1.188, 717.0, 732.0, 271.0, 687.0, 726.0, 498.0, 244.0, -99999.0, -99999.0, 0.0
2144.0, 40.78068070316667, -111.94098675149999, 1292.636, 0.1, 19.7, -99999.0, -99999.0, 2.02087, 13638.7, 16.5189, 0.39147, -99999.0, 0.16719226565, 424.49718097, 1.9878530975, 1.1668513445, -57.914805897, -7.1956796892, 1.948360232402, 426.08898904340003, -99999.0, -99999.0, 3.31, 1.9, 5.21, -0.042, 1.227, 1.188, 811.0, 597.0, 598.0, 299.0, 373.0, 188.0, 474.0, -99999.0, -99999.0, 0.0
2145.0, 40.78068075833334, -111.94098669566665, 1292.631, 0.01, 19.6, -99999.0, -99999.0, 2.01799, 13558.3, 16.2222, 0.451839, -99999.0, 0.167191906095, 424.42618866, 1.9880476185, 1.1630005243, -57.914805897, -7.6555295813, 1.948360232402, 426.08681155320005, -99999.0, 67.5, 3.33, 1.9, 5.24, -0.183, 1.227, 1.047, 646.0, 707.0, 327.0, 788.0, 275.0, 188.0, 483.0, -99999.0, -99999.0, 0.0
2146.0, 40.78068081716667, -111.94098667949999, 1292.628, 0.09, 19.5, -99999.0, -99999.0, 2.0185, 13496.2, 16.7436, 0.395257, -99999.0, 0.167546486015, 424.30168232, 1.9880476185, 1.1630005243, -56.138241524, -7.6555295813, 1.94413407548, 426.08681155320005, -99999.0, 67.6, 3.31, 1.88, 5.19, -0.183, 1.227, 1.047, 928.0, 549.0, 240.0, 598.0, 479.0, 432.0, 9.0, -99999.0, -99999.0, 0.0
2147.0, 40.78068081883334, -111.94098666633333, 1292.624, 0.06, 19.4, -99999.0, -99999.0, 2.01816, 13437.2, 16.5352, 0.372023, -99999.0, 0.16790142549, 424.28505723, 1.9878132994, 1.1618603068, -56.138241524, -7.6555295813, 1.94413407548, 426.08681155320005, -99999.0, -99999.0, 3.32, 1.86, 5.18, -0.183, 1.227, 1.047, 611.0, 354.0, 697.0, 299.0, 162.0, -4.0, 216.0, -99999.0, -99999.0, 0.0
2148.0, 40.780680832833326, -111.94098662433335, 1292.617, 0.04, 19.3, -99999.0, -99999.0, 2.01953, 13399.4, 16.7222, 0.327107, -99999.0, 0.16790106547, 424.24215534, 1.9878132994, 1.1618603068, -56.138241524, -7.6555295813, 1.94413407548, 425.21620981679996, -99999.0, -99999.0, 3.29, 1.87, 5.15, -0.183, 1.227, 1.047, 646.0, 329.0, 185.0, 502.0, 359.0, 371.0, 189.0, -99999.0, -99999.0, 0.0
2149.0, 40.78068088883333, -111.94098661183334, 1292.608, 0.01, 19.3, -99999.0, -99999.0, 2.01765, 13387.9, 16.265, 0.379014, -99999.0, 0.16170459539, 424.19925345, 1.9878132994, 1.1618603068, -56.138241524, -6.9385351331, 1.94413407548, 425.2195980057, -99999.0, 65.9, 3.27, 1.85, 5.12, -0.183, 1.227, 1.047, 447.0, 512.0, 37.0, 407.0, 352.0, 249.0, 741.0, -99999.0, -99999.0, 0.0
2150.0, 40.78068097116667, -111.940986603, 1292.597, 0.11, 19.2, -99999.0, -99999.0, 2.02167, 13365.1, 16.3582, 0.362826, -99999.0, 0.16170378068000002, 424.16482615, 1.9873824696, 1.1526635631, -54.145654163, -6.9385351331, 1.94641254309, 425.2195980057, -99999.0, 64.3, 3.29, 1.83, 5.12, -0.183, 1.227, 1.047, 1222.0, 744.0, 629.0, 699.0, 106.0, 685.0, 400.0, -99999.0, -99999.0, 0.0
2151.0, 40.780681042, -111.94098659933334, 1292.585, 0.04, 19.1, -99999.0, -99999.0, 2.01816, 13349.0, 16.4306, 0.361616, -99999.0, 0.16170296597, 423.86360521, 1.9873824696, 1.1526635631, -54.145654163, -6.9385351331, 1.94641254309, 425.2195980057, -99999.0, -99999.0, 3.35, 1.79, 5.14, -0.183, 1.227, 1.047, 646.0, 451.0, 154.0, 343.0, -28.0, 4.0, 221.0, -99999.0, -99999.0, 0.0
2152.0, 40.7806811105, -111.94098657533335, 1292.57, 0.13, 19.1, -99999.0, -99999.0, 2.02039, 13323.1, 16.5417, 0.32763, -99999.0, 0.16348555877, 423.871633885, 1.9872023473, 1.15967545255, -54.145654163, -7.1702755838000005, 1.94641254309, 425.557919064, -99999.0, -99999.0, 3.38, 1.77, 5.14, -0.183, 1.227, 1.047, 905.0, 634.0, 333.0, -13.0, 169.0, 681.0, -138.0, -99999.0, -99999.0, 0.0
2153.0, 40.78068117933333, -111.94098648383333, 1292.555, 0.12, 19.1, -99999.0, -99999.0, 2.01731, 13294.8, 16.3683, 0.349963, -99999.0, 0.16348635107, 423.94058457, 1.987022225, 1.166687342, -99999.0, -99999.0, -99999.0, -99999.0, -99999.0, 65.1, 3.37, 1.73, 5.1, -0.183, 1.227, 1.047, 717.0, 415.0, 715.0, 312.0, 402.0, 310.0, 97.0, -99999.0, -99999.0, 0.0
2154.0, 40.780681298666664, -111.940986419, 1292.535, 0.09, 19.0, -99999.0, -99999.0, 2.01892, 13269.8, 16.4767, 0.29459, -99999.0, 0.17156706128, 424.00150658, 1.987022225, 1.166687342, -51.445545543, -7.4020160345, 1.951013292185, 425.5568230901, -99999.0, 65.9, 3.33, 1.7, 5.03, -0.183, 1.227, 1.047, 717.0, 329.0, 845.0, 197.0, 564.0, 502.0, 299.0, -99999.0, -99999.0, 0.0
2155.0, 40.7806813845, -111.94098636149998, 1292.519, 0.12, 19.0, -99999.0, -99999.0, 2.01769, 13280.5, 16.7426, 0.234677, -99999.0, 0.171566469605, 424.04500404, 1.9873165286, 1.1657271108, -51.445545543, -7.4020160345, 1.951013292185, 425.5568230901, -99999.0, -99999.0, 3.3, 1.68, 4.98, -0.183, 1.227, 1.047, 952.0, 744.0, 505.0, 413.0, 345.0, 628.0, 226.0, -99999.0, -99999.0, 0.0
2156.0, 40.780681462666664, -111.940986315, 1292.5, 0.24, 19.0, -99999.0, -99999.0, 2.01729, 13299.9, 16.2565, 0.259807, -99999.0, 0.17156587793, 423.88184733, 1.9873165286, 1.1657271108, -51.445545543, -7.3913659613, 1.951013292185, 424.9370038546, -99999.0, -99999.0, 3.26, 1.65, 4.91, -0.183, 1.227, 1.047, 1034.0, 732.0, 795.0, 273.0, 550.0, 498.0, 345.0, -99999.0, -99999.0, 0.0
2157.0, 40.780681539166665, -111.94098625416667, 1292.486, 0.19, 19.0, -99999.0, -99999.0, 2.01901, 13318.7, 16.4293, 0.276951, -99999.0, 0.16139026006, 423.8657038, 1.9874072002, 1.16135659785, -99999.0, -99999.0, -99999.0, -99999.0, -99999.0, 66.3, 3.24, 1.62, 4.87, -0.183, 1.227, 1.047, 1399.0, 597.0, 450.0, 261.0, 197.0, 188.0, -249.0, -99999.0, -99999.0, 0.0
2158.0, 40.78068160616667, -111.9409861975, 1292.478, 0.09, 19.0, -99999.0, -99999.0, 2.01963, 13316.1, 16.4396, 0.261559, -99999.0, 0.16139000832, 423.79465052, 1.9874978718, 1.1569860849, -46.994611975, -7.3807158881, 1.939724297169, 424.9370541488, -99999.0, 66.4, 3.28, 1.56, 4.84, -0.183, 1.227, 1.047, 658.0, 695.0, 376.0, 464.0, 225.0, -65.0, 313.0, -99999.0, -99999.0, 0.0
2159.0, 40.78068165483334, -111.94098614616665, 1292.466, 0.08, 19.0, -99999.0, -99999.0, 2.01691, 13320.5, 16.4644, 0.255032, -99999.0, 0.16683512886, 423.73974077, 1.9874978718, 1.1569860849, -46.994611975, -7.3807158881, 1.939724297169, 424.9370541488, -99999.0, -99999.0, 3.33, 1.53, 4.85, -0.183, 1.227, 1.047, 928.0, 683.0, 351.0, 356.0, 592.0, 371.0, 239.0, -99999.0, -99999.0, 0.0
2160.0, 40.780681755, -111.94098610216666, 1292.453, 0.03, 18.9, -99999.0, -99999.0, 2.01718, 13306.9, 16.3043, 0.309942, -99999.0, 0.16683473800999998, 423.69300333, 1.98702996, 1.1516759928, -46.994611975, -7.30061387085, 1.939724297169, 424.84608643695003, -99999.0, -99999.0, 3.34, 1.47, 4.81, -0.183, 1.227, 1.047, 529.0, 512.0, 678.0, 426.0, 768.0, -99999.0, 921.0, -99999.0, -99999.0, 0.0
2161.0, 40.78068184733334, -111.94098602049999, 1292.443, 0.05, 18.9, -99999.0, -99999.0, 2.0176, 13287.9, 16.4968, 0.247347, -99999.0, 0.16683434716, 423.63842552, 1.98702996, 1.1516759928, -99999.0, -99999.0, -99999.0, -99999.0, -99999.0, 65.1, 3.36, 1.43, 4.79, -0.183, 1.227, 1.047, 893.0, 549.0, 567.0, 216.0, 317.0, 192.0, 428.0, -99999.0, -99999.0, 0.0
2162.0, 40.780681900333335, -111.94098596683334, 1292.431, 0.03, 18.9, -99999.0, -99999.0, 2.01893, 13264.5, 16.2843, 0.193145, -99999.0, 0.16211094733, 423.63842552, 1.98702996, 1.1516759928, -55.100055254, -7.2205118536, 1.951239535628, 424.8464646316, -99999.0, 64.6, 3.35, 1.38, 4.74, -0.183, 1.227, 1.047, 1093.0, 914.0, 438.0, 610.0, 268.0, -4.0, 147.0, -99999.0, -99999.0, 0.0
2163.0, 40.78068196966667, -111.94098593216668, 1292.417, 0.06, 18.9, -99999.0, -99999.0, 2.02065, 13243.5, 16.8639, 0.210852, -99999.0, 0.16211120606999999, 423.63159730333336, 1.9870431258000003, 1.1558188535, -55.100055254, -7.2205118536, 1.951239535628, 424.8464646316, -99999.0, -99999.0, 3.38, 1.3, 4.68, -0.183, 1.227, 1.047, 588.0, 451.0, 561.0, 102.0, 726.0, -126.0, 221.0, -99999.0, -99999.0, 0.0
2164.0, 40.780681974000004, -111.94098587149999, 1292.419, 0.01, 18.9, -99999.0, -99999.0, 2.01663, 13235.8, 16.0661, 0.267297, -99999.0, 0.1590686916, 423.62570345, 1.9870431258, 1.1558188535, -55.100055254, -6.964606572999999, 1.951239535628, 424.86858640335004, -99999.0, -99999.0, 3.38, 1.3, 4.68, -0.183, 1.227, 1.047, 952.0, 476.0, 148.0, 235.0, 183.0, 379.0, -152.0, -99999.0, -99999.0, 0.0
2165.0, 40.78068202316667, -111.94098582816666, 1292.415, 0.07, 18.9, -99999.0, -99999.0, 2.02008, 13218.2, 16.2809, 0.239793, -99999.0, 0.15906829021500002, 423.67757503, 1.9872017061, 1.1672739106, -99999.0, -99999.0, -99999.0, -99999.0, -99999.0, 65.3, 3.28, 1.16, 4.44, -0.183, 1.227, 1.047, 870.0, 878.0, 432.0, 426.0, 268.0, 314.0, 621.0, -99999.0, -99999.0, 0.0
2166.0, 40.78068208033334, -111.9409857385, 1292.41, 0.14, 18.9, -99999.0, -99999.0, 2.01884, 13215.5, 16.5305, 0.237575, -99999.0, 0.15906788883, 423.63455354, 1.9872017061, 1.1672739106, -56.553884513, -6.7087012924, 1.956293334858, 424.8697946972, -99999.0, 64.5, 3.24, 1.07, 4.31, -0.183, 1.227, 1.047, 564.0, 476.0, 635.0, 331.0, 599.0, 131.0, 258.0, -99999.0, -99999.0, 0.0
