arc_raw/USOS-ARL-Suite_ARC_20240803_RA.ict
71,1001
Xinrong Ren
NOAA Air Resources Lab
ARC-Suite
USOS: Utah Summer Ozone Study
1,1
2024,08,03,2024,08,03
1
StartTime_seconds, seconds, Start time in UTC seconds since midnight
38
1,1,1,1,1,1,1,1,1,1,1,1,1,1,1,1,1,1,1,1,1,1,1,1,1,1,1,1,1,1,1,1,1,1,1,1,1,1
-99999,-99999,-99999,-99999,-99999,-99999,-99999,-99999,-99999,-99999,-99999,-99999,-99999,-99999,-99999,-99999,-99999,-99999,-99999,-99999,-99999,-99999,-99999,-99999,-99999,-99999,-99999,-99999,-99999,-99999,-99999,-99999,-99999,-99999,-99999,-99999,-99999,-99999
lat_DGPS_deg, degrees, Latitude in decimal by Hemisphere VS1100 Differential GPS
lon_DGPS_deg, degrees, Longitude in decimal by Hemisphere VS1100 Differential GPS
alt_msl_m, meters, GPS Altitude MSL
speed_km_h, km/s, vehicle speed
RH, percent, relative humidity
true_WS_m_s, m/s, wind speed by 2D sonic sensor
true_WD_deg, degree, wind direction by 2D sonic sensor
CH4_aeris313_ppm, ppm, CH4 mixing ratio by Aeris
H2O_aeris313_ppm, ppm, H2O mixing ratio by Aeris
C2H6_aeris313_ppb, ppb, C2H6 mixing ratio by Aeris
r_aeris313, 1, relavence between CH4 and C2H6 by Aeris
C2C1_aeris313, 1, C2H6 to CH4 ratio by Aeris
CO_g2401m_ppm, ppm, CO mixing ratio by Picarro G2401m
CO2_g2401m_ppm, ppm, CO2 mixing ratio by Picarro G2401m
CH4_g2401m_ppm, ppm, CH4 mixing ratio by Picarro G2401m
H2O_g2401m, ppm, H2O mixing ratio by Picarro G2401m
delta13C_CH4_raw, permill, delta 13C of CH4 by Picarro G2201i
delta13C_CO2_raw, permill, delta 13C of CO2 by Picarro G2201i
CH4_g2201i_ppm, ppm, CH4 mixing ratio by Picarro G2201i
CO2_g2201i_ppm, ppm, CO2 mixing ratio by Picarro G2201i
NH3_g2301_ppb, ppb, NH3 mixing ratio by Picarro G2301
O3_2B_ppm, ppm, O3 mixing ratio by 2B
NO_G60_ppb, ppb, NO mixing ratio by G60
NO2_G60_ppb, ppb, NO2 mixing ratio by G60
NOx_G60_ppb, ppb, NOx mixing ratio by G60
NO_N500_ppb, ppb, NO mixing ratio by N500
NO2_N500_ppb, ppb, NO2 mixing ratio by N500
NOx_N500_ppb, ppb, NOx mixing ratio by N500
BC370_AE43_ng_m3, ng/m3, Black Carbon at 370 nm by AE43
BC470_AE43_ng_m3, ng/m3, Black Carbon at 470 nm by AE43
BC520_AE43_ng_m3, ng/m3, Black Carbon at 520 nm by AE43
BC590_AE43_ng_m3, ng/m3, Black Carbon at 590 nm by AE43
BC660_AE43_ng_m3, ng/m3, Black Carbon at 660 nm by AE43
BC880_AE43_ng_m3, ng/m3, Black Carbon at 880 nm by AE43
BC950_AE43_ng_m3, ng/m3, Black Carbon at 950 nm by AE43
PM25, ug/m3, PM2.5 by particle sensor
PM10, ug/m3, PM10 by particle sensor
Valve, boolian, indicator of valve conditions;0 is measurement; 10 is zeroing; 11 is spanning
1
SPECIAL COMMENTS, N/A
18
PI_CONTACT_INFO: xinrong.ren@noaa.gov, 301-683-1391, NOAA/ARL, 5830 University Research Court, College Park, MD 20740
PLATFORM: NOAA Air Resources Car
LOCATION: Salt Lake City
ASSOCIATED_DATA: N/A
INSTRUMENT_INFO: Hemisphere VS1100 differential GPS (Latitude, Longitude, GPS Altitude, speed), meteorological sensor (RH, WS, WD), 2B (O3), G60 CRDS (NO-NOx), Teledyne N500 (NO-NOx), Picarro G2401-m (CO2, CH4, CO, H2O), Picarro G2201i (CO2, CH4, d13C_CO2, d13C_CH4, H2O), Picarro 2301 (NH3), Aeris Ultra MIRA (CH4, C2H6, H2O, r, C2/C1), AE43 (Black Carbon), Partical sensor (PM2.5, PM10)
DATA_INFO: Records are reported at 1-second intervals. Hemisphere VS1100 differential GPS has 1-second ntervals. 2B O3 values are reported 2-second averages. G60 Cavity Rong Down NO-NO2-NO2 has 1-second average. Teledyne CAPS NO2 analyzer has 10-second time resolution. Picarro 2401m (CO2, CH4, CO, H2O) data has 2.5-second time resolution. Picarro 2201i (isotope) has ~5 second time resolution. Aeris Ultra MIRA has 1-second integration time. AE43 data are 10-second moving averages. Partical sensor has 10-second time resolution.
UNCERTAINTY: -99999, -99999, -99999, 15 m, -99999, -99999, -99999, -99999, 1 ppb, 100 ppm, 0.2 ppb, -99999, -99999, 5 ppb, 0.1 ppm, 1 ppb, 100 ppm, -99999, -99999, -99999, -99999, 2 ppb, 0.3 ppb, -99999, -99999, -99999, 0.05 ppb, 0.05 ppb, 0.05 ppb, 10 ng/m3, 10 ng/m3, 10 ng/m3, 10 ng/m3, 10 ng/m3, 10 ng/m3, 10 ng/m3, 10 ng/m3, 0
ULOD_FLAG: -77777
ULOD_VALUE: N/A
LLOD_FLAG: -88888
LLOD_VALUE: N/A
DM_CONTACT_INFO: Jiayang Sun; University of Maryland; jiayangs@umd.edu
PROJECT_INFO: USOS July - Aug 2024 https://deq.utah.gov/air-quality/utah-summer-ozone-study-usos
STIPULATIONS_ON_USE: Use of these data requires prior ok from PI.
OTHER_COMMENTS: N/A
REVISION: RA
RA: Preliminary Data for in-field use only.
StartTime_seconds, lat_DGPS_deg, lon_DGPS_deg, alt_msl_m, speed_km_h, RH, true_WS_m_s, true_WD_deg, CH4_aeris313_ppm, H2O_aeris313_ppm, C2H6_aeris313_ppb, r_aeris313, C2C1_aeris313, CO_g2401m_ppm, CO2_g2401m_ppm, CH4_g2401m_ppm, H2O_g2401m, delta13C_CH4_raw, delta13C_CO2_raw, CH4_g2201i_ppm, CO2_g2201i_ppm, NH3_g2301_ppb, O3_2B_ppm, NO_G60_ppb, NO2_G60_ppb, NOx_G60_ppb, NO_N500_ppb, NO2_N500_ppb, NOx_N500_ppb, BC370_AE43_ng_m3, BC470_AE43_ng_m3, BC520_AE43_ng_m3, BC590_AE43_ng_m3, BC660_AE43_ng_m3, BC880_AE43_ng_m3, BC950_AE43_ng_m3, PM25, PM10, Valve
[from data line 2257]
2257.0, 40.7806922585, -111.94097778833333, 1290.325, 0.15, 12.6, -99999.0, -99999.0, 2.04623, 11218.7, -0.838418, -0.0129919, -99999.0, 0.19271601118499998, 418.99734383, 2.0102998997, 0.9819133114, -29.923059994, -7.0333092054, 1.946441624063, 419.2174531125, -99999.0, 69.8, 4.79, 1.41, 6.2, -0.07, 2.672, 2.594, 609.0, 528.0, 550.0, 397.0, 487.0, 520.0, 515.0, -99999.0, -99999.0, 0.0
2258.0, 40.780692336166666, -111.9409778925, 1290.302, 0.09, 12.7, -99999.0, -99999.0, 2.04771, 11304.9, -1.40778, -0.0636415, -99999.0, 0.19271622464, 419.03428113, 2.0102998997, 0.9819133114, -99999.0, -99999.0, -99999.0, -99999.0, -99999.0, -99999.0, 4.79, 1.4, 6.19, -0.07, 2.672, 2.594, 600.0, 598.0, 556.0, 369.0, 438.0, 181.0, 663.0, -99999.0, -99999.0, 0.0
2259.0, 40.78069246483333, -111.94097792550001, 1290.27, 0.24, 12.7, -99999.0, -99999.0, 2.04395, 11331.3, -1.11452, -0.093789, -99999.0, 0.19411814367, 419.03428113, 2.0102998997, 0.9819133114, -29.923059994, -7.0333092054, 1.946441624063, 419.2174531125, -99999.0, 69.7, 4.8, 1.4, 6.21, -0.07, 2.672, 2.594, 375.0, 675.0, 688.0, 372.0, 566.0, 323.0, 480.0, -99999.0, -99999.0, 0.0
2260.0, 40.7806925785, -111.9409779435, 1290.247, 0.16, 12.7, -99999.0, -99999.0, 2.04805, 11309.7, -1.24703, -0.0770304, -99999.0, 0.19411814295, 419.03917251999997, 2.0127150097, 0.99900755577, -29.923059994, -7.069248392, 1.946441624063, 419.36434842165, -99999.0, -99999.0, 4.83, 1.42, 6.26, -0.07, 2.672, 2.594, 541.0, 554.0, 438.0, 283.0, 380.0, 349.0, -27.0, -99999.0, -99999.0, 0.0
2261.0, 40.780692685666665, -111.94097801233332, 1290.224, 0.03, 12.7, -99999.0, -99999.0, -99999.0, -99999.0, -99999.0, -99999.0, -99999.0, 0.18809948429, 419.07660956, 2.0127150097, 0.99900755577, -99999.0, -99999.0, -99999.0, -99999.0, -99999.0, 67.9, 4.84, 1.42, 6.25, -0.07, 2.672, 2.594, 481.0, 399.0, 168.0, 483.0, 356.0, 382.0, 643.0, -99999.0, -99999.0, 0.0
2262.0, 40.7806928, -111.94097798983333, 1290.195, 0.08, 12.8, -99999.0, -99999.0, 2.05036, 11253.4, -1.37247, -0.213099, -99999.0, 0.18809884144, 418.96622369, 2.0113352487, 0.94833471475, -30.442670278, -7.1051875786, 1.946730288115, 419.36418092779996, -99999.0, -99999.0, 4.82, 1.43, 6.25, -0.07, 2.672, 2.594, 724.0, 352.0, 443.0, 354.0, 421.0, 221.0, 279.0, -99999.0, -99999.0, 0.0
2263.0, 40.78069294416667, -111.94097791466666, 1290.16, 0.12, 12.8, -99999.0, -99999.0, 2.04976, 11270.4, -1.37583, -0.253969, -99999.0, 0.18809819859, 418.59581428, 2.0113352487, 0.94833471475, -99999.0, -99999.0, -99999.0, -99999.0, -99999.0, 65.4, 4.82, 1.4, 6.22, -0.07, 2.672, 2.594, 600.0, 401.0, 278.0, 148.0, 514.0, 284.0, 616.0, -99999.0, -99999.0, 0.0
2264.0, 40.78069305016667, -111.94097785416668, 1290.133, 0.27, 12.8, -99999.0, -99999.0, 2.04735, 11292.5, -1.20159, -0.369548, -99999.0, 0.1936845458, 418.59581428, 2.0113352487, 0.94833471475, -30.442670278, -7.1051875786, 1.946730288115, 419.36418092779996, -99999.0, -99999.0, 4.8, 1.38, 6.19, -0.07, 2.672, 2.594, 609.0, 549.0, 385.0, 576.0, 356.0, 297.0, 399.0, -99999.0, -99999.0, 0.0
2265.0, 40.780693131166665, -111.94097784599998, 1290.111, 0.11, 12.8, -99999.0, -99999.0, 2.049, 11224.9, -1.1817, -0.334657, -99999.0, 0.19368411295, 418.49970896, 2.0101897852, 0.96967626245, -30.442670278, -7.1051875786, 1.946730288115, 419.5331024896, -99999.0, 65.4, 4.86, 1.36, 6.22, -0.07, 2.672, 2.594, 417.0, 277.0, 275.0, 191.0, 38.0, 207.0, 117.0, -99999.0, -99999.0, 0.0
2266.0, 40.780693212833334, -111.94097780133333, 1290.094, 0.15, 12.8, -99999.0, -99999.0, 2.049, 11130.4, -1.31552, -0.409067, -99999.0, 0.18653631737999998, 418.34753964, 2.0101897852, 0.96967626245, -30.442670278, -7.6440601309, 1.946730288115, 419.53059007300004, -99999.0, -99999.0, 4.88, 1.33, 6.21, -0.07, 2.672, 2.594, 481.0, 199.0, 160.0, 311.0, -14.0, 557.0, 361.0, -99999.0, -99999.0, 0.0
2267.0, 40.78069323383333, -111.94097778316667, 1290.09, 0.18, 12.7, -99999.0, -99999.0, 2.04847, 11083.8, -1.34109, -0.422143, -99999.0, 0.17938895466, 418.32819416, 2.010372786, 0.94243738074, -38.806996392, -7.6440601309, 1.954746885487, 419.53059007300004, -99999.0, 68.1, 4.87, 1.29, 6.16, -0.07, 2.672, 2.594, 601.0, 427.0, 303.0, 502.0, 221.0, 500.0, 306.0, -99999.0, -99999.0, 0.0
2268.0, 40.78069326333333, -111.94097780616667, 1290.083, 0.08, 12.7, -99999.0, -99999.0, 2.04685, 11102.2, -1.49863, -0.378659, -99999.0, 0.1793896713, 418.388646145, 2.010372786, 0.94243738074, -99999.0, -99999.0, -99999.0, -99999.0, -99999.0, -99999.0, 4.83, 1.25, 6.08, -0.07, 2.672, 2.594, 609.0, 450.0, 222.0, 305.0, 287.0, 323.0, 327.0, -99999.0, -99999.0, 0.0
2269.0, 40.78069319733333, -111.94097782516668, 1290.081, 0.12, 12.7, -99999.0, -99999.0, 2.04786, 11085.9, -1.18843, -0.369987, -99999.0, 0.19233178751, 418.44909813, 2.010372786, 0.94243738074, -99999.0, -99999.0, -99999.0, -99999.0, -99999.0, 69.5, 4.81, 1.21, 6.02, -0.07, 2.672, 2.594, 656.0, 352.0, 196.0, 465.0, 407.0, 297.0, 191.0, -99999.0, -99999.0, 0.0
2270.0, 40.780693153, -111.94097780149998, 1290.083, 0.07, 12.6, -99999.0, -99999.0, 2.04963, 11035.4, -1.21706, -0.328915, -99999.0, 0.192331464505, 418.29092976, 2.0098510587, 0.92141903744, -38.806996392, -7.6440601309, 1.954746885487, 419.2627971767, -99999.0, -99999.0, 4.88, 1.17, 6.05, -0.07, 2.672, 2.594, 298.0, 500.0, 685.0, 397.0, 183.0, 662.0, 45.0, -99999.0, -99999.0, 0.0
2271.0, 40.780693155333324, -111.94097775783332, 1290.078, 0.06, 12.6, -99999.0, -99999.0, 2.0497, 10985.9, -1.34333, -0.34687, -99999.0, 0.1923311415, 418.16537847, 2.0098510587, 0.92141903744, -38.806996392, -7.3750407423, 1.954746885487, 418.9962569438, -99999.0, 69.1, 4.83, 1.15, 5.98, -0.07, 2.672, 2.594, 549.0, 401.0, 410.0, 502.0, 193.0, 85.0, 14.0, -99999.0, -99999.0, 0.0
2272.0, 40.78069316983333, -111.9409777915, 1290.077, 0.13, 12.5, -99999.0, -99999.0, 2.04646, 10957.3, -1.33862, -0.328259, -99999.0, 0.18790980392, 418.16284552499997, 2.0097018187, 0.93115454955, -99999.0, -99999.0, -99999.0, -99999.0, -99999.0, -99999.0, 4.81, 1.12, 5.92, -0.07, 2.672, 2.594, 609.0, 401.0, 194.0, 363.0, 445.0, 251.0, 320.0, -99999.0, -99999.0, 0.0
2273.0, 40.780693151166666, -111.94097778449999, 1290.082, 0.13, 12.4, -99999.0, -99999.0, 2.04791, 10904.7, -1.20579, -0.350528, -99999.0, 0.18790976801, 418.124361, 2.0095525787, 0.94089006166, -34.126567003, -7.3750407423, 1.952150711082, 418.9962569438, -99999.0, 68.6, 4.88, 1.06, 5.94, -0.217, 2.672, 2.453, 494.0, 476.0, 497.0, 354.0, 725.0, 253.0, 349.0, -99999.0, -99999.0, 0.0
2274.0, 40.78069313333332, -111.9409777695, 1290.091, 0.04, 12.4, -99999.0, -99999.0, 2.04713, 10830.8, -1.32923, -0.36936, -99999.0, 0.19430774348, 418.08840942, 2.0095525787, 0.94089006166, -99999.0, -99999.0, -99999.0, -99999.0, -99999.0, -99999.0, 4.87, 1.03, 5.9, -0.217, 2.672, 2.453, 475.0, 325.0, 361.0, 304.0, 650.0, 305.0, 362.0, -99999.0, -99999.0, 0.0
2275.0, 40.78069306133333, -111.9409777925, 1290.105, 0.15, 12.4, -99999.0, -99999.0, -99999.0, -99999.0, -99999.0, -99999.0, -99999.0, 0.19430743451, 418.15775329, 2.0094026475, 0.94258244425, -34.126567003, -7.3750407423, 1.952150711082, 418.9962569438, -99999.0, 68.5, 4.87, 0.98, 5.85, -0.217, 2.672, 2.453, 605.0, 352.0, 500.0, 295.0, 383.0, 7.0, 147.0, -99999.0, -99999.0, 0.0
2276.0, 40.78069295183333, -111.94097785166666, 1290.121, 0.11, 12.3, -99999.0, -99999.0, 2.04724, 10791.5, -1.26073, -0.378783, -99999.0, 0.19430712554, 418.02276688, 2.0094026475, 0.94258244425, -34.126567003, -7.233443356, 1.952150711082, 419.14662322075, -99999.0, -99999.0, 4.88, 0.93, 5.81, -0.217, 2.672, 2.453, 545.0, 476.0, 550.0, 234.0, 276.0, 659.0, 234.0, -99999.0, -99999.0, 0.0
2277.0, 40.780692882000004, -111.94097795416668, 1290.136, 0.08, 12.3, -99999.0, -99999.0, -99999.0, -99999.0, -99999.0, -99999.0, -99999.0, 0.18765845477, 417.987789155, 2.00942180295, 0.931058848365, -99999.0, -99999.0, -99999.0, -99999.0, -99999.0, 68.7, 4.83, 0.9, 5.73, -0.217, 2.672, 2.453, 481.0, 251.0, 634.0, 585.0, 224.0, 352.0, 478.0, -99999.0, -99999.0, 0.0
2278.0, 40.78069275666666, -111.94097798166668, 1290.152, 0.14, 12.3, -99999.0, -99999.0, 2.04671, 10836.6, -1.11667, -0.30987, -99999.0, 0.18765864902, 417.97617547, 2.0094409584, 0.91953525248, -40.832217346, -7.0918459697, 1.961634046822, 419.1472827912, -99999.0, -99999.0, 4.86, 0.85, 5.71, -0.217, 2.672, 2.453, 543.0, 500.0, 439.0, 442.0, 379.0, 207.0, 491.0, -99999.0, -99999.0, 0.0
2279.0, 40.78069253783333, -111.94097823866666, 1290.186, 0.18, 12.3, -99999.0, -99999.0, 2.04791, 10856.7, -1.35541, -0.310922, -99999.0, 0.18603500387, 417.99953951, 2.0094409584, 0.91953525248, -99999.0, -99999.0, -99999.0, -99999.0, -99999.0, 65.7, 4.86, 0.82, 5.68, -0.217, 2.672, 2.453, 545.0, 450.0, 390.0, 292.0, 380.0, 122.0, 631.0, -99999.0, -99999.0, 0.0
2280.0, 40.78069200883333, -111.94097908416667, 1290.262, 0.05, 12.3, -99999.0, -99999.0, 2.04903, 10843.7, -1.16255, -0.294089, -99999.0, 0.186034955785, 417.844897, 2.0084906703, 0.89534476946, -40.832217346, -7.0918459697, 1.961634046822, 419.1472827912, -99999.0, -99999.0, 4.86, 0.78, 5.64, -0.217, 2.672, 2.453, 413.0, 551.0, 356.0, 415.0, 252.0, 461.0, 395.0, -99999.0, -99999.0, 0.0
2281.0, 40.78069172199999, -111.94097957883332, 1290.303, 0.1, 12.3, -99999.0, -99999.0, 2.04819, 10814.9, -0.96071, -0.253963, -99999.0, 0.1860349077, 417.8220169, 2.0084906703, 0.89534476946, -40.832217346, -6.428492569099999, 1.961634046822, 418.41041238054993, -99999.0, 63.5, 4.85, 0.72, 5.58, -0.217, 2.672, 2.453, 656.0, 476.0, 609.0, 129.0, 207.0, 395.0, 434.0, -99999.0, -99999.0, 0.0
2282.0, 40.78069157516667, -111.94097983916666, 1290.327, 0.16, 12.2, -99999.0, -99999.0, 2.04775, 10776.3, -1.15993, -0.223639, -99999.0, 0.17180887962, 417.8220169, 2.0084906703, 0.89534476946, -99999.0, -99999.0, -99999.0, -99999.0, -99999.0, -99999.0, 4.83, 0.68, 5.52, -0.217, 2.672, 2.453, 430.0, 603.0, 522.0, 603.0, 432.0, 116.0, 795.0, -99999.0, -99999.0, 0.0
2283.0, 40.780691330833335, -111.94098010466665, 1290.351, 0.15, 12.2, -99999.0, -99999.0, 2.04644, 10726.5, -1.10051, -0.295151, -99999.0, 0.17180790557333334, 417.5580576166667, 2.0070669954, 0.88848024771, -34.063872441, -5.7651391685, 1.948495920776, 418.41349687179996, -99999.0, 68.7, 4.82, 0.65, 5.47, -0.217, 2.672, 2.453, 490.0, 551.0, 413.0, 252.0, 273.0, 148.0, 384.0, -99999.0, -99999.0, 0.0
2284.0, 40.780691022333336, -111.94098036716666, 1290.377, 0.07, 12.1, -99999.0, -99999.0, 2.04548, 10665.4, -0.913136, -0.384593, -99999.0, 0.18606462724, 417.23330455, 2.0070669954, 0.88848024771, -99999.0, -99999.0, -99999.0, -99999.0, -99999.0, -99999.0, 4.86, 0.61, 5.47, -0.217, 2.672, 2.453, 596.0, 298.0, 609.0, 342.0, 566.0, 356.0, 901.0, -99999.0, -99999.0, 0.0
2285.0, 40.780690739, -111.94098070416666, 1290.413, 0.04, 12.1, -99999.0, -99999.0, 2.04711, 10592.6, -1.10577, -0.376014, -99999.0, 0.18606476685, 417.21815669, 2.0070079717, 0.89070802206, -34.063872441, -5.7651391685, 1.948495920776, 418.41349687179996, -99999.0, 74.5, 4.85, 0.55, 5.4, -0.217, 2.672, 2.453, 733.0, 652.0, 247.0, 77.0, 722.0, 376.0, 237.0, -99999.0, -99999.0, 0.0
2286.0, 40.780690395499995, -111.94098110566668, 1290.458, 0.02, 12.0, -99999.0, -99999.0, 2.04496, 10511.1, -1.36314, -0.299097, -99999.0, 0.18606490646, 417.23544576, 2.0070079717, 0.89070802206, -34.063872441, -6.2968080101999995, 1.948495920776, 418.5975994222, -99999.0, -99999.0, 4.91, 0.49, 5.4, -0.217, 2.672, 2.453, 728.0, 500.0, 553.0, 249.0, 407.0, 118.0, 458.0, -99999.0, -99999.0, 0.0
2287.0, 40.78069007, -111.94098149733333, 1290.5, 0.06, 11.9, -99999.0, -99999.0, 2.04815, 10462.1, -1.38358, -0.248686, -99999.0, 0.18044917238, 417.23544576, 2.0070079717, 0.89070802206, -99999.0, -99999.0, -99999.0, -99999.0, -99999.0, 74.2, 4.9, 0.41, 5.32, -0.217, 2.672, 2.453, 541.0, 401.0, 525.0, 631.0, 590.0, 207.0, 238.0, -99999.0, -99999.0, 0.0
2288.0, 40.780689743333326, -111.94098189, 1290.548, 0.16, 11.9, -99999.0, -99999.0, 2.04488, 10439.2, -1.44126, -0.158021, -99999.0, 0.18044906688, 417.26019511, 2.0072218822, 0.8960548882, -32.609172614, -6.8284768519, 1.947800250649, 418.59512614150003, -99999.0, -99999.0, 4.91, 0.34, 5.25, -0.217, 2.672, 2.453, 728.0, 378.0, 387.0, 209.0, 287.0, 513.0, 190.0, -99999.0, -99999.0, 0.0
2289.0, 40.78068941833333, -111.94098222866666, 1290.599, 0.12, 11.9, -99999.0, -99999.0, -99999.0, -99999.0, -99999.0, -99999.0, -99999.0, 0.18044896138, 417.16916819, 2.0072218822, 0.8960548882, -99999.0, -99999.0, -99999.0, -99999.0, -99999.0, 72.7, 4.95, 0.25, 5.19, -0.217, 2.672, 2.453, 481.0, 450.0, 441.0, 619.0, 228.0, 303.0, 226.0, -99999.0, -99999.0, 0.0
2290.0, 40.780689101166665, -111.94098257633335, 1290.65, 0.03, 11.8, -99999.0, -99999.0, 2.04593, 10416.3, -1.2363, -0.197275, -99999.0, 0.18516133368, 417.164512645, 2.00697630365, 0.891956684845, -32.609172614, -6.8284768519, 1.947800250649, 418.59512614150003, -99999.0, -99999.0, 4.93, 0.21, 5.14, -0.217, 2.672, 2.453, 545.0, 500.0, 522.0, 326.0, 459.0, 699.0, 199.0, -99999.0, -99999.0, 0.0
2291.0, 40.780688829000006, -111.94098289066666, 1290.698, 0.13, 11.8, -99999.0, -99999.0, 2.04579, 10416.4, -1.22341, -0.161349, -99999.0, 0.18516058812, 417.03805267999996, 2.0067307251, 0.88785848149, -32.609172614, -7.203655010149999, 1.947800250649, 418.3262722303, -99999.0, 74.0, 4.97, 0.14, 5.11, -0.217, 2.672, 2.453, 477.0, 300.0, 247.0, 622.0, 159.0, 718.0, 385.0, -99999.0, -99999.0, 0.0
2292.0, 40.780688537833335, -111.94098323933333, 1290.747, 0.15, 11.8, -99999.0, -99999.0, 2.04603, 10441.1, -1.6336, -0.00918988, -99999.0, 0.17406110742, 416.91624826, 2.0067307251, 0.88785848149, -99999.0, -99999.0, -99999.0, -99999.0, -99999.0, -99999.0, 5.0, 0.1, 5.1, -0.217, 2.672, 2.453, 737.0, 502.0, 385.0, 354.0, 314.0, 227.0, 226.0, -99999.0, -99999.0, 0.0
2293.0, 40.780688243666674, -111.94098360966667, 1290.799, 0.16, 11.8, -99999.0, -99999.0, 2.04566, 10459.3, -1.77706, 0.147219, -99999.0, 0.17406134374499999, 416.81370178, 2.0059904494, 0.86464752837, -33.459137126, -7.5788331684, 1.9488366951749998, 418.32452804540003, -99999.0, 75.3, 5.02, 0.04, 5.06, -0.217, 2.672, 2.453, 537.0, 505.0, 609.0, 277.0, 328.0, 330.0, 93.0, -99999.0, -99999.0, 0.0
2294.0, 40.7806880535, -111.94098393466666, 1290.842, 0.11, 11.8, -99999.0, -99999.0, 2.04641, 10433.5, -1.49792, 0.164973, -99999.0, 0.17406158007, 416.91540654, 2.0059904494, 0.86464752837, -99999.0, -99999.0, -99999.0, -99999.0, -99999.0, -99999.0, 5.02, -0.02, 5.0, -0.217, 2.672, 2.453, 366.0, 549.0, 163.0, 397.0, 514.0, 421.0, 349.0, -99999.0, -99999.0, 0.0
2295.0, 40.780687822999994, -111.94098418749999, 1290.888, 0.09, 11.8, -99999.0, -99999.0, 2.04419, 10379.9, -1.44364, 0.198401, -99999.0, 0.17665970694, 416.893785505, 2.0060937151, 0.869626138195, -33.459137126, -7.5788331684, 1.9488366951749998, 418.32452804540003, -99999.0, 73.8, 4.98, -0.04, 4.94, 0.156, 2.219, 2.375, 473.0, 502.0, 281.0, 77.0, 249.0, 279.0, 402.0, -99999.0, -99999.0, 0.0
2296.0, 40.780687600666674, -111.94098442616665, 1290.929, 0.07, 11.8, -99999.0, -99999.0, 2.04151, 10325.5, -1.22283, 0.150726, -99999.0, 0.17666064289, 417.075027505, 2.0061969808, 0.87460474802, -33.459137126, -7.28045967545, 1.9488366951749998, 418.00024332370003, -99999.0, -99999.0, 5.01, -0.09, 4.92, 0.156, 2.219, 2.375, 426.0, 626.0, 359.0, 440.0, 539.0, 129.0, 387.0, -99999.0, -99999.0, 0.0
2297.0, 40.780687336166665, -111.94098463066666, 1290.97, 0.06, 11.8, -99999.0, -99999.0, 2.04377, 10268.7, -1.57063, 0.236878, -99999.0, 0.18344929723, 417.27789054, 2.0061969808, 0.87460474802, -99999.0, -99999.0, -99999.0, -99999.0, -99999.0, 71.4, 5.02, -0.13, 4.89, 0.156, 2.219, 2.375, 673.0, 474.0, 334.0, 603.0, 380.0, 524.0, 215.0, -99999.0, -99999.0, 0.0
