arc_raw/USOS-ARL-Suite_ARC_20240727_RA.ict
71,1001
Xinrong Ren
NOAA Air Resources Lab
ARC-Suite
USOS: Utah Summer Ozone Study
1,1
2024,07,27,2024,07,27
1
StartTime_seconds, seconds, Start time in UTC seconds since midnight
38
1,1,1,1,1,1,1,1,1,1,1,1,1,1,1,1,1,1,1,1,1,1,1,1,1,1,1,1,1,1,1,1,1,1,1,1,1,1
-99999,-99999,-99999,-99999,-99999,-99999,-99999,-99999,-99999,-99999,-99999,-99999,-99999,-99999,-99999,-99999,-99999,-99999,-99999,-99999,-99999,-99999,-99999,-99999,-99999,-99999,-99999,-99999,-99999,-99999,-99999,-99999,-99999,-99999,-99999,-99999,-99999,-99999
lat_DGPS_deg, degrees, Latitude in decimal by Hemisphere VS1100 Differential GPS
lon_DGPS_deg, degrees, Longitude in decimal by Hemisphere VS1100 Differential GPS
alt_msl_m, meters, GPS Altitude MSL
speed_km_h, km/s, vehicle speed
RH, percent, relative humidity
true_WS_m_s, m/s, wind speed by 2D sonic sensor
true_WD_deg, degree, wind direction by 2D sonic sensor
CH4_aeris313_ppm, ppm, CH4 mixing ratio by Aeris
H2O_aeris313_ppm, ppm, H2O mixing ratio by Aeris
C2H6_aeris313_ppb, ppb, C2H6 mixing ratio by Aeris
r_aeris313, 1, relavence between CH4 and C2H6 by Aeris
C2C1_aeris313, 1, C2H6 to CH4 ratio by Aeris
CO_g2401m_ppm, ppm, CO mixing ratio by Picarro G2401m
CO2_g2401m_ppm, ppm, CO2 mixing ratio by Picarro G2401m
CH4_g2401m_ppm, ppm, CH4 mixing ratio by Picarro G2401m
H2O_g2401m, ppm, H2O mixing ratio by Picarro G2401m
delta13C_CH4_raw, permill, delta 13C of CH4 by Picarro G2201i
delta13C_CO2_raw, permill, delta 13C of CO2 by Picarro G2201i
CH4_g2201i_ppm, ppm, CH4 mixing ratio by Picarro G2201i
CO2_g2201i_ppm, ppm, CO2 mixing ratio by Picarro G2201i
NH3_g2301_ppb, ppb, NH3 mixing ratio by Picarro G2301
O3_2B_ppm, ppm, O3 mixing ratio by 2B
NO_G60_ppb, ppb, NO mixing ratio by G60
NO2_G60_ppb, ppb, NO2 mixing ratio by G60
NOx_G60_ppb, ppb, NOx mixing ratio by G60
NO_N500_ppb, ppb, NO mixing ratio by N500
NO2_N500_ppb, ppb, NO2 mixing ratio by N500
NOx_N500_ppb, ppb, NOx mixing ratio by N500
BC370_AE43_ng_m3, ng/m3, Black Carbon at 370 nm by AE43
BC470_AE43_ng_m3, ng/m3, Black Carbon at 470 nm by AE43
BC520_AE43_ng_m3, ng/m3, Black Carbon at 520 nm by AE43
BC590_AE43_ng_m3, ng/m3, Black Carbon at 590 nm by AE43
BC660_AE43_ng_m3, ng/m3, Black Carbon at 660 nm by AE43
BC880_AE43_ng_m3, ng/m3, Black Carbon at 880 nm by AE43
BC950_AE43_ng_m3, ng/m3, Black Carbon at 950 nm by AE43
PM25, ug/m3, PM2.5 by particle sensor
PM10, ug/m3, PM10 by particle sensor
Valve, boolian, indicator of valve conditions;0 is measurement; 10 is zeroing; 11 is spanning
1
SPECIAL COMMENTS, N/A
18
PI_CONTACT_INFO: xinrong.ren@noaa.gov, 301-683-1391, NOAA/ARL, 5830 University Research Court, College Park, MD 20740
PLATFORM: NOAA Air Resources Car
LOCATION: Salt Lake City
ASSOCIATED_DATA: N/A
INSTRUMENT_INFO: Hemisphere VS1100 differential GPS (Latitude, Longitude, GPS Altitude, speed), meteorological sensor (RH, WS, WD), 2B (O3), G60 CRDS (NO-NOx), Teledyne N500 (NO-NOx), Picarro G2401-m (CO2, CH4, CO, H2O), Picarro G2201i (CO2, CH4, d13C_CO2, d13C_CH4, H2O), Picarro 2301 (NH3), Aeris Ultra MIRA (CH4, C2H6, H2O, r, C2/C1), AE43 (Black Carbon), Partical sensor (PM2.5, PM10)
DATA_INFO: Records are reported at 1-second intervals. Hemisphere VS1100 differential GPS has 1-second ntervals. 2B O3 values are reported 2-second averages. G60 Cavity Rong Down NO-NO2-NO2 has 1-second average. Teledyne CAPS NO2 analyzer has 10-second time resolution. Picarro 2401m (CO2, CH4, CO, H2O) data has 2.5-second time resolution. Picarro 2201i (isotope) has ~5 second time resolution. Aeris Ultra MIRA has 1-second integration time. AE43 data are 10-second moving averages. Partical sensor has 10-second time resolution.
UNCERTAINTY: -99999, -99999, -99999, 15 m, -99999, -99999, -99999, -99999, 1 ppb, 100 ppm, 0.2 ppb, -99999, -99999, 5 ppb, 0.1 ppm, 1 ppb, 100 ppm, -99999, -99999, -99999, -99999, 2 ppb, 0.3 ppb, -99999, -99999, -99999, 0.05 ppb, 0.05 ppb, 0.05 ppb, 10 ng/m3, 10 ng/m3, 10 ng/m3, 10 ng/m3, 10 ng/m3, 10 ng/m3, 10 ng/m3, 10 ng/m3, 0
ULOD_FLAG: -77777
ULOD_VALUE: N/A
LLOD_FLAG: -88888
LLOD_VALUE: N/A
DM_CONTACT_INFO: Jiayang Sun; University of Maryland; jiayangs@umd.edu
PROJECT_INFO: USOS July - Aug 2024 https://deq.utah.gov/air-quality/utah-summer-ozone-study-usos
STIPULATIONS_ON_USE: Use of these data requires prior ok from PI.
OTHER_COMMENTS: N/A
REVISION: RA
RA: Preliminary Data for in-field use only.
StartTime_seconds, lat_DGPS_deg, lon_DGPS_deg, alt_msl_m, speed_km_h, RH, true_WS_m_s, true_WD_deg, CH4_aeris313_ppm, H2O_aeris313_ppm, C2H6_aeris313_ppb, r_aeris313, C2C1_aeris313, CO_g2401m_ppm, CO2_g2401m_ppm, CH4_g2401m_ppm, H2O_g2401m, delta13C_CH4_raw, delta13C_CO2_raw, CH4_g2201i_ppm, CO2_g2201i_ppm, NH3_g2301_ppb, O3_2B_ppm, NO_G60_ppb, NO2_G60_ppb, NOx_G60_ppb, NO_N500_ppb, NO2_N500_ppb, NOx_N500_ppb, BC370_AE43_ng_m3, BC470_AE43_ng_m3, BC520_AE43_ng_m3, BC590_AE43_ng_m3, BC660_AE43_ng_m3, BC880_AE43_ng_m3, BC950_AE43_ng_m3, PM25, PM10, Valve
[from data line 4474]
8074.0, 40.78068438066667, -111.94099020683333, 1293.317, 0.24, 26.2, -99999.0, -99999.0, -99999.0, -99999.0, -99999.0, -99999.0, -99999.0, 0.19615728193, 433.42185896499996, 1.9623675056, 1.3822575445, -59.124100898, -7.017378691899999, 1.9198544049650001, 434.57628959169995, -99999.0, 64.1, 27.15, 3.61, 30.76, -1.516, 5.5, 4.0, 800.0, 683.0, 440.0, 570.0, 548.0, 421.0, 580.0, -99999.0, -99999.0, 0.0
8075.0, 40.78068462699999, -111.9409903105, 1293.265, 0.13, 26.2, -99999.0, -99999.0, -99999.0, -99999.0, -99999.0, -99999.0, -99999.0, 0.19615325624, 433.12732042, 1.963956978, 1.3802947312, -44.298209467, -7.1656587131, 1.8956785224400001, 434.5755734687, -99999.0, -99999.0, 27.12, 3.62, 30.74, -1.406, 5.375, 3.984, 741.0, 597.0, 372.0, 363.0, 391.0, 167.0, 289.0, -99999.0, -99999.0, 0.0
8076.0, 40.78068487533334, -111.94099033883334, 1293.218, 0.12, 26.2, -99999.0, -99999.0, -99999.0, -99999.0, -99999.0, -99999.0, -99999.0, 0.19290895122, 432.87244445, 1.963956978, 1.3802947312, -99999.0, -99999.0, -99999.0, -99999.0, -99999.0, 64.9, 27.05, 3.67, 30.72, -1.406, 5.375, 3.984, 684.0, 642.0, 477.0, 553.0, 373.0, 548.0, 602.0, -99999.0, -99999.0, 0.0
8077.0, 40.780685119833336, -111.94099038733333, 1293.173, 0.09, 26.2, -99999.0, -99999.0, -99999.0, -99999.0, -99999.0, -99999.0, -99999.0, 0.19290982426, 432.84803059, 1.9642913284, 1.3770511912, -44.298209467, -7.1656587131, 1.8956785224400001, 434.31772279265, -99999.0, -99999.0, 27.02, 3.71, 30.73, -1.406, 5.375, 3.984, 611.0, 612.0, 432.0, 545.0, 529.0, 746.0, 241.0, -99999.0, -99999.0, 0.0
8078.0, 40.78068530783332, -111.94099046799998, 1293.129, 0.11, 26.2, -99999.0, -99999.0, -99999.0, -99999.0, -99999.0, -99999.0, -99999.0, 0.1929106973, 433.04440907, 1.9642913284, 1.3770511912, -44.298209467, -7.1509064754, 1.8956785224400001, 434.0599432784, -99999.0, 67.4, 27.02, 3.75, 30.77, -1.406, 5.375, 3.984, 653.0, 315.0, 658.0, 553.0, 434.0, 587.0, 386.0, -99999.0, -99999.0, 0.0
8079.0, 40.78068552283332, -111.9409905285, 1293.086, 0.09, 26.2, -99999.0, -99999.0, -99999.0, -99999.0, -99999.0, -99999.0, -99999.0, 0.1911392371, 433.04038555499994, 1.963698768, 1.3774918564, -55.399012968, -7.1509064754, 1.932519309184, 434.0599432784, -99999.0, -99999.0, 27.04, 3.79, 30.83, -1.406, 5.375, 3.984, 798.0, 654.0, 518.0, 773.0, 446.0, 468.0, 487.0, -99999.0, -99999.0, 0.0
8080.0, 40.7806856545, -111.94099058100001, 1293.054, 0.09, 26.2, -99999.0, -99999.0, -99999.0, -99999.0, -99999.0, -99999.0, -99999.0, 0.19114005693, 433.117374925, 1.9631062076, 1.3779325216, -99999.0, -99999.0, -99999.0, -99999.0, -99999.0, 71.7, 27.08, 3.82, 30.9, -1.406, 5.375, 3.984, 753.0, 642.0, 532.0, 562.0, 565.0, 349.0, 547.0, -99999.0, -99999.0, 0.0
8081.0, 40.78068578566667, -111.940990665, 1293.016, 0.03, 26.1, -99999.0, -99999.0, -99999.0, -99999.0, -99999.0, -99999.0, -99999.0, 0.20938781622, 433.19838781, 1.9631062076, 1.3779325216, -55.399012968, -7.1509064754, 1.932519309184, 434.4896364521, -99999.0, -99999.0, 27.07, 3.86, 30.94, -1.406, 5.375, 3.984, 871.0, 399.0, 483.0, 306.0, 446.0, 388.0, 482.0, -99999.0, -99999.0, 0.0
8082.0, 40.7806859325, -111.94099074633331, 1292.975, 0.06, 26.1, -99999.0, -99999.0, -99999.0, -99999.0, -99999.0, -99999.0, -99999.0, 0.20938817429, 433.21328424, 1.96450772, 1.3814222568, -55.399012968, -7.3649155479, 1.932519309184, 434.9182952449, -99999.0, 75.1, 27.08, 3.91, 30.99, -1.406, 5.375, 3.984, 718.0, 635.0, 646.0, 488.0, 638.0, 635.0, 362.0, -99999.0, -99999.0, 0.0
8083.0, 40.780686043, -111.94099083733333, 1292.947, 0.25, 26.1, -99999.0, -99999.0, -99999.0, -99999.0, -99999.0, -99999.0, -99999.0, 0.20938853236, 433.25940204, 1.96450772, 1.3814222568, -54.56466272, -7.3649155479, 1.910697596298, 434.9182952449, -99999.0, -99999.0, 27.08, 3.91, 31.0, -1.406, 5.375, 3.984, 955.0, 765.0, 778.0, 709.0, 435.0, 566.0, 478.0, -99999.0, -99999.0, 0.0
8084.0, 40.780686159, -111.94099088683333, 1292.917, 0.05, 26.1, -99999.0, -99999.0, -99999.0, -99999.0, -99999.0, -99999.0, -99999.0, 0.20704661516, 433.25940204, 1.96450772, 1.3814222568, -99999.0, -99999.0, -99999.0, -99999.0, -99999.0, 75.0, 27.1, 3.94, 31.03, -1.406, 5.375, 3.984, 792.0, 537.0, 541.0, 632.0, 373.0, 436.0, 124.0, -99999.0, -99999.0, 0.0
8085.0, 40.78068624766667, -111.94099095983331, 1292.888, 0.15, 26.1, -99999.0, -99999.0, -99999.0, -99999.0, -99999.0, -99999.0, -99999.0, 0.20704881286, 433.4273548533333, 1.964834957, 1.3844619076999998, -54.56466272, -7.3649155479, 1.910697596298, 434.7076772102, -99999.0, -99999.0, 27.08, 3.97, 31.05, -1.406, 5.375, 3.984, 792.0, 749.0, 745.0, 372.0, 337.0, 325.0, 336.0, -99999.0, -99999.0, 0.0
8086.0, 40.780686347999996, -111.94099102883335, 1292.862, 0.22, 26.1, -99999.0, -99999.0, -99999.0, -99999.0, -99999.0, -99999.0, -99999.0, 0.19218507275, 433.71874696, 1.964834957, 1.3844619077, -54.56466272, -5.3173556629, 1.910697596298, 434.50694616500004, -99999.0, 72.7, 27.1, 3.99, 31.1, -1.406, 5.375, 3.984, 807.0, 732.0, 518.0, 557.0, 458.0, 420.0, 754.0, -99999.0, -99999.0, 0.0
8087.0, 40.780686417666665, -111.940991121, 1292.838, 0.11, 26.1, -99999.0, -99999.0, -99999.0, -99999.0, -99999.0, -99999.0, -99999.0, 0.192187217305, 433.75728031, 1.9645489389, 1.3927148643, -55.29398087, -5.3173556629, 1.911233241762, 434.50694616500004, -99999.0, -99999.0, 27.09, 4.01, 31.1, -1.406, 5.375, 3.984, 627.0, 557.0, 679.0, 479.0, 427.0, 286.0, 87.0, -99999.0, -99999.0, 0.0
8088.0, 40.78068648133333, -111.9409912395, 1292.82, 0.1, 26.1, -99999.0, -99999.0, -99999.0, -99999.0, -99999.0, -99999.0, -99999.0, 0.19218936186, 434.28580723, 1.9645489389, 1.3927148643, -99999.0, -99999.0, -99999.0, -99999.0, -99999.0, 70.6, 27.06, 4.04, 31.1, -1.406, 5.375, 3.984, 647.0, 601.0, 373.0, 413.0, 602.0, 579.0, 261.0, -99999.0, -99999.0, 0.0
8089.0, 40.78068653216667, -111.94099134000001, 1292.804, 0.03, 26.1, -99999.0, -99999.0, -99999.0, -99999.0, -99999.0, -99999.0, -99999.0, 0.20385517577, 434.28580723, 1.9645489389, 1.3927148643, -55.29398087, -5.3173556629, 1.911233241762, 434.63962466905, -99999.0, -99999.0, 27.07, 4.09, 31.15, -1.406, 5.375, 3.984, 689.0, 690.0, 413.0, 586.0, 481.0, 572.0, 633.0, -99999.0, -99999.0, 0.0
8090.0, 40.780686571, -111.94099146033335, 1292.794, 0.13, 26.1, -99999.0, -99999.0, -99999.0, -99999.0, -99999.0, -99999.0, -99999.0, 0.20385390574, 434.29182179, 1.9632337903, 1.3862217595, -55.29398087, -8.2256127773, 1.911233241762, 434.75825158519996, -99999.0, 69.4, 27.12, 4.1, 31.22, -1.406, 5.375, 3.984, 779.0, 588.0, 716.0, 454.0, 410.0, 254.0, 204.0, -99999.0, -99999.0, 0.0
8091.0, 40.7806866015, -111.94099155350001, 1292.781, 0.05, 26.1, -99999.0, -99999.0, -99999.0, -99999.0, -99999.0, -99999.0, -99999.0, 0.20385263571, 433.95250874, 1.9632337903, 1.3862217595, -47.90673586, -8.2256127773, 1.9110616538090002, 434.75825158519996, -99999.0, -99999.0, 27.1, 4.12, 31.23, -1.406, 5.375, 3.984, 504.0, 534.0, 488.0, 389.0, 459.0, 589.0, 148.0, -99999.0, -99999.0, 0.0
8092.0, 40.78068666383333, -111.94099165116668, 1292.766, 0.11, 26.1, -99999.0, -99999.0, -99999.0, -99999.0, -99999.0, -99999.0, -99999.0, 0.21201679497, 433.94177611, 1.9642602119, 1.3863244777000001, -99999.0, -99999.0, -99999.0, -99999.0, -99999.0, 66.8, 27.07, 4.16, 31.24, -1.406, 5.375, 3.984, 755.0, 501.0, 389.0, 425.0, 427.0, 143.0, 380.0, -99999.0, -99999.0, 0.0
8093.0, 40.780686681166664, -111.94099176883334, 1292.753, 0.06, 26.1, -99999.0, -99999.0, -99999.0, -99999.0, -99999.0, -99999.0, -99999.0, 0.21201847182, 434.027099615, 1.9652866335, 1.3864271959, -47.90673586, -8.2256127773, 1.9110616538090002, 435.14338210694996, -99999.0, -99999.0, 27.07, 4.21, 31.28, -1.406, 5.375, 3.984, 719.0, 605.0, 492.0, 607.0, 644.0, 571.0, 283.0, -99999.0, -99999.0, 0.0
8094.0, 40.78068670533332, -111.9409918785, 1292.741, 0.14, 26.1, -99999.0, -99999.0, -99999.0, -99999.0, -99999.0, -99999.0, -99999.0, 0.20975130271, 434.12315575, 1.9652866335, 1.3864271959, -47.90673586, -8.0072615636, 1.9110616538090002, 435.5295694876, -99999.0, 67.7, 27.07, 4.23, 31.3, -1.406, 5.375, 3.984, 676.0, 563.0, 340.0, 388.0, 596.0, 222.0, 77.0, -99999.0, -99999.0, 0.0
8095.0, 40.78068671516667, -111.94099205250001, 1292.736, 0.09, 26.1, -99999.0, -99999.0, -99999.0, -99999.0, -99999.0, -99999.0, -99999.0, 0.20975180422, 434.16623174, 1.9648118362, 1.3988345727, -49.728236513, -8.0072615636, 1.9109400590869998, 435.5295694876, -99999.0, -99999.0, 27.05, 4.25, 31.3, -1.406, 5.375, 3.984, 702.0, 506.0, 498.0, 657.0, 541.0, 627.0, 420.0, -99999.0, -99999.0, 0.0
8096.0, 40.78068675166667, -111.94099215850001, 1292.726, 0.3, 26.1, -99999.0, -99999.0, -99999.0, -99999.0, -99999.0, -99999.0, -99999.0, 0.20975230573, 434.34543545, 1.9648118362, 1.3988345727, -49.728236513, -8.0072615636, 1.9109400590869998, 435.5295694876, -99999.0, 73.1, 27.07, 4.31, 31.38, -1.406, 5.375, 3.984, 727.0, 649.0, 685.0, 466.0, 403.0, 412.0, 328.0, -99999.0, -99999.0, 0.0
8097.0, 40.7806867655, -111.94099224300001, 1292.715, 0.04, 26.2, -99999.0, -99999.0, -99999.0, -99999.0, -99999.0, -99999.0, -99999.0, 0.1983987634, 434.39585515500005, 1.9636566263500002, 1.4073823864500001, -49.728236513, -8.0072615636, 1.9109400590869998, 435.3113835741, -99999.0, -99999.0, 27.08, 4.34, 31.42, -1.539, 5.375, 3.844, 625.0, 530.0, 582.0, 475.0, 529.0, 389.0, 328.0, -99999.0, -99999.0, 0.0
8098.0, 40.78068679650001, -111.94099233, 1292.701, 0.13, 26.3, -99999.0, -99999.0, -99999.0, -99999.0, -99999.0, -99999.0, -99999.0, 0.19840089934, 434.58389343500005, 1.9625014165, 1.4159302002, -49.728236513, -6.6918387464, 1.9109400590869998, 435.3177472655, -99999.0, 73.8, 27.03, 4.41, 31.43, -1.539, 5.375, 3.844, 756.0, 697.0, 341.0, 553.0, 410.0, 571.0, 547.0, -99999.0, -99999.0, 0.0
8099.0, 40.78068681149999, -111.94099239233334, 1292.683, 0.08, 26.3, -99999.0, -99999.0, -99999.0, -99999.0, -99999.0, -99999.0, -99999.0, 0.19113150598, 434.72151201, 1.9625014165, 1.4159302002, -55.243101943, -6.6918387464, 1.914656585221, 435.3177472655, -99999.0, -99999.0, 27.05, 4.43, 31.48, -1.539, 5.375, 3.844, 645.0, 495.0, 606.0, 540.0, 421.0, 230.0, 863.0, -99999.0, -99999.0, 0.0
8100.0, 40.780686835833336, -111.94099245866667, 1292.658, 0.18, 26.5, -99999.0, -99999.0, -99999.0, -99999.0, -99999.0, -99999.0, -99999.0, 0.19113160674000002, 434.78056095, 1.9622543137, 1.4160895433, -55.243101943, -6.6918387464, 1.914656585221, 435.3177472655, -99999.0, 69.5, 27.05, 4.46, 31.52, -1.539, 5.375, 3.844, 827.0, 738.0, 647.0, 463.0, 398.0, 595.0, 166.0, -99999.0, -99999.0, 0.0
8101.0, 40.780686878500006, -111.94099255016665, 1292.632, 0.15, 26.6, -99999.0, -99999.0, -99999.0, -99999.0, -99999.0, -99999.0, -99999.0, 0.1911317075, 434.80041294, 1.9622543137, 1.4160895433, -55.243101943, -6.6918387464, 1.914656585221, 435.8197234135, -99999.0, -99999.0, 27.03, 4.48, 31.51, -1.539, 5.375, 3.844, 647.0, 523.0, 575.0, 371.0, 524.0, 547.0, 508.0, -99999.0, -99999.0, 0.0
8102.0, 40.78068696383333, -111.94099259166666, 1292.603, 0.1, 26.7, -99999.0, -99999.0, -99999.0, -99999.0, -99999.0, -99999.0, -99999.0, 0.1796248178, 434.80041294, 1.9622543137, 1.4160895433, -55.243101943, -6.9340647368, 1.914656585221, 435.81855023260005, -99999.0, 67.8, 27.07, 4.52, 31.59, -1.539, 5.375, 3.844, 778.0, 674.0, 708.0, 463.0, 487.0, 365.0, 821.0, -99999.0, -99999.0, 0.0
8103.0, 40.78068701516667, -111.94099263633333, 1292.583, 0.11, 26.7, -99999.0, -99999.0, -99999.0, -99999.0, -99999.0, -99999.0, -99999.0, 0.17963262348, 435.33274699000003, 1.9618708489, 1.4337099698, -47.308588203, -6.9340647368, 1.910192536371, 435.81855023260005, -99999.0, -99999.0, 27.04, 4.56, 31.6, -1.539, 5.375, 3.844, 815.0, 821.0, 579.0, 425.0, 343.0, 444.0, 385.0, -99999.0, -99999.0, 0.0
8104.0, 40.78068709033333, -111.94099266566667, 1292.567, 0.12, 26.7, -99999.0, -99999.0, -99999.0, -99999.0, -99999.0, -99999.0, -99999.0, 0.17256208649, 436.27575037, 1.9618708489, 1.4337099698, -47.308588203, -6.9340647368, 1.910192536371, 435.81855023260005, -99999.0, 69.0, 27.02, 4.58, 31.6, -1.539, 5.375, 3.844, 728.0, 433.0, 503.0, 553.0, 722.0, 278.0, 415.0, -99999.0, -99999.0, 0.0
8105.0, 40.78068714183333, -111.94099267716668, 1292.555, 0.06, 26.8, -99999.0, -99999.0, -99999.0, -99999.0, -99999.0, -99999.0, -99999.0, 0.17256431992, 436.37929568, 1.9614967675, 1.4462365249, -47.308588203, -6.9340647368, 1.910192536371, 436.0895070358, -99999.0, -99999.0, 27.06, 4.59, 31.65, -1.539, 5.375, 3.844, 866.0, 502.0, 349.0, 632.0, 500.0, 548.0, 356.0, -99999.0, -99999.0, 0.0
8106.0, 40.780687142000005, -111.94099272966666, 1292.54, 0.03, 26.9, -99999.0, -99999.0, -99999.0, -99999.0, -99999.0, -99999.0, -99999.0, 0.17256655335, 437.06387555, 1.9614967675, 1.4462365249, -47.308588203, -7.5800861978, 1.910192536371, 436.086376194, -99999.0, 69.0, 27.04, 4.62, 31.66, -1.539, 5.375, 3.844, 633.0, 711.0, 703.0, 500.0, 692.0, 849.0, 319.0, -99999.0, -99999.0, 0.0
8107.0, 40.78068714616666, -111.9409928065, 1292.518, 0.19, 27.0, -99999.0, -99999.0, -99999.0, -99999.0, -99999.0, -99999.0, -99999.0, 0.1817793899, 437.06387555, 1.9614967675, 1.4462365249, -51.785998899, -7.5800861978, 1.916574870941, 436.086376194, -99999.0, -99999.0, 27.04, 4.61, 31.65, -1.539, 5.375, 3.844, 815.0, 718.0, 564.0, 347.0, 482.0, 436.0, 331.0, -99999.0, -99999.0, 0.0
8108.0, 40.78068719316666, -111.9409928645, 1292.492, 0.08, 27.0, -99999.0, -99999.0, -99999.0, -99999.0, -99999.0, -99999.0, -99999.0, 0.18177958848, 437.10835678, 1.9611582407, 1.4466354981, -51.785998899, -7.5800861978, 1.916574870941, 436.086376194, -99999.0, 68.1, 27.07, 4.6, 31.67, -1.539, 5.375, 3.844, 591.0, 506.0, 431.0, 515.0, 541.0, 603.0, 799.0, -99999.0, -99999.0, 0.0
8109.0, 40.78068722433333, -111.94099293816667, 1292.474, 0.07, 27.1, -99999.0, -99999.0, -99999.0, -99999.0, -99999.0, -99999.0, -99999.0, 0.186922326305, 437.1395872, 1.9611582407, 1.4466354981, -51.785998899, -8.00627085915, 1.916574870941, 436.79189158919996, -99999.0, -99999.0, 27.01, 4.61, 31.63, -1.539, 5.375, 3.844, 713.0, 711.0, 498.0, 425.0, 446.0, 500.0, 400.0, -99999.0, -99999.0, 0.0
8110.0, 40.78068726149999, -111.94099298633334, 1292.454, 0.12, 27.1, -99999.0, -99999.0, -99999.0, -99999.0, -99999.0, -99999.0, -99999.0, 0.19206486555, 437.1054886, 1.9613377713, 1.4363287264, -99999.0, -99999.0, -99999.0, -99999.0, -99999.0, 68.4, 27.06, 4.6, 31.66, -1.539, 5.375, 3.844, 647.0, 656.0, 584.0, 540.0, 343.0, 198.0, 217.0, -99999.0, -99999.0, 0.0
8111.0, 40.78068734033332, -111.94099310150001, 1292.436, 0.02, 27.2, -99999.0, -99999.0, -99999.0, -99999.0, -99999.0, -99999.0, -99999.0, 0.1920641701, 437.039007755, 1.9613377713, 1.4363287264, -59.588875408, -8.4324555205, 1.926824488814, 436.7898228007, -99999.0, -99999.0, 27.09, 4.59, 31.69, -1.539, 5.375, 3.844, 503.0, 485.0, 480.0, 441.0, 500.0, 841.0, 343.0, -99999.0, -99999.0, 0.0
8112.0, 40.78068741883333, -111.94099318216668, 1292.416, 0.02, 27.2, -99999.0, -99999.0, -99999.0, -99999.0, -99999.0, -99999.0, -99999.0, 0.19772725908, 436.97252691, 1.9613377713, 1.4363287264, -59.588875408, -8.4324555205, 1.926824488814, 436.7898228007, -99999.0, 68.2, 27.07, 4.6, 31.67, -1.539, 5.375, 3.844, 712.0, 563.0, 860.0, 334.0, 385.0, 563.0, 463.0, -99999.0, -99999.0, 0.0
8113.0, 40.78068746833333, -111.9409933095, 1292.385, 0.21, 27.2, -99999.0, -99999.0, -99999.0, -99999.0, -99999.0, -99999.0, -99999.0, 0.19772565413499998, 436.91359159, 1.964092929, 1.4294995556, -59.588875408, -8.0099949101, 1.926824488814, 437.2547452893, -99999.0, -99999.0, 27.05, 4.61, 31.66, -1.539, 5.375, 3.844, 728.0, 800.0, 540.0, 507.0, 276.0, 349.0, 552.0, -99999.0, -99999.0, 0.0
