arc_raw/USOS-ARL-Suite_ARC_20240726_RA.ict
71,1001
Xinrong Ren
NOAA Air Resources Lab
ARC-Suite
USOS: Utah Summer Ozone Study
1,1
2024,07,26,2024,07,26
1
StartTime_seconds, seconds, Start time in UTC seconds since midnight
38
1,1,1,1,1,1,1,1,1,1,1,1,1,1,1,1,1,1,1,1,1,1,1,1,1,1,1,1,1,1,1,1,1,1,1,1,1,1
-99999,-99999,-99999,-99999,-99999,-99999,-99999,-99999,-99999,-99999,-99999,-99999,-99999,-99999,-99999,-99999,-99999,-99999,-99999,-99999,-99999,-99999,-99999,-99999,-99999,-99999,-99999,-99999,-99999,-99999,-99999,-99999,-99999,-99999,-99999,-99999,-99999,-99999
lat_DGPS_deg, degrees, Latitude in decimal by Hemisphere VS1100 Differential GPS
lon_DGPS_deg, degrees, Longitude in decimal by Hemisphere VS1100 Differential GPS
alt_msl_m, meters, GPS Altitude MSL
speed_km_h, km/s, vehicle speed
RH, percent, relative humidity
true_WS_m_s, m/s, wind speed by 2D sonic sensor
true_WD_deg, degree, wind direction by 2D sonic sensor
CH4_aeris313_ppm, ppm, CH4 mixing ratio by Aeris
H2O_aeris313_ppm, ppm, H2O mixing ratio by Aeris
C2H6_aeris313_ppb, ppb, C2H6 mixing ratio by Aeris
r_aeris313, 1, relavence between CH4 and C2H6 by Aeris
C2C1_aeris313, 1, C2H6 to CH4 ratio by Aeris
CO_g2401m_ppm, ppm, CO mixing ratio by Picarro G2401m
CO2_g2401m_ppm, ppm, CO2 mixing ratio by Picarro G2401m
CH4_g2401m_ppm, ppm, CH4 mixing ratio by Picarro G2401m
H2O_g2401m, ppm, H2O mixing ratio by Picarro G2401m
delta13C_CH4_raw, permill, delta 13C of CH4 by Picarro G2201i
delta13C_CO2_raw, permill, delta 13C of CO2 by Picarro G2201i
CH4_g2201i_ppm, ppm, CH4 mixing ratio by Picarro G2201i
CO2_g2201i_ppm, ppm, CO2 mixing ratio by Picarro G2201i
NH3_g2301_ppb, ppb, NH3 mixing ratio by Picarro G2301
O3_2B_ppm, ppm, O3 mixing ratio by 2B
NO_G60_ppb, ppb, NO mixing ratio by G60
NO2_G60_ppb, ppb, NO2 mixing ratio by G60
NOx_G60_ppb, ppb, NOx mixing ratio by G60
NO_N500_ppb, ppb, NO mixing ratio by N500
NO2_N500_ppb, ppb, NO2 mixing ratio by N500
NOx_N500_ppb, ppb, NOx mixing ratio by N500
BC370_AE43_ng_m3, ng/m3, Black Carbon at 370 nm by AE43
BC470_AE43_ng_m3, ng/m3, Black Carbon at 470 nm by AE43
BC520_AE43_ng_m3, ng/m3, Black Carbon at 520 nm by AE43
BC590_AE43_ng_m3, ng/m3, Black Carbon at 590 nm by AE43
BC660_AE43_ng_m3, ng/m3, Black Carbon at 660 nm by AE43
BC880_AE43_ng_m3, ng/m3, Black Carbon at 880 nm by AE43
BC950_AE43_ng_m3, ng/m3, Black Carbon at 950 nm by AE43
PM25, ug/m3, PM2.5 by particle sensor
PM10, ug/m3, PM10 by particle sensor
Valve, boolian, indicator of valve conditions;0 is measurement; 10 is zeroing; 11 is spanning
1
SPECIAL COMMENTS, N/A
18
PI_CONTACT_INFO: xinrong.ren@noaa.gov, 301-683-1391, NOAA/ARL, 5830 University Research Court, College Park, MD 20740
PLATFORM: NOAA Air Resources Car
LOCATION: Salt Lake City
ASSOCIATED_DATA: N/A
INSTRUMENT_INFO: Hemisphere VS1100 differential GPS (Latitude, Longitude, GPS Altitude, speed), meteorological sensor (RH, WS, WD), 2B (O3), G60 CRDS (NO-NOx), Teledyne N500 (NO-NOx), Picarro G2401-m (CO2, CH4, CO, H2O), Picarro G2201i (CO2, CH4, d13C_CO2, d13C_CH4, H2O), Picarro 2301 (NH3), Aeris Ultra MIRA (CH4, C2H6, H2O, r, C2/C1), AE43 (Black Carbon), Partical sensor (PM2.5, PM10)
DATA_INFO: Records are reported at 1-second intervals. Hemisphere VS1100 differential GPS has 1-second ntervals. 2B O3 values are reported 2-second averages. G60 Cavity Rong Down NO-NO2-NO2 has 1-second average. Teledyne CAPS NO2 analyzer has 10-second time resolution. Picarro 2401m (CO2, CH4, CO, H2O) data has 2.5-second time resolution. Picarro 2201i (isotope) has ~5 second time resolution. Aeris Ultra MIRA has 1-second integration time. AE43 data are 10-second moving averages. Partical sensor has 10-second time resolution.
UNCERTAINTY: -99999, -99999, -99999, 15 m, -99999, -99999, -99999, -99999, 1 ppb, 100 ppm, 0.2 ppb, -99999, -99999, 5 ppb, 0.1 ppm, 1 ppb, 100 ppm, -99999, -99999, -99999, -99999, 2 ppb, 0.3 ppb, -99999, -99999, -99999, 0.05 ppb, 0.05 ppb, 0.05 ppb, 10 ng/m3, 10 ng/m3, 10 ng/m3, 10 ng/m3, 10 ng/m3, 10 ng/m3, 10 ng/m3, 10 ng/m3, 0
ULOD_FLAG: -77777
ULOD_VALUE: N/A
LLOD_FLAG: -88888
LLOD_VALUE: N/A
DM_CONTACT_INFO: Jiayang Sun; University of Maryland; jiayangs@umd.edu
PROJECT_INFO: USOS July - Aug 2024 https://deq.utah.gov/air-quality/utah-summer-ozone-study-usos
STIPULATIONS_ON_USE: Use of these data requires prior ok from PI.
OTHER_COMMENTS: N/A
REVISION: RA
RA: Preliminary Data for in-field use only.
StartTime_seconds, lat_DGPS_deg, lon_DGPS_deg, alt_msl_m, speed_km_h, RH, true_WS_m_s, true_WD_deg, CH4_aeris313_ppm, H2O_aeris313_ppm, C2H6_aeris313_ppb, r_aeris313, C2C1_aeris313, CO_g2401m_ppm, CO2_g2401m_ppm, CH4_g2401m_ppm, H2O_g2401m, delta13C_CH4_raw, delta13C_CO2_raw, CH4_g2201i_ppm, CO2_g2201i_ppm, NH3_g2301_ppb, O3_2B_ppm, NO_G60_ppb, NO2_G60_ppb, NOx_G60_ppb, NO_N500_ppb, NO2_N500_ppb, NOx_N500_ppb, BC370_AE43_ng_m3, BC470_AE43_ng_m3, BC520_AE43_ng_m3, BC590_AE43_ng_m3, BC660_AE43_ng_m3, BC880_AE43_ng_m3, BC950_AE43_ng_m3, PM25, PM10, Valve
[from data line 1872]
1872.0, 40.780694673333336, -111.940983864, 1289.543, 0.15, 19.2, 0.77, 54.44, -3.70169, 9613.52, -50.1003, 1.0, 0.00990825, 0.11401429398, 423.93934638, 1.9605136224, 1.3155192317, -99999.0, -99999.0, -99999.0, -99999.0, -99999.0, 48.8, 26.95, -0.89, 26.06, -1.18, 0.494, -0.691, 185.0, 106.0, 239.0, 34.0, 200.0, 111.0, 450.0, 1.77, 1.77, 0.0
1873.0, 40.780694731833336, -111.94098387283333, 1289.532, 0.12, 19.2, 0.48, 51.92, -3.7017, 9613.52, -50.1004, 1.0, 0.00990825, 0.11401413217, 423.93731067, 1.9605136224, 1.3155192317, -42.154155648, -6.7587431525, 1.897223237638, 424.84149487039997, -99999.0, -99999.0, 26.96, -0.92, 26.04, -1.18, 0.494, -0.691, 215.0, 152.0, 184.0, 129.0, 278.0, 273.0, 111.0, -99999.0, -99999.0, 0.0
1874.0, 40.780694799, -111.94098389683334, 1289.528, 0.11, 19.2, 0.0, 0.0, -3.7017, 9613.52, -50.1003, 1.0, 0.00990825, 0.12384880639, 423.9577733, 1.9605158579, 1.32444558175, -42.154155648, -6.1936516976, 1.897223237638, 424.7397921478, -99999.0, 53.9, 26.93, -0.9, 26.02, -1.18, 0.494, -0.691, 364.0, 203.0, 337.0, 195.0, 104.0, -27.0, 127.0, -99999.0, -99999.0, 0.0
1875.0, 40.780694875333324, -111.94098390883333, 1289.515, 0.13, 19.2, 0.0, 0.0, -3.70169, 9613.52, -50.1003, 1.0, 0.00990826, 0.12385237575, 424.189786895, 1.9605180934, 1.3333719318, -51.589802115, -6.1936516976, 1.918000024051, 424.7397921478, -99999.0, -99999.0, 26.94, -0.92, 26.02, -0.996, 0.266, -0.73, 63.0, 395.0, 428.0, -222.0, 336.0, 150.0, 354.0, 1.75, 2.33, 0.0
1876.0, 40.7806949575, -111.9409839285, 1289.503, 0.16, 19.2, 0.0, 0.0, -3.70169, 9613.52, -50.1003, 1.0, 0.00990826, 0.11021351122, 424.40133786, 1.9605180934, 1.3333719318, -99999.0, -99999.0, -99999.0, -99999.0, -99999.0, 56.6, 26.89, -0.92, 25.97, -0.996, 0.266, -0.73, 110.0, 613.0, 494.0, 163.0, -19.0, 534.0, -235.0, -99999.0, -99999.0, 0.0
1877.0, 40.78069503283333, -111.9409839755, 1289.499, 0.07, 19.2, 0.0, 0.0, -3.70168, 9613.52, -50.1002, 1.0, 0.00990826, 0.11021369311500001, 424.43744162, 1.9603537601, 1.3263337204, -51.589802115, -6.1936516976, 1.918000024051, 424.73201019685, -99999.0, -99999.0, 26.88, -0.9, 25.98, -0.996, 0.266, -0.73, 422.0, 218.0, 27.0, -62.0, -84.0, 104.0, 304.0, 2.18, 3.13, 0.0
1878.0, 40.78069508850001, -111.94098401983335, 1289.493, 0.18, 19.2, 0.28, 200.23, -3.70168, 9613.52, -50.1001, 1.0, 0.00990828, 0.11021387501, 424.51740462, 1.9603537601, 1.3263337204, -51.589802115, -6.2442553178, 1.918000024051, 424.7239893968, -99999.0, 55.8, 26.86, -0.92, 25.94, -0.996, 0.266, -0.73, 329.0, 213.0, 266.0, 228.0, 323.0, 142.0, -126.0, -99999.0, -99999.0, 0.0
1879.0, 40.78069513816667, -111.94098405283333, 1289.484, 0.03, 19.2, 0.0, 0.0, -3.70168, 9613.52, -50.1002, 1.0, 0.00990828, 0.11317516729, 424.51740462, 1.9603537601, 1.3263337204, -59.464778889, -6.2442553178, 1.928106403094, 424.7239893968, -99999.0, -99999.0, 26.84, -0.93, 25.91, -0.996, 0.266, -0.73, -8.0, 15.0, 49.0, 194.0, 39.0, 138.0, 235.0, 1.53, 3.06, 0.0
1880.0, 40.78069516133333, -111.94098407883332, 1289.483, 0.14, 19.2, 0.35, 133.63, -3.70168, 9613.52, -50.1002, 1.0, 0.00990828, 0.11317570044333335, 424.56437200666664, 1.9603647229000003, 1.3395967956999997, -59.464778889, -6.2442553178, 1.928106403094, 424.7239893968, -99999.0, 58.0, 26.81, -0.93, 25.88, -0.996, 0.266, -0.73, 110.0, 274.0, 196.0, 3.0, 260.0, 181.0, 362.0, -99999.0, -99999.0, 0.0
1881.0, 40.78069521250001, -111.9409841105, 1289.475, 0.01, 19.2, 0.64, 149.07, -3.70168, 9613.52, -50.1002, 1.0, 0.00990828, 0.11579144237, 424.61675768, 1.9603647229, 1.3395967957, -59.464778889, -6.2442553178, 1.928106403094, 425.0659213935, -99999.0, -99999.0, 26.76, -0.93, 25.82, -0.996, 0.266, -0.73, 118.0, 391.0, 223.0, 65.0, 279.0, 169.0, 70.0, -99999.0, -99999.0, 0.0
1882.0, 40.78069524833334, -111.940984157, 1289.474, 0.24, 19.2, 0.69, 177.48, -3.70168, 9613.52, -50.1002, 1.0, 0.00990829, 0.11579124724, 424.6494906, 1.960532073, 1.3361339133, -59.464778889, -7.3024886104, 1.928106403094, 425.0609225112, -99999.0, 61.6, 26.75, -0.94, 25.81, -0.996, 0.266, -0.73, 295.0, -99999.0, 76.0, 355.0, 200.0, 399.0, 254.0, 2.03, 2.03, 0.0
1883.0, 40.780695297, -111.94098422883332, 1289.474, 0.06, 19.2, 0.32, 190.38, -3.70168, 9613.52, -50.1002, 1.0, 0.00990829, 0.11579105211, 424.59997721, 1.960532073, 1.3361339133, -54.595895896, -7.3024886104, 1.9222612748210002, 425.0609225112, -99999.0, -99999.0, 26.75, -0.94, 25.81, -0.996, 0.266, -0.73, 173.0, 142.0, 81.0, 132.0, 317.0, -280.0, 339.0, -99999.0, -99999.0, 0.0
1884.0, 40.780695359999996, -111.94098434583333, 1289.473, 0.02, 19.2, 0.65, 130.37, -3.70168, 9613.52, -50.1002, 1.0, 0.00990829, 0.12156568385, 424.59997721, 1.960532073, 1.3361339133, -54.595895896, -7.3024886104, 1.9222612748210002, 425.0609225112, -99999.0, 63.6, 26.8, -0.93, 25.87, -0.996, 0.266, -0.73, 358.0, 66.0, 87.0, 163.0, 84.0, 19.0, 257.0, 1.68, 1.68, 0.0
1885.0, 40.780695418, -111.94098443633332, 1289.467, 0.1, 19.2, 0.95, 110.48, -3.70168, 9613.52, -50.1002, 1.0, 0.00990829, 0.12156509312333334, 424.4538875166667, 1.9601240534000002, 1.3031506454, -54.595895896, -7.3024886104, 1.9222612748210002, 425.0967097588, -99999.0, -99999.0, 26.82, -0.94, 25.88, -0.996, 0.266, -0.73, 55.0, 258.0, 342.0, -62.0, 220.0, 288.0, 46.0, -99999.0, -99999.0, 0.0
1886.0, 40.780695467, -111.940984516, 1289.464, 0.07, 19.2, 0.99, 150.18, -3.70169, 9613.52, -50.1003, 1.0, 0.0099083, 0.11841226892, 424.40514445, 1.9601240534, 1.3031506454, -54.595895896, -5.6156005587, 1.9222612748210002, 425.1046789514, -99999.0, 64.4, 26.76, -0.93, 25.83, -0.996, 0.266, -0.73, 177.0, 162.0, 320.0, 65.0, 297.0, 46.0, 341.0, 1.64, 3.77, 0.0
1887.0, 40.78069554483333, -111.94098459666665, 1289.461, 0.11, 19.2, 1.04, 148.58, -3.7017, 9613.52, -50.1003, 1.0, 0.00990831, 0.118413009885, 424.23480513, 1.9606233707, 1.2850604078, -55.777099698, -5.6156005587, 1.913167820229, 425.1046789514, -99999.0, -99999.0, 26.76, -0.93, 25.83, -0.996, 0.266, -0.73, 207.0, 299.0, 98.0, 37.0, 285.0, 426.0, 20.0, -99999.0, -99999.0, 0.0
1888.0, 40.78069564716666, -111.9409847125, 1289.459, 0.14, 19.2, 0.87, 121.36, -3.70169, 9613.52, -50.1003, 1.0, 0.00990832, 0.11841375085, 424.43554595, 1.9606233707, 1.2850604078, -55.777099698, -5.6156005587, 1.913167820229, 425.1046789514, -99999.0, 61.9, 26.68, -0.92, 25.75, -0.996, 0.266, -0.73, 250.0, 290.0, 174.0, 678.0, 279.0, 173.0, -39.0, -99999.0, -99999.0, 0.0
1889.0, 40.780695701666666, -111.94098479966667, 1289.457, 0.24, 19.2, 0.58, 81.65, -3.70169, 9613.52, -50.1003, 1.0, 0.00990832, 0.10919571033, 424.43554595, 1.9606233707, 1.2850604078, -55.777099698, -5.6156005587, 1.913167820229, 424.668893433, -99999.0, -99999.0, 26.71, -0.91, 25.79, -0.996, 0.266, -0.73, 422.0, 116.0, -49.0, 129.0, -45.0, 184.0, -161.0, 2.39, 2.39, 0.0
1890.0, 40.78069577883333, -111.940984909, 1289.457, 0.14, 19.2, 1.06, 136.06, -3.7017, 9613.52, -50.1004, 1.0, 0.00990833, 0.10919546355500001, 424.36953534, 1.9605138602, 1.2833584811, -55.777099698, -5.3394248448, 1.913167820229, 424.6701968042, -99999.0, 55.1, 26.68, -0.92, 25.76, -0.996, 0.266, -0.73, 59.0, 319.0, 92.0, 324.0, 45.0, -173.0, 335.0, -99999.0, -99999.0, 0.0
1891.0, 40.7806958005, -111.94098502283332, 1289.466, 0.12, 19.2, 0.39, 113.53, -3.7017, 9613.52, -50.1003, 1.0, 0.00990833, 0.11243277002, 424.36268315, 1.9605138602, 1.2833584811, -44.654554764, -5.3394248448, 1.919151349742, 424.6701968042, -99999.0, -99999.0, 26.68, -0.92, 25.76, -0.996, 0.266, -0.73, 337.0, 187.0, 358.0, 388.0, -103.0, 257.0, 117.0, 1.59, 3.05, 0.0
1892.0, 40.78069583916667, -111.94098514916668, 1289.472, 0.17, 19.2, 0.41, 64.02, -3.7017, 9613.52, -50.1003, 1.0, 0.00990833, 0.11567032326, 424.40885889, 1.9604630227, 1.2989063346, -44.654554764, -5.3394248448, 1.919151349742, 424.6701968042, -99999.0, 49.0, 26.68, -0.91, 25.77, -0.996, 0.266, -0.73, 240.0, -15.0, 217.0, 225.0, -58.0, 104.0, 261.0, -99999.0, -99999.0, 0.0
1893.0, 40.78069586750001, -111.94098528666667, 1289.481, 0.11, 19.2, 0.39, 130.33, -3.70171, 9613.52, -50.1004, 1.0, 0.00990833, 0.11567232821, 424.50956321499996, 1.9604630227, 1.2989063346, -44.654554764, -5.3394248448, 1.919151349742, 424.9409625543, -99999.0, -99999.0, 26.7, -0.92, 25.78, -0.996, 0.266, -0.73, 400.0, 157.0, 325.0, 324.0, 336.0, 246.0, 217.0, 1.57, 3.1, 0.0
1894.0, 40.78069590316666, -111.94098541816666, 1289.486, 0.1, 19.1, 0.91, 155.03, -3.70171, 9613.52, -50.1005, 1.0, 0.00990833, 0.11917687477, 424.61026754, 1.9604630227, 1.2989063346, -44.654554764, -5.7590770291, 1.919151349742, 424.938980804, -99999.0, 52.7, 26.8, -0.93, 25.87, -0.996, 0.266, -0.73, 240.0, 324.0, -65.0, 228.0, -19.0, 65.0, 226.0, -99999.0, -99999.0, 0.0
1895.0, 40.78069593899999, -111.940985582, 1289.489, 0.17, 19.1, 0.41, 121.32, -3.7017, 9613.52, -50.1004, 1.0, 0.00990833, 0.11917586519500001, 424.64953698, 1.9603036564, 1.2951200219, -56.644733238, -5.7590770291, 1.917537977586, 424.938980804, -99999.0, -99999.0, 26.79, -0.92, 25.86, -0.996, 0.266, -0.73, 270.0, 96.0, 515.0, 225.0, 58.0, -58.0, 50.0, -99999.0, -99999.0, 0.0
1896.0, 40.7806959965, -111.94098573816667, 1289.494, 0.2, 19.1, 0.88, 93.43, -3.7017, 9613.52, -50.1004, 1.0, 0.00990833, 0.11917485562, 424.39504594, 1.9603036564, 1.2951200219, -56.644733238, -5.7590770291, 1.917537977586, 424.938980804, -99999.0, 63.9, 26.79, -0.92, 25.86, -0.996, 0.266, -0.73, 392.0, 46.0, 141.0, -158.0, 39.0, -154.0, 485.0, 1.49, 3.02, 0.0
1897.0, 40.78069607016667, -111.94098591816667, 1289.494, 0.11, 19.1, 0.0, 0.0, -3.7017, 9613.52, -50.1003, 1.0, 0.00990833, 0.11520741028, 424.358410835, 1.96028358205, 1.28603259835, -56.644733238, -5.7590770291, 1.917537977586, 424.58348653400003, -99999.0, -99999.0, 26.8, -0.94, 25.87, -1.094, 0.266, -0.832, 122.0, 258.0, 320.0, 129.0, 39.0, 319.0, 246.0, -99999.0, -99999.0, 0.0
1898.0, 40.78069612866667, -111.94098607299999, 1289.499, 0.11, 19.1, 0.4, 87.46, -3.70171, 9613.52, -50.1004, 1.0, 0.00990832, 0.11520675243, 424.275105865, 1.9602635077, 1.2769451748, -56.644733238, -5.4794037182, 1.917537977586, 424.5848061483, -99999.0, 67.9, 26.84, -0.94, 25.9, -1.094, 0.266, -0.832, 304.0, 203.0, 222.0, -62.0, 543.0, 580.0, 248.0, 2.65, 2.65, 0.0
1899.0, 40.78069617983333, -111.94098623850002, 1289.501, 0.16, 19.1, 0.0, 0.0, -3.7017, 9613.52, -50.1004, 1.0, 0.00990832, 0.11300776885, 424.228436, 1.9602635077, 1.2769451748, -49.529463318, -5.4794037182, 1.9033372644489999, 424.5848061483, -99999.0, -99999.0, 26.82, -0.92, 25.9, -1.094, 0.266, -0.832, 215.0, 289.0, 228.0, 96.0, 278.0, 50.0, 174.0, -99999.0, -99999.0, 0.0
1900.0, 40.78069626883334, -111.94098643150001, 1289.506, 0.17, 19.0, 0.71, 144.83, -3.7017, 9613.52, -50.1004, 1.0, 0.00990832, 0.113007661265, 424.16238333, 1.9606013283, 1.2753039987, -49.529463318, -5.4794037182, 1.9033372644489999, 424.5848061483, -99999.0, 64.9, 26.82, -0.92, 25.9, -1.094, 0.266, -0.832, 186.0, 351.0, 98.0, 198.0, 584.0, 354.0, 327.0, -99999.0, -99999.0, 0.0
1901.0, 40.780696346166664, -111.940986606, 1289.51, 0.17, 19.0, 0.33, 165.83, -3.7017, 9613.52, -50.1004, 1.0, 0.00990832, 0.11300755368, 424.06820086, 1.9606013283, 1.2753039987, -49.529463318, -6.03315057655, 1.9033372644489999, 424.92614127995, -99999.0, -99999.0, 26.82, -0.94, 25.88, -1.094, 0.266, -0.832, 143.0, 203.0, 239.0, 290.0, -78.0, -123.0, 476.0, 1.81, 3.34, 0.0
1902.0, 40.780696397166665, -111.94098673949999, 1289.516, 0.07, 19.0, 0.94, 167.03, -3.70171, 9613.52, -50.1005, 1.0, 0.00990832, 0.10521071162, 424.07240205, 1.960577469, 1.2773851859, -99999.0, -99999.0, -99999.0, -99999.0, -99999.0, 62.8, 26.83, -0.92, 25.9, -1.094, 0.266, -0.832, 240.0, 81.0, 331.0, 293.0, -45.0, 273.0, 361.0, -99999.0, -99999.0, 0.0
1903.0, 40.78069647666668, -111.94098692950001, 1289.521, 0.02, 18.9, 0.73, 128.75, -3.7017, 9613.52, -50.1004, 1.0, 0.00990832, 0.10521011497, 424.084602055, 1.9605536097, 1.2794663731, -50.791058304, -6.5868974349, 1.9139435488810002, 424.92352635689997, -99999.0, -99999.0, 26.82, -0.91, 25.91, -1.094, 0.266, -0.832, 367.0, 380.0, 65.0, -96.0, 382.0, 92.0, 233.0, 1.9, 1.9, 0.0
1904.0, 40.78069654633334, -111.94098712683332, 1289.531, 0.09, 18.9, 0.31, 134.29, -3.7017, 9613.52, -50.1004, 1.0, 0.00990832, 0.11722406436, 424.09260087, 1.9605536097, 1.2794663731, -50.791058304, -6.5868974349, 1.9139435488810002, 424.92352635689997, -99999.0, 57.6, 26.83, -0.91, 25.92, -1.094, 0.266, -0.832, 177.0, 192.0, 320.0, 355.0, 420.0, 411.0, 165.0, -99999.0, -99999.0, 0.0
1905.0, 40.78069663499999, -111.94098730216668, 1289.534, 0.15, 18.9, 0.0, 0.0, -3.70171, 9613.52, -50.1005, 1.0, 0.00990832, 0.117223893725, 424.13691232, 1.9604034855, 1.2885980046, -50.791058304, -7.05247010305, 1.9139435488810002, 424.96661914489994, -99999.0, -99999.0, 26.79, -0.9, 25.89, -1.094, 0.266, -0.832, 241.0, 427.0, 250.0, 164.0, 564.0, 277.0, 201.0, 1.81, 2.39, 0.0
1906.0, 40.78069669316667, -111.94098747416668, 1289.545, 0.06, 18.9, 0.0, 0.0, -3.70171, 9613.52, -50.1004, 1.0, 0.00990832, 0.11722372309, 423.97547393, 1.9604034855, 1.2885980046, -99999.0, -99999.0, -99999.0, -99999.0, -99999.0, 55.9, 26.83, -0.87, 25.96, -1.094, 0.266, -0.832, 271.0, 213.0, 359.0, 164.0, -39.0, 62.0, 382.0, -99999.0, -99999.0, 0.0
1907.0, 40.78069677833332, -111.9409876335, 1289.549, 0.04, 18.9, 0.0, 0.0, -3.70171, 9613.52, -50.1004, 1.0, 0.00990832, 0.12298624352, 424.01902660999997, 1.96045709055, 1.2971007998, -62.967947813, -7.5180427712, 1.930056968039, 424.96442036679997, -99999.0, -99999.0, 26.8, -0.88, 25.92, -1.094, 0.266, -0.832, 152.0, 314.0, 472.0, -93.0, 97.0, 138.0, 159.0, -99999.0, -99999.0, 0.0
1908.0, 40.7806968425, -111.94098783333332, 1289.558, 0.09, 18.9, 0.0, 0.0, -3.7017, 9613.52, -50.1004, 1.0, 0.00990831, 0.12298526327, 424.00545963499997, 1.9605106956, 1.305603595, -62.967947813, -7.5180427712, 1.930056968039, 424.96442036679997, -99999.0, 62.2, 26.83, -0.88, 25.95, -1.094, 0.266, -0.832, 270.0, -132.0, 27.0, 129.0, 58.0, -92.0, 98.0, 1.95, 1.95, 0.0
1909.0, 40.78069691666668, -111.94098800566665, 1289.569, 0.01, 18.9, 0.35, 99.68, -3.70171, 9613.52, -50.1005, 1.0, 0.00990831, 0.11891085404, 423.94833998, 1.9605106956, 1.305603595, -62.967947813, -6.7106598671, 1.930056968039, 425.00483965629996, -99999.0, -99999.0, 26.85, -0.88, 25.97, -1.094, 0.266, -0.832, 185.0, 203.0, 260.0, 194.0, 285.0, 211.0, 152.0, -99999.0, -99999.0, 0.0
1910.0, 40.78069696566667, -111.940988144, 1289.579, 0.08, 18.9, 0.44, 82.09, -3.70171, 9613.52, -50.1005, 1.0, 0.00990831, 0.11891028505500001, 424.04698284, 1.9605876466, 1.3181896664, -99999.0, -99999.0, -99999.0, -99999.0, -99999.0, 62.1, 26.86, -0.86, 25.99, -1.094, 0.266, -0.832, 295.0, 319.0, 92.0, -93.0, 97.0, 169.0, 48.0, 1.72, 3.76, 0.0
1911.0, 40.780696970499996, -111.94098829, 1289.602, 0.13, 18.9, 1.0, 72.91, -3.70171, 9613.52, -50.1005, 1.0, 0.00990831, 0.11890971607, 423.95027049, 1.9605876466, 1.3181896664, -53.50068589, -5.903276963, 1.919626027001, 425.0086530433, -99999.0, -99999.0, 26.89, -0.86, 26.03, -1.094, 0.266, -0.832, -55.0, 415.0, 228.0, -96.0, 220.0, 322.0, 263.0, -99999.0, -99999.0, 0.0
1912.0, 40.780697035, -111.94098848233334, 1289.61, 0.03, 18.9, 0.63, 70.72, -3.70172, 9613.52, -50.1006, 1.0, 0.0099083, 0.1144562737, 423.95027049, 1.9605876466, 1.3181896664, -53.50068589, -5.903276963, 1.919626027001, 425.0086530433, -99999.0, 55.7, 26.88, -0.85, 26.03, -1.094, 0.266, -0.832, -8.0, -101.0, 103.0, 68.0, 259.0, 180.0, 222.0, -99999.0, -99999.0, 0.0
