arc_raw/USOS-ARL-Suite_ARC_20240731_RA.ict
71,1001
Xinrong Ren
NOAA Air Resources Lab
ARC-Suite
USOS: Utah Summer Ozone Study
1,1
2024,07,31,2024,07,31
1
StartTime_seconds, seconds, Start time in UTC seconds since midnight
38
1,1,1,1,1,1,1,1,1,1,1,1,1,1,1,1,1,1,1,1,1,1,1,1,1,1,1,1,1,1,1,1,1,1,1,1,1,1
-99999,-99999,-99999,-99999,-99999,-99999,-99999,-99999,-99999,-99999,-99999,-99999,-99999,-99999,-99999,-99999,-99999,-99999,-99999,-99999,-99999,-99999,-99999,-99999,-99999,-99999,-99999,-99999,-99999,-99999,-99999,-99999,-99999,-99999,-99999,-99999,-99999,-99999
lat_DGPS_deg, degrees, Latitude in decimal by Hemisphere VS1100 Differential GPS
lon_DGPS_deg, degrees, Longitude in decimal by Hemisphere VS1100 Differential GPS
alt_msl_m, meters, GPS Altitude MSL
speed_km_h, km/s, vehicle speed
RH, percent, relative humidity
true_WS_m_s, m/s, wind speed by 2D sonic sensor
true_WD_deg, degree, wind direction by 2D sonic sensor
CH4_aeris313_ppm, ppm, CH4 mixing ratio by Aeris
H2O_aeris313_ppm, ppm, H2O mixing ratio by Aeris
C2H6_aeris313_ppb, ppb, C2H6 mixing ratio by Aeris
r_aeris313, 1, relavence between CH4 and C2H6 by Aeris
C2C1_aeris313, 1, C2H6 to CH4 ratio by Aeris
CO_g2401m_ppm, ppm, CO mixing ratio by Picarro G2401m
CO2_g2401m_ppm, ppm, CO2 mixing ratio by Picarro G2401m
CH4_g2401m_ppm, ppm, CH4 mixing ratio by Picarro G2401m
H2O_g2401m, ppm, H2O mixing ratio by Picarro G2401m
delta13C_CH4_raw, permill, delta 13C of CH4 by Picarro G2201i
delta13C_CO2_raw, permill, delta 13C of CO2 by Picarro G2201i
CH4_g2201i_ppm, ppm, CH4 mixing ratio by Picarro G2201i
CO2_g2201i_ppm, ppm, CO2 mixing ratio by Picarro G2201i
NH3_g2301_ppb, ppb, NH3 mixing ratio by Picarro G2301
O3_2B_ppm, ppm, O3 mixing ratio by 2B
NO_G60_ppb, ppb, NO mixing ratio by G60
NO2_G60_ppb, ppb, NO2 mixing ratio by G60
NOx_G60_ppb, ppb, NOx mixing ratio by G60
NO_N500_ppb, ppb, NO mixing ratio by N500
NO2_N500_ppb, ppb, NO2 mixing ratio by N500
NOx_N500_ppb, ppb, NOx mixing ratio by N500
BC370_AE43_ng_m3, ng/m3, Black Carbon at 370 nm by AE43
BC470_AE43_ng_m3, ng/m3, Black Carbon at 470 nm by AE43
BC520_AE43_ng_m3, ng/m3, Black Carbon at 520 nm by AE43
BC590_AE43_ng_m3, ng/m3, Black Carbon at 590 nm by AE43
BC660_AE43_ng_m3, ng/m3, Black Carbon at 660 nm by AE43
BC880_AE43_ng_m3, ng/m3, Black Carbon at 880 nm by AE43
BC950_AE43_ng_m3, ng/m3, Black Carbon at 950 nm by AE43
PM25, ug/m3, PM2.5 by particle sensor
PM10, ug/m3, PM10 by particle sensor
Valve, boolian, indicator of valve conditions;0 is measurement; 10 is zeroing; 11 is spanning
1
SPECIAL COMMENTS, N/A
18
PI_CONTACT_INFO: xinrong.ren@noaa.gov, 301-683-1391, NOAA/ARL, 5830 University Research Court, College Park, MD 20740
PLATFORM: NOAA Air Resources Car
LOCATION: Salt Lake City
ASSOCIATED_DATA: N/A
INSTRUMENT_INFO: Hemisphere VS1100 differential GPS (Latitude, Longitude, GPS Altitude, speed), meteorological sensor (RH, WS, WD), 2B (O3), G60 CRDS (NO-NOx), Teledyne N500 (NO-NOx), Picarro G2401-m (CO2, CH4, CO, H2O), Picarro G2201i (CO2, CH4, d13C_CO2, d13C_CH4, H2O), Picarro 2301 (NH3), Aeris Ultra MIRA (CH4, C2H6, H2O, r, C2/C1), AE43 (Black Carbon), Partical sensor (PM2.5, PM10)
DATA_INFO: Records are reported at 1-second intervals. Hemisphere VS1100 differential GPS has 1-second ntervals. 2B O3 values are reported 2-second averages. G60 Cavity Rong Down NO-NO2-NO2 has 1-second average. Teledyne CAPS NO2 analyzer has 10-second time resolution. Picarro 2401m (CO2, CH4, CO, H2O) data has 2.5-second time resolution. Picarro 2201i (isotope) has ~5 second time resolution. Aeris Ultra MIRA has 1-second integration time. AE43 data are 10-second moving averages. Partical sensor has 10-second time resolution.
UNCERTAINTY: -99999, -99999, -99999, 15 m, -99999, -99999, -99999, -99999, 1 ppb, 100 ppm, 0.2 ppb, -99999, -99999, 5 ppb, 0.1 ppm, 1 ppb, 100 ppm, -99999, -99999, -99999, -99999, 2 ppb, 0.3 ppb, -99999, -99999, -99999, 0.05 ppb, 0.05 ppb, 0.05 ppb, 10 ng/m3, 10 ng/m3, 10 ng/m3, 10 ng/m3, 10 ng/m3, 10 ng/m3, 10 ng/m3, 10 ng/m3, 0
ULOD_FLAG: -77777
ULOD_VALUE: N/A
LLOD_FLAG: -88888
LLOD_VALUE: N/A
DM_CONTACT_INFO: Jiayang Sun; University of Maryland; jiayangs@umd.edu
PROJECT_INFO: USOS July - Aug 2024 https://deq.utah.gov/air-quality/utah-summer-ozone-study-usos
STIPULATIONS_ON_USE: Use of these data requires prior ok from PI.
OTHER_COMMENTS: N/A
REVISION: RA
RA: Preliminary Data for in-field use only.
StartTime_seconds, lat_DGPS_deg, lon_DGPS_deg, alt_msl_m, speed_km_h, RH, true_WS_m_s, true_WD_deg, CH4_aeris313_ppm, H2O_aeris313_ppm, C2H6_aeris313_ppb, r_aeris313, C2C1_aeris313, CO_g2401m_ppm, CO2_g2401m_ppm, CH4_g2401m_ppm, H2O_g2401m, delta13C_CH4_raw, delta13C_CO2_raw, CH4_g2201i_ppm, CO2_g2201i_ppm, NH3_g2301_ppb, O3_2B_ppm, NO_G60_ppb, NO2_G60_ppb, NOx_G60_ppb, NO_N500_ppb, NO2_N500_ppb, NOx_N500_ppb, BC370_AE43_ng_m3, BC470_AE43_ng_m3, BC520_AE43_ng_m3, BC590_AE43_ng_m3, BC660_AE43_ng_m3, BC880_AE43_ng_m3, BC950_AE43_ng_m3, PM25, PM10, Valve
[from data line 5365]
5365.0, 40.7806898505, -111.94098021666666, 1292.058, 0.23, 13.6, 0.36, 121.29, 2.05644, 8633.29, -0.932747, -0.436977, -99999.0, 0.29490656410000005, 425.22029378, 2.0156142958, 0.76432811751, -42.891275598, -7.1671241182, 1.9688317949910001, 425.863626648, -99999.0, 61.7, 3.2, 1.31, 4.5, -0.393, 1.438, 1.047, 1259.0, 897.0, 816.0, 669.0, 607.0, 502.0, 722.0, -99999.0, -99999.0, 0.0
5366.0, 40.780689873, -111.94098017416667, 1292.065, 0.25, 13.6, 0.93, 120.49, 2.05504, 8684.95, -0.770245, -0.453201, -99999.0, 0.2940874103, 425.46914281, 2.0156142958, 0.76432811751, -99999.0, -99999.0, -99999.0, -99999.0, -99999.0, -99999.0, 3.17, 1.32, 4.49, -0.393, 1.438, 1.047, 1060.0, 879.0, 808.0, 839.0, 730.0, 579.0, 545.0, -99999.0, -99999.0, 0.0
5367.0, 40.78068993783333, -111.94098011883334, 1292.065, 0.14, 13.6, 0.32, 114.99, 2.05685, 8728.13, -0.527526, -0.362607, -99999.0, 0.29326803265, 425.42458947, 2.0157576819, 0.74786081788, -42.891275598, -7.1671241182, 1.9688317949910001, 425.863626648, -99999.0, 57.7, 3.19, 1.32, 4.51, -0.539, 1.609, 1.07, 1067.0, 951.0, 836.0, 1008.0, 620.0, 778.0, 1017.0, -99999.0, -99999.0, 0.0
5368.0, 40.780689907, -111.94098006583333, 1292.076, 0.06, 13.6, 0.32, 108.29, 2.05455, 8757.18, -0.844327, -0.365751, -99999.0, 0.29326795421, 425.40524046999997, 2.0157576819, 0.74786081788, -42.891275598, -7.4956644663, 1.9688317949910001, 425.77405817495, -99999.0, -99999.0, 3.19, 1.34, 4.53, -0.539, 1.609, 1.07, 1207.0, 1005.0, 750.0, 629.0, 1082.0, 770.0, 404.0, -99999.0, -99999.0, 0.0
5369.0, 40.7806899565, -111.94097999383332, 1292.072, 0.06, 13.6, 0.6, 130.69, 2.05459, 8778.53, -0.721346, -0.376163, -99999.0, 0.2867434469, 425.38589147, 2.0157576819, 0.74786081788, -99999.0, -99999.0, -99999.0, -99999.0, -99999.0, 60.7, 3.15, 1.38, 4.53, -0.539, 1.609, 1.07, 1064.0, 938.0, 937.0, 710.0, 588.0, 1010.0, 632.0, -99999.0, -99999.0, 0.0
5370.0, 40.780689954, -111.94097985600001, 1292.076, 0.01, 13.6, 1.02, 133.09, 2.05695, 8779.5, -0.959376, -0.491667, -99999.0, 0.286743106595, 425.24114084, 2.0154092017, 0.72081823529, -38.605348529, -7.8242048144, 1.967420567371, 425.772503609, -99999.0, -99999.0, 3.16, 1.43, 4.58, -0.539, 1.609, 1.07, 1115.0, 1037.0, 856.0, 712.0, 701.0, 448.0, 510.0, -99999.0, -99999.0, 0.0
5371.0, 40.78068997683333, -111.94097976116667, 1292.08, 0.06, 13.6, 1.19, 139.09, 2.05557, 8762.92, -0.824482, -0.532024, -99999.0, 0.28674276629, 424.70871892, 2.0154092017, 0.72081823529, -99999.0, -99999.0, -99999.0, -99999.0, -99999.0, 64.6, 3.1, 1.46, 4.56, -0.539, 1.609, 1.07, 1211.0, 847.0, 914.0, 710.0, 969.0, 907.0, 927.0, -99999.0, -99999.0, 0.0
5372.0, 40.780689969166666, -111.94097961016665, 1292.088, 0.09, 13.5, 1.11, 140.99, 2.0563, 8720.8, -0.782471, -0.498691, -99999.0, 0.29006307212, 424.65211572500004, 2.0157001333, 0.71728822786, -38.605348529, -7.8242048144, 1.967420567371, 425.772503609, -99999.0, -99999.0, 3.09, 1.48, 4.57, -0.539, 1.609, 1.07, 941.0, 1005.0, 778.0, 629.0, 762.0, 654.0, 706.0, -99999.0, -99999.0, 0.0
5373.0, 40.780689930333324, -111.94097953033334, 1292.102, 0.14, 13.5, 0.77, 148.8, 2.05577, 8663.06, -0.823551, -0.485632, -99999.0, 0.29006282527, 424.525726135, 2.0159910649, 0.71375822043, -38.605348529, -7.8242048144, 1.967420567371, 425.4949200073, -99999.0, 66.9, 3.1, 1.51, 4.61, -0.539, 1.609, 1.07, 1235.0, 852.0, 939.0, 713.0, 601.0, 555.0, 356.0, -99999.0, -99999.0, 0.0
5374.0, 40.78068991733333, -111.94097942433334, 1292.116, 0.12, 13.5, 0.53, 165.6, 2.05404, 8603.19, -0.978641, -0.454692, -99999.0, 0.29326121936, 424.45593974, 2.0159910649, 0.71375822043, -38.605348529, -6.7903118929, 1.967420567371, 425.49980892559995, -99999.0, -99999.0, 3.1, 1.55, 4.66, -0.539, 1.609, 1.07, 1139.0, 933.0, 730.0, 919.0, 879.0, 894.0, 1045.0, -99999.0, -99999.0, 0.0
5375.0, 40.78068991466667, -111.94097942783334, 1292.125, 0.19, 13.5, 0.59, 175.2, 2.05728, 8546.37, -0.903037, -0.453029, -99999.0, 0.293261189835, 424.42014916, 2.0161691564, 0.71003275017, -40.026292487, -6.7903118929, 1.9686595028359999, 425.49980892559995, -99999.0, 67.7, 3.11, 1.61, 4.72, -0.539, 1.609, 1.07, 1211.0, 942.0, 692.0, 417.0, 785.0, 489.0, 661.0, -99999.0, -99999.0, 0.0
5376.0, 40.78068993816667, -111.94097938766666, 1292.131, 0.2, 13.4, 0.82, 197.79, 2.05591, 8505.23, -0.792997, -0.367007, -99999.0, 0.29326116031, 424.31614249, 2.0161691564, 0.71003275017, -99999.0, -99999.0, -99999.0, -99999.0, -99999.0, -99999.0, 3.08, 1.65, 4.73, -0.539, 1.609, 1.07, 1064.0, 784.0, 831.0, 796.0, 391.0, 909.0, 897.0, -99999.0, -99999.0, 0.0
5377.0, 40.78068997133334, -111.94097933016668, 1292.133, 0.12, 13.4, 0.79, 169.89, 2.05501, 8467.66, -0.911693, -0.297637, -99999.0, 0.29223752934, 424.31573266500004, 2.0160854626, 0.711771937685, -40.026292487, -6.7903118929, 1.9686595028359999, 425.49980892559995, -99999.0, 67.2, 3.04, 1.71, 4.74, -0.539, 1.609, 1.07, 1283.0, 1064.0, 556.0, 669.0, 733.0, 517.0, 847.0, -99999.0, -99999.0, 0.0
5378.0, 40.780689970999994, -111.94097925666668, 1292.138, 0.29, 13.3, 1.06, 152.59, 2.05651, 8435.81, -0.800772, -0.135138, -99999.0, 0.29223755389, 424.33457414500003, 2.0160017688, 0.7135111252, -40.026292487, -6.7903118929, 1.9686595028359999, 425.50179710040004, -99999.0, -99999.0, 3.06, 1.77, 4.83, -0.539, 1.609, 1.07, 1112.0, 762.0, 1173.0, 796.0, 1143.0, 984.0, 750.0, -99999.0, -99999.0, 0.0
5379.0, 40.78068997633333, -111.94097924083331, 1292.144, 0.2, 13.3, 0.68, 186.59, 2.05648, 8413.11, -0.993603, -0.175575, -99999.0, 0.29054588546, 424.35382545, 2.0160017688, 0.7135111252, -40.026292487, -6.2492463043, 1.9686595028359999, 425.5043556224, -99999.0, 66.4, 3.1, 1.81, 4.91, -0.539, 1.609, 1.07, 1136.0, 1028.0, 949.0, 756.0, 765.0, 545.0, 500.0, -99999.0, -99999.0, 0.0
5380.0, 40.78068990850001, -111.94097923533333, 1292.169, 0.06, 13.2, 0.96, 140.78, 2.05518, 8399.55, -1.08676, -0.128876, -99999.0, 0.29054589886, 424.3681022, 2.0157525269, 0.71433551038, -41.538596591, -6.2492463043, 1.979945360872, 425.5043556224, -99999.0, -99999.0, 3.02, 1.89, 4.91, -0.539, 1.609, 1.07, 1112.0, 929.0, 879.0, 879.0, 691.0, 1106.0, 727.0, -99999.0, -99999.0, 0.0
5381.0, 40.78068991050001, -111.94097923933332, 1292.18, 0.05, 13.2, 0.9, 131.68, 2.05723, 8390.6, -0.956884, -0.12999, -99999.0, 0.29054591226, 424.33146009, 2.0157525269, 0.71433551038, -99999.0, -99999.0, -99999.0, -99999.0, -99999.0, 65.2, 2.99, 1.96, 4.95, -0.539, 1.609, 1.07, 968.0, 902.0, 891.0, 922.0, 753.0, 806.0, 961.0, -99999.0, -99999.0, 0.0
5382.0, 40.780689900666665, -111.94097925433334, 1292.191, 0.08, 13.2, 0.61, 121.88, 2.05578, 8385.76, -0.803707, -0.113154, -99999.0, 0.28316753935, 424.33146009, 2.0157525269, 0.71433551038, -99999.0, -99999.0, -99999.0, -99999.0, -99999.0, -99999.0, 2.98, 1.97, 4.95, -0.539, 1.609, 1.07, 1064.0, 857.0, 839.0, 839.0, 753.0, 1068.0, 876.0, -99999.0, -99999.0, 0.0
5383.0, 40.78068991366667, -111.94097925883334, 1292.199, 0.11, 13.2, 0.26, 114.18, 2.05327, 8384.62, -0.858361, -0.128067, -99999.0, 0.28316753875666667, 424.35287107, 2.0153993677, 0.7144776030800001, -41.538596591, -6.2492463043, 1.979945360872, 425.5357560326, -99999.0, 63.4, 2.97, 1.98, 4.95, -0.539, 1.609, 1.07, 1040.0, 956.0, 1231.0, 713.0, 588.0, 699.0, 798.0, -99999.0, -99999.0, 0.0
5384.0, 40.78068991183333, -111.94097929200001, 1292.213, 0.14, 13.1, 0.3, 113.38, 2.05362, 8386.26, -0.514551, -0.22941, -99999.0, 0.29487389947, 424.38927993, 2.0153993677, 0.71447760308, -41.538596591, -6.7217630316, 1.979945360872, 425.56492173609996, -99999.0, -99999.0, 3.05, 1.98, 5.03, -0.539, 1.609, 1.07, 1235.0, 802.0, 871.0, 589.0, 998.0, 828.0, 767.0, -99999.0, -99999.0, 0.0
5385.0, 40.78068987766667, -111.94097939966666, 1292.241, 0.32, 13.1, 0.0, 0.0, 2.05475, 8382.93, -0.553437, -0.209774, -99999.0, 0.29487393882, 424.40132666, 2.0153789008, 0.71796613233, -45.357593899, -6.7217630316, 1.975924937296, 425.56492173609996, -99999.0, 61.2, 3.11, 2.0, 5.11, -0.539, 1.609, 1.07, 965.0, 947.0, 1123.0, 1006.0, 630.0, 894.0, 340.0, -99999.0, -99999.0, 0.0
5386.0, 40.78068983616667, -111.94097942883333, 1292.254, 0.1, 13.1, 0.35, 308.98, 2.0546, 8380.17, -0.76285, -0.173633, -99999.0, 0.29487397817, 424.44144512, 2.0153789008, 0.71796613233, -99999.0, -99999.0, -99999.0, -99999.0, -99999.0, -99999.0, 3.09, 2.02, 5.11, -0.539, 1.609, 1.07, 1043.0, 1104.0, 715.0, 879.0, 766.0, 944.0, 694.0, -99999.0, -99999.0, 0.0
5387.0, 40.780689713, -111.9409794605, 1292.288, 0.09, 13.1, 0.29, 358.48, 2.05539, 8384.34, -0.630441, -0.182437, -99999.0, 0.28414698012, 424.44144512, 2.0153789008, 0.71796613233, -99999.0, -99999.0, -99999.0, -99999.0, -99999.0, 60.1, 3.13, 2.03, 5.15, -0.539, 1.609, 1.07, 1088.0, 789.0, 554.0, 713.0, 698.0, 744.0, 675.0, -99999.0, -99999.0, 0.0
5388.0, 40.78068963683334, -111.94097942949999, 1292.305, 0.2, 13.1, 0.29, 329.47, 2.0564, 8388.73, -0.577716, -0.13269, -99999.0, 0.2841471027733333, 424.5436040566667, 2.015376171, 0.72511378674, -45.357593899, -6.7217630316, 1.975924937296, 425.48839441245, -99999.0, -99999.0, 3.15, 2.04, 5.18, -0.539, 1.609, 1.07, 1088.0, 915.0, 783.0, 882.0, 1063.0, 620.0, 536.0, -99999.0, -99999.0, 0.0
5389.0, 40.78068962916666, -111.9409795695, 1292.285, 0.13, 13.1, 0.0, 0.0, 2.05702, 8388.94, -0.927538, -0.123337, -99999.0, 0.28557833223, 424.67732581, 2.015376171, 0.72511378674, -45.357593899, -6.9105210981, 1.975924937296, 425.410974703, -99999.0, 61.2, 3.17, 2.05, 5.22, -0.25, 1.609, 1.359, 1454.0, 820.0, 831.0, 586.0, 620.0, 414.0, 767.0, -99999.0, -99999.0, 0.0
5390.0, 40.780689631, -111.94097977283333, 1292.257, 0.13, 13.2, 0.0, 0.0, 2.05573, 8405.37, -0.743427, -0.127452, -99999.0, 0.28557857498, 424.73447049, 2.0158474687, 0.73517398058, -99999.0, -99999.0, -99999.0, -99999.0, -99999.0, -99999.0, 3.14, 2.08, 5.22, -0.25, 1.609, 1.359, 968.0, 1046.0, 745.0, 966.0, 1111.0, 517.0, 302.0, -99999.0, -99999.0, 0.0
5391.0, 40.780689665666664, -111.94098008183333, 1292.208, 0.14, 13.2, 0.0, 0.0, 2.05583, 8420.65, -0.410712, -0.119287, -99999.0, 0.28557881773, 425.06074414, 2.0158474687, 0.73517398058, -40.269604966, -6.9105210981, 1.9682319824080001, 425.410974703, -99999.0, 62.9, 3.15, 2.11, 5.26, -0.25, 1.609, 1.359, 1211.0, 933.0, 733.0, 879.0, 701.0, 510.0, 1079.0, -99999.0, -99999.0, 0.0
5392.0, 40.780689730166664, -111.94098041716667, 1292.139, 0.13, 13.2, 0.0, 0.0, 2.05422, 8437.01, -0.643621, -0.243628, -99999.0, 0.28352996817, 425.06074414, 2.0158474687, 0.73517398058, -99999.0, -99999.0, -99999.0, -99999.0, -99999.0, -99999.0, 3.16, 2.09, 5.25, -0.25, 1.609, 1.359, 1160.0, 1041.0, 748.0, 670.0, 455.0, 751.0, 415.0, -99999.0, -99999.0, 0.0
5393.0, 40.7806897905, -111.94098077700001, 1292.062, 0.16, 13.2, 0.64, 214.27, 2.05655, 8452.59, -0.607564, -0.162615, -99999.0, 0.283529923885, 425.11946205, 2.0150428499, 0.74277660874, -40.269604966, -6.9105210981, 1.9682319824080001, 425.6179088224, -99999.0, 62.0, 3.16, 2.09, 5.25, -0.25, 1.609, 1.359, 1020.0, 929.0, 710.0, 713.0, 885.0, 611.0, 1126.0, -99999.0, -99999.0, 0.0
5394.0, 40.78068990516666, -111.94098118600002, 1291.992, 0.18, 13.3, 0.75, 241.76, 2.05642, 8472.36, -0.591423, -0.127045, -99999.0, 0.2835298796, 425.0703725, 2.0150428499, 0.74277660874, -40.269604966, -8.7698957948, 1.9682319824080001, 425.81604388069997, -99999.0, -99999.0, 3.23, 2.1, 5.33, -0.25, 1.609, 1.359, 1160.0, 866.0, 846.0, 796.0, 659.0, 510.0, 1076.0, -99999.0, -99999.0, 0.0
5395.0, 40.78069005416667, -111.94098152399998, 1291.914, 0.13, 13.3, 0.52, 217.76, 2.05477, 8510.22, -0.692031, -0.115652, -99999.0, 0.2880823254, 425.07526168000004, 2.0151030178, 0.7404457687449999, -99999.0, -99999.0, -99999.0, -99999.0, -99999.0, 58.6, 3.23, 2.11, 5.35, -0.25, 1.609, 1.359, 1091.0, 906.0, 967.0, 836.0, 630.0, 744.0, 710.0, -99999.0, -99999.0, 0.0
5396.0, 40.78069017466666, -111.94098187200001, 1291.852, 0.13, 13.3, 0.0, 0.0, 2.05419, 8538.49, -0.288388, -0.208597, -99999.0, 0.28808270229, 425.14539880999996, 2.0151631857, 0.73811492875, -35.591971969, -8.7698957948, 1.962875105891, 425.81604388069997, -99999.0, -99999.0, 3.22, 2.13, 5.35, -0.25, 1.609, 1.359, 1211.0, 929.0, 889.0, 629.0, 753.0, 875.0, 876.0, -99999.0, -99999.0, 0.0
5397.0, 40.78069032016666, -111.94098227900001, 1291.772, 0.11, 13.3, 0.38, 173.35, 2.05538, 8561.93, -0.505105, -0.268472, -99999.0, 0.29503526193, 425.21064676, 2.0151631857, 0.73811492875, -99999.0, -99999.0, -99999.0, -99999.0, -99999.0, 57.4, 3.15, 2.15, 5.3, -0.25, 1.609, 1.359, 992.0, 1082.0, 854.0, 879.0, 569.0, 468.0, 869.0, -99999.0, -99999.0, 0.0
5398.0, 40.780690453999995, -111.94098269583334, 1291.702, 0.11, 13.4, 0.35, 204.35, 2.05455, 8573.17, -0.966417, -0.244248, -99999.0, 0.29503521076, 425.18403179, 2.0153548056, 0.73477245541, -35.591971969, -8.7698957948, 1.962875105891, 425.81227336489997, -99999.0, -99999.0, 3.23, 2.14, 5.36, -0.25, 1.609, 1.359, 1136.0, 920.0, 927.0, 670.0, 733.0, 864.0, 1005.0, -99999.0, -99999.0, 0.0
5399.0, 40.78069059466666, -111.940983087, 1291.63, 0.09, 13.4, 0.44, 202.95, 2.05619, 8574.55, -0.681391, -0.232647, -99999.0, 0.29503515959, 425.20692536, 2.0153548056, 0.73477245541, -35.591971969, -8.151039186, 1.962875105891, 425.81143139309995, -99999.0, 60.2, 3.24, 2.12, 5.35, -0.25, 1.609, 1.359, 1091.0, 866.0, 587.0, 796.0, 559.0, 952.0, 559.0, -99999.0, -99999.0, 0.0
5400.0, 40.78069072266667, -111.94098348866667, 1291.568, 0.07, 13.4, 0.31, 186.55, 2.05671, 8571.78, -0.890456, -0.215565, -99999.0, 0.28165777126, 425.180539005, 2.0151534157, 0.7285088015350001, -99999.0, -99999.0, -99999.0, -99999.0, -99999.0, -99999.0, 3.28, 2.12, 5.4, -0.25, 1.609, 1.359, 1184.0, 1041.0, 927.0, 756.0, 1166.0, 498.0, 380.0, -99999.0, -99999.0, 0.0
5401.0, 40.780690851833334, -111.940983844, 1291.512, 0.15, 13.4, 0.33, 177.75, 2.05437, 8561.25, -0.527442, -0.248215, -99999.0, 0.28165703822, 424.894648675, 2.0149520258, 0.72224514766, -40.307383583, -8.151039186, 1.961013015791, 425.81143139309995, -99999.0, 63.2, 3.34, 2.13, 5.47, -0.25, 1.609, 1.359, 1211.0, 658.0, 710.0, 966.0, 947.0, 723.0, 538.0, -99999.0, -99999.0, 0.0
5402.0, 40.780690954499995, -111.94098414383333, 1291.47, 0.06, 13.4, 0.53, 162.84, 2.05614, 8558.2, -0.266774, -0.178154, -99999.0, 0.28013521763, 424.6351447, 2.0149520258, 0.72224514766, -99999.0, -99999.0, -99999.0, -99999.0, -99999.0, -99999.0, 3.35, 2.14, 5.49, -0.25, 1.609, 1.359, 1208.0, 1069.0, 1083.0, 629.0, 798.0, 495.0, 467.0, -99999.0, -99999.0, 0.0
5403.0, 40.78069103566667, -111.94098458149999, 1291.413, 0.11, 13.3, 0.46, 174.34, 2.05373, 8546.79, -0.780093, -0.1526, -99999.0, 0.280135051305, 424.5589813, 2.0146315302, 0.71183131138, -40.307383583, -8.151039186, 1.961013015791, 425.81143139309995, -99999.0, 64.2, 3.4, 2.12, 5.52, -0.25, 1.609, 1.359, 1016.0, 884.0, 834.0, 796.0, 876.0, 605.0, 762.0, -99999.0, -99999.0, 0.0
5404.0, 40.7806911365, -111.94098503766666, 1291.362, 0.12, 13.3, 0.37, 184.73, 2.05478, 8524.27, -0.731446, -0.21442, -99999.0, 0.28013488498, 424.22326809, 2.0146315302, 0.71183131138, -40.307383583, -8.02760226605, 1.961013015791, 425.90711794885, -99999.0, -99999.0, 3.41, 2.12, 5.53, -0.25, 1.609, 1.359, 1187.0, 1123.0, 985.0, 796.0, 682.0, 854.0, 238.0, -99999.0, -99999.0, 0.0
5405.0, 40.780691284166664, -111.94098548166667, 1291.301, 0.12, 13.3, 0.61, 131.92, 2.05618, 8492.59, -0.885375, -0.189021, -99999.0, 0.29157450596, 424.189812745, 2.0147730516499998, 0.7069507393800001, -99999.0, -99999.0, -99999.0, -99999.0, -99999.0, 65.2, 3.43, 2.13, 5.56, -0.25, 1.609, 1.359, 1112.0, 915.0, 813.0, 922.0, 979.0, 1227.0, 755.0, -99999.0, -99999.0, 0.0
5406.0, 40.78069145800001, -111.94098595766667, 1291.238, 0.11, 13.3, 0.66, 161.62, 2.05621, 8456.02, -0.978974, -0.208791, -99999.0, 0.2915742584, 424.05147940999996, 2.0149145731, 0.70207016738, -41.028253057, -7.9041653461, 1.965900364879, 425.9077022057, -99999.0, -99999.0, 3.48, 2.12, 5.6, -0.25, 1.609, 1.359, 1064.0, 956.0, 821.0, 629.0, 724.0, 691.0, 864.0, -99999.0, -99999.0, 0.0
