arc_raw/USOS-ARL-Suite_ARC_20240802_RA.ict
71,1001
Xinrong Ren
NOAA Air Resources Lab
ARC-Suite
USOS: Utah Summer Ozone Study
1,1
2024,08,02,2024,08,02
1
StartTime_seconds, seconds, Start time in UTC seconds since midnight
38
1,1,1,1,1,1,1,1,1,1,1,1,1,1,1,1,1,1,1,1,1,1,1,1,1,1,1,1,1,1,1,1,1,1,1,1,1,1
-99999,-99999,-99999,-99999,-99999,-99999,-99999,-99999,-99999,-99999,-99999,-99999,-99999,-99999,-99999,-99999,-99999,-99999,-99999,-99999,-99999,-99999,-99999,-99999,-99999,-99999,-99999,-99999,-99999,-99999,-99999,-99999,-99999,-99999,-99999,-99999,-99999,-99999
lat_DGPS_deg, degrees, Latitude in decimal by Hemisphere VS1100 Differential GPS
lon_DGPS_deg, degrees, Longitude in decimal by Hemisphere VS1100 Differential GPS
alt_msl_m, meters, GPS Altitude MSL
speed_km_h, km/s, vehicle speed
RH, percent, relative humidity
true_WS_m_s, m/s, wind speed by 2D sonic sensor
true_WD_deg, degree, wind direction by 2D sonic sensor
CH4_aeris313_ppm, ppm, CH4 mixing ratio by Aeris
H2O_aeris313_ppm, ppm, H2O mixing ratio by Aeris
C2H6_aeris313_ppb, ppb, C2H6 mixing ratio by Aeris
r_aeris313, 1, relavence between CH4 and C2H6 by Aeris
C2C1_aeris313, 1, C2H6 to CH4 ratio by Aeris
CO_g2401m_ppm, ppm, CO mixing ratio by Picarro G2401m
CO2_g2401m_ppm, ppm, CO2 mixing ratio by Picarro G2401m
CH4_g2401m_ppm, ppm, CH4 mixing ratio by Picarro G2401m
H2O_g2401m, ppm, H2O mixing ratio by Picarro G2401m
delta13C_CH4_raw, permill, delta 13C of CH4 by Picarro G2201i
delta13C_CO2_raw, permill, delta 13C of CO2 by Picarro G2201i
CH4_g2201i_ppm, ppm, CH4 mixing ratio by Picarro G2201i
CO2_g2201i_ppm, ppm, CO2 mixing ratio by Picarro G2201i
NH3_g2301_ppb, ppb, NH3 mixing ratio by Picarro G2301
O3_2B_ppm, ppm, O3 mixing ratio by 2B
NO_G60_ppb, ppb, NO mixing ratio by G60
NO2_G60_ppb, ppb, NO2 mixing ratio by G60
NOx_G60_ppb, ppb, NOx mixing ratio by G60
NO_N500_ppb, ppb, NO mixing ratio by N500
NO2_N500_ppb, ppb, NO2 mixing ratio by N500
NOx_N500_ppb, ppb, NOx mixing ratio by N500
BC370_AE43_ng_m3, ng/m3, Black Carbon at 370 nm by AE43
BC470_AE43_ng_m3, ng/m3, Black Carbon at 470 nm by AE43
BC520_AE43_ng_m3, ng/m3, Black Carbon at 520 nm by AE43
BC590_AE43_ng_m3, ng/m3, Black Carbon at 590 nm by AE43
BC660_AE43_ng_m3, ng/m3, Black Carbon at 660 nm by AE43
BC880_AE43_ng_m3, ng/m3, Black Carbon at 880 nm by AE43
BC950_AE43_ng_m3, ng/m3, Black Carbon at 950 nm by AE43
PM25, ug/m3, PM2.5 by particle sensor
PM10, ug/m3, PM10 by particle sensor
Valve, boolian, indicator of valve conditions;0 is measurement; 10 is zeroing; 11 is spanning
1
SPECIAL COMMENTS, N/A
18
PI_CONTACT_INFO: xinrong.ren@noaa.gov, 301-683-1391, NOAA/ARL, 5830 University Research Court, College Park, MD 20740
PLATFORM: NOAA Air Resources Car
LOCATION: Salt Lake City
ASSOCIATED_DATA: N/A
INSTRUMENT_INFO: Hemisphere VS1100 differential GPS (Latitude, Longitude, GPS Altitude, speed), meteorological sensor (RH, WS, WD), 2B (O3), G60 CRDS (NO-NOx), Teledyne N500 (NO-NOx), Picarro G2401-m (CO2, CH4, CO, H2O), Picarro G2201i (CO2, CH4, d13C_CO2, d13C_CH4, H2O), Picarro 2301 (NH3), Aeris Ultra MIRA (CH4, C2H6, H2O, r, C2/C1), AE43 (Black Carbon), Partical sensor (PM2.5, PM10)
DATA_INFO: Records are reported at 1-second intervals. Hemisphere VS1100 differential GPS has 1-second ntervals. 2B O3 values are reported 2-second averages. G60 Cavity Rong Down NO-NO2-NO2 has 1-second average. Teledyne CAPS NO2 analyzer has 10-second time resolution. Picarro 2401m (CO2, CH4, CO, H2O) data has 2.5-second time resolution. Picarro 2201i (isotope) has ~5 second time resolution. Aeris Ultra MIRA has 1-second integration time. AE43 data are 10-second moving averages. Partical sensor has 10-second time resolution.
UNCERTAINTY: -99999, -99999, -99999, 15 m, -99999, -99999, -99999, -99999, 1 ppb, 100 ppm, 0.2 ppb, -99999, -99999, 5 ppb, 0.1 ppm, 1 ppb, 100 ppm, -99999, -99999, -99999, -99999, 2 ppb, 0.3 ppb, -99999, -99999, -99999, 0.05 ppb, 0.05 ppb, 0.05 ppb, 10 ng/m3, 10 ng/m3, 10 ng/m3, 10 ng/m3, 10 ng/m3, 10 ng/m3, 10 ng/m3, 10 ng/m3, 0
ULOD_FLAG: -77777
ULOD_VALUE: N/A
LLOD_FLAG: -88888
LLOD_VALUE: N/A
DM_CONTACT_INFO: Jiayang Sun; University of Maryland; jiayangs@umd.edu
PROJECT_INFO: USOS July - Aug 2024 https://deq.utah.gov/air-quality/utah-summer-ozone-study-usos
STIPULATIONS_ON_USE: Use of these data requires prior ok from PI.
OTHER_COMMENTS: N/A
REVISION: RA
RA: Preliminary Data for in-field use only.
StartTime_seconds, lat_DGPS_deg, lon_DGPS_deg, alt_msl_m, speed_km_h, RH, true_WS_m_s, true_WD_deg, CH4_aeris313_ppm, H2O_aeris313_ppm, C2H6_aeris313_ppb, r_aeris313, C2C1_aeris313, CO_g2401m_ppm, CO2_g2401m_ppm, CH4_g2401m_ppm, H2O_g2401m, delta13C_CH4_raw, delta13C_CO2_raw, CH4_g2201i_ppm, CO2_g2201i_ppm, NH3_g2301_ppb, O3_2B_ppm, NO_G60_ppb, NO2_G60_ppb, NOx_G60_ppb, NO_N500_ppb, NO2_N500_ppb, NOx_N500_ppb, BC370_AE43_ng_m3, BC470_AE43_ng_m3, BC520_AE43_ng_m3, BC590_AE43_ng_m3, BC660_AE43_ng_m3, BC880_AE43_ng_m3, BC950_AE43_ng_m3, PM25, PM10, Valve
[from data line 4602]
4602.0, 40.780733085166666, -111.94098560733333, 1283.819, 0.14, 13.2, -99999.0, -99999.0, 2.03664, 10537.6, -1.46155, 0.0248866, -99999.0, 0.18701962863, 423.02799201, 1.9959203308, 0.91604363362, -34.32599251, -7.7037634763, 1.9398838886610001, 422.9409781595, -99999.0, 55.6, 6.23, 0.53, 6.76, -0.215, 1.961, 1.742, 431.0, 393.0, 352.0, 20.0, 265.0, 412.0, 755.0, -99999.0, -99999.0, 0.0
4603.0, 40.78073281566667, -111.940985675, 1283.859, 0.28, 13.2, -99999.0, -99999.0, 2.03298, 10561.0, -1.22336, 0.00151802, -99999.0, 0.18701877218, 422.41172549, 1.9959203308, 0.91604363362, -34.32599251, -8.2974961866, 1.9398838886610001, 423.10065835999995, -99999.0, -99999.0, 6.14, 0.55, 6.69, -0.215, 1.961, 1.742, 664.0, 727.0, 389.0, 498.0, 481.0, 449.0, 413.0, -99999.0, -99999.0, 0.0
4604.0, 40.780732588, -111.9409857235, 1283.887, 0.18, 13.2, -99999.0, -99999.0, 2.03139, 10562.9, -1.44156, 0.00469805, -99999.0, 0.20084130461, 422.41172549, 1.9959203308, 0.91604363362, -43.287383612, -8.2974961866, 1.953011362219, 423.10065835999995, -99999.0, -99999.0, 6.11, 0.55, 6.66, -0.215, 1.961, 1.742, 664.0, 542.0, 465.0, 525.0, 369.0, 435.0, 553.0, -99999.0, -99999.0, 0.0
4605.0, 40.780732334999996, -111.94098580333333, 1283.924, 0.07, 13.2, -99999.0, -99999.0, 2.03226, 10545.5, -1.41953, 0.0173136, -99999.0, 0.20084146031000003, 422.4562803266667, 1.9960323905, 0.9239724858299999, -99999.0, -99999.0, -99999.0, -99999.0, -99999.0, 58.8, 6.09, 0.54, 6.62, -0.215, 1.961, 1.742, 436.0, 661.0, 521.0, 101.0, 343.0, -110.0, 801.0, -99999.0, -99999.0, 0.0
4606.0, 40.78073207366666, -111.94098587233333, 1283.971, 0.08, 13.2, -99999.0, -99999.0, 2.03232, 10533.4, -1.35196, 0.0256544, -99999.0, 0.19345164914, 422.56628058, 1.9960323905, 0.92397248583, -99999.0, -99999.0, -99999.0, -99999.0, -99999.0, 59.9, 6.01, 0.54, 6.55, -0.215, 1.961, 1.742, 597.0, 429.0, 653.0, 720.0, 708.0, 454.0, 293.0, -99999.0, -99999.0, 0.0
4607.0, 40.780731838499996, -111.94098594933332, 1284.011, 0.06, 13.3, -99999.0, -99999.0, 2.03254, 10537.4, -1.36651, -0.000395078, -99999.0, 0.19345164914, 422.58541865, 1.9958249843, 0.9218243745, -43.287383612, -8.2974961866, 1.953011362219, 422.87328973355, -99999.0, -99999.0, 6.02, 0.55, 6.57, -0.215, 1.961, 1.742, 804.0, 340.0, 502.0, 141.0, 742.0, 417.0, 798.0, -99999.0, -99999.0, 0.0
4608.0, 40.780731612000004, -111.94098600133333, 1284.055, 0.11, 13.3, -99999.0, -99999.0, 2.03498, 10559.3, -1.53861, 0.0076199, -99999.0, 0.19345144298, 422.512841615, 1.9958249843, 0.9218243745, -43.287383612, -6.8445304166, 1.953011362219, 422.65274570680003, -99999.0, -99999.0, 5.98, 0.55, 6.53, -0.215, 1.961, 1.742, 659.0, 685.0, 534.0, 545.0, 630.0, 137.0, 242.0, -99999.0, -99999.0, 0.0
4609.0, 40.780731375833334, -111.94098607166667, 1284.095, 0.2, 13.3, -99999.0, -99999.0, 2.03281, 10575.2, -1.23755, -0.00101102, -99999.0, 0.19199353161, 422.44026458, 1.9958249843, 0.9218243745, -99999.0, -99999.0, -99999.0, -99999.0, -99999.0, 58.8, 5.97, 0.55, 6.52, -0.215, 1.961, 1.742, 1027.0, 518.0, 590.0, 539.0, 775.0, 270.0, 413.0, -99999.0, -99999.0, 0.0
4610.0, 40.780731133, -111.94098609783332, 1284.129, 0.06, 13.3, -99999.0, -99999.0, 2.03358, 10566.4, -1.23948, -0.0216167, -99999.0, 0.19199305020500002, 422.40073897, 1.9955695242, 0.91202861517, -43.721298041, -6.8445304166, 1.951488217586, 422.65274570680003, -99999.0, 58.2, 5.94, 0.54, 6.49, -0.318, 1.961, 1.641, 809.0, 632.0, 446.0, 613.0, 373.0, 192.0, -99.0, -99999.0, -99999.0, 0.0
4611.0, 40.780730827999996, -111.940986164, 1284.173, 0.11, 13.3, -99999.0, -99999.0, 2.03219, 10550.2, -1.58252, 0.0240917, -99999.0, 0.191584944685, 422.13237603, 1.9955695242, 0.91202861517, -99999.0, -99999.0, -99999.0, -99999.0, -99999.0, -99999.0, 5.95, 0.53, 6.48, -0.318, 1.961, 1.641, 732.0, 536.0, 666.0, 579.0, 216.0, 316.0, 528.0, -99999.0, -99999.0, 0.0
4612.0, 40.7807305185, -111.940986244, 1284.224, 0.2, 13.3, -99999.0, -99999.0, 2.03263, 10535.3, -1.48702, 0.0201887, -99999.0, 0.19117732057, 422.12486628, 1.9956357528, 0.91955260392, -43.721298041, -6.8445304166, 1.951488217586, 422.65274570680003, -99999.0, -99999.0, 5.88, 0.55, 6.43, -0.318, 1.961, 1.641, 446.0, 369.0, 477.0, 518.0, 261.0, -99999.0, 36.0, -99999.0, -99999.0, 0.0
4613.0, 40.78073021833333, -111.94098631933333, 1284.284, 0.09, 13.3, -99999.0, -99999.0, 2.03259, 10518.4, -1.57532, 0.0117034, -99999.0, 0.19117786496, 422.229915425, 1.9956357528, 0.91955260392, -43.721298041, -6.81829290715, 1.951488217586, 422.89869325530003, -99999.0, 59.4, 5.84, 0.54, 6.39, -0.318, 1.961, 1.641, 892.0, 894.0, 772.0, 290.0, 444.0, 563.0, 566.0, -99999.0, -99999.0, 0.0
4614.0, 40.78072989633333, -111.940986335, 1284.338, 0.05, 13.3, -99999.0, -99999.0, 2.03234, 10514.6, -1.58863, 0.0342094, -99999.0, 0.19992999659, 422.33496457, 1.9956357528, 0.91955260392, -99999.0, -99999.0, -99999.0, -99999.0, -99999.0, 58.3, 5.8, 0.54, 6.34, -0.318, 1.961, 1.641, 799.0, 256.0, 465.0, 626.0, 492.0, 353.0, 33.0, -99999.0, -99999.0, 0.0
4615.0, 40.780729644333334, -111.94098638900002, 1284.382, 0.22, 13.3, -99999.0, -99999.0, 2.03188, 10522.6, -1.25422, 0.00356745, -99999.0, 0.19993030704999998, 422.36731758, 1.9956463329, 0.92180715967, -32.028398262, -6.7920553977, 1.940182495687, 422.8988165649, -99999.0, -99999.0, 5.74, 0.52, 6.26, -0.318, 1.961, 1.641, 597.0, 888.0, 358.0, 478.0, 820.0, 389.0, 191.0, -99999.0, -99999.0, 0.0
4616.0, 40.78072928016667, -111.94098643583332, 1284.449, 0.07, 13.3, -99999.0, -99999.0, 2.03337, 10544.0, -1.18867, 0.0410736, -99999.0, 0.19993061751, 422.44267746, 1.9956463329, 0.92180715967, -99999.0, -99999.0, -99999.0, -99999.0, -99999.0, -99999.0, 5.7, 0.5, 6.2, -0.318, 1.961, 1.641, 669.0, 369.0, 421.0, 310.0, 41.0, 513.0, 105.0, -99999.0, -99999.0, 0.0
4617.0, 40.7807288925, -111.94098644216668, 1284.518, 0.23, 13.3, -99999.0, -99999.0, 2.03384, 10559.9, -1.16536, 0.0446975, -99999.0, 0.19038707801, 422.42719339, 1.9957093322500001, 0.91600132888, -32.028398262, -6.7920553977, 1.940182495687, 422.8988165649, -99999.0, 54.0, 5.65, 0.51, 6.16, -0.318, 1.961, 1.641, 296.0, 602.0, 515.0, 209.0, 555.0, -41.0, 112.0, -99999.0, -99999.0, 0.0
4618.0, 40.780728545666655, -111.94098650533333, 1284.581, 0.08, 13.3, -99999.0, -99999.0, 2.03159, 10556.2, -1.49066, 0.0730383, -99999.0, 0.19038558965, 422.19710367, 1.9957723316, 0.91019549809, -32.028398262, -6.95249343815, 1.940182495687, 422.8803191321, -99999.0, 53.8, 5.65, 0.51, 6.17, -0.318, 1.961, 1.641, 1032.0, 548.0, 640.0, 404.0, 328.0, 476.0, 801.0, -99999.0, -99999.0, 0.0
4619.0, 40.780728168333326, -111.940986534, 1284.654, 0.18, 13.3, -99999.0, -99999.0, 2.03305, 10540.7, -0.951734, 0.0597744, -99999.0, 0.1926077328, 421.98249802, 1.9957723316, 0.91019549809, -99999.0, -99999.0, -99999.0, -99999.0, -99999.0, -99999.0, 5.69, 0.52, 6.2, -0.318, 1.961, 1.641, 877.0, 834.0, 446.0, 316.0, 600.0, 550.0, 56.0, -99999.0, -99999.0, 0.0
4620.0, 40.780727844, -111.94098653616666, 1284.712, 0.05, 13.3, -99999.0, -99999.0, 2.03366, 10514.1, -0.922085, 0.0569277, -99999.0, 0.192607914995, 421.94564599, 1.995232079, 0.91065525562, -32.882123113, -7.1129314786, 1.9373395095819999, 422.8795651458, -99999.0, -99999.0, 5.61, 0.5, 6.11, -0.318, 1.961, 1.641, 882.0, 786.0, 477.0, 545.0, 444.0, 174.0, 260.0, -99999.0, -99999.0, 0.0
4621.0, 40.780727495, -111.94098658383334, 1284.776, 0.17, 13.3, -99999.0, -99999.0, 2.03602, 10493.4, -1.00634, 0.133322, -99999.0, 0.19260809719, 422.12231812, 1.995232079, 0.91065525562, -99999.0, -99999.0, -99999.0, -99999.0, -99999.0, 58.6, 5.54, 0.5, 6.04, -0.318, 1.961, 1.641, 732.0, 292.0, 163.0, 276.0, 589.0, 330.0, 316.0, -99999.0, -99999.0, 0.0
4622.0, 40.78072718166666, -111.94098650683333, 1284.822, 0.03, 13.3, -99999.0, -99999.0, 2.03122, 10479.6, -1.01409, 0.0649472, -99999.0, 0.19008783775, 422.120439455, 1.9954054506499999, 0.9098571815550001, -32.882123113, -7.1129314786, 1.9373395095819999, 422.8795651458, -99999.0, 60.7, 5.46, 0.52, 5.98, -0.318, 1.961, 1.641, 737.0, 864.0, 728.0, 444.0, 436.0, 449.0, 1043.0, -99999.0, -99999.0, 0.0
4623.0, 40.78072685883333, -111.94098647150001, 1284.873, 0.07, 13.3, -99999.0, -99999.0, 2.03397, 10480.2, -1.67463, 0.0443949, -99999.0, 0.19008718186, 422.0018091, 1.9955788223, 0.90905910749, -32.882123113, -7.1974633009, 1.9373395095819999, 422.8639624999, -99999.0, -99999.0, 5.46, 0.52, 5.98, -0.318, 1.961, 1.641, 955.0, 632.0, 490.0, 532.0, 291.0, 632.0, 620.0, -99999.0, -99999.0, 0.0
4624.0, 40.78072654983334, -111.94098643483333, 1284.928, 0.13, 13.2, -99999.0, -99999.0, 2.03312, 10483.2, -1.03994, 0.0197243, -99999.0, 0.19369820892, 421.88505741, 1.9955788223, 0.90905910749, -99999.0, -99999.0, -99999.0, -99999.0, -99999.0, -99999.0, 5.44, 0.51, 5.96, -0.318, 1.961, 1.641, 1022.0, 685.0, 584.0, 721.0, 410.0, 490.0, 454.0, -99999.0, -99999.0, 0.0
4625.0, 40.780726223333325, -111.94098639, 1284.983, 0.11, 13.2, -99999.0, -99999.0, 2.03293, 10477.2, -0.941546, 0.0438811, -99999.0, 0.19369770011999998, 421.81406476, 1.9950401281, 0.88917394762, -31.600156377, -7.2819951232, 1.931753070416, 422.8635652528, -99999.0, 58.7, 5.38, 0.51, 5.89, -0.318, 1.961, 1.641, 592.0, 423.0, 496.0, 626.0, 485.0, 866.0, 632.0, -99999.0, -99999.0, 0.0
4626.0, 40.780725882999995, -111.94098631416666, 1285.032, 0.12, 13.2, -99999.0, -99999.0, 2.03305, 10465.6, -0.958159, -0.082276, -99999.0, 0.19369719132, 421.52750566, 1.9950401281, 0.88917394762, -99999.0, -99999.0, -99999.0, -99999.0, -99999.0, 57.2, 5.38, 0.47, 5.85, -0.318, 1.961, 1.641, 514.0, 262.0, 408.0, 397.0, 380.0, 270.0, 117.0, -99999.0, -99999.0, 0.0
4627.0, 40.78072544016667, -111.94098622583333, 1285.096, 0.05, 13.2, -99999.0, -99999.0, 2.03236, 10431.1, -1.46722, -0.0633769, -99999.0, 0.18564203291, 421.52750566, 1.9950401281, 0.88917394762, -31.600156377, -7.2819951232, 1.931753070416, 422.8635652528, -99999.0, -99999.0, 5.32, 0.48, 5.8, -0.318, 1.961, 1.641, 379.0, 518.0, 716.0, 370.0, 589.0, 536.0, 61.0, -99999.0, -99999.0, 0.0
4628.0, 40.78072502283334, -111.94098614716668, 1285.15, 0.09, 13.2, -99999.0, -99999.0, 2.03469, 10374.8, -1.4069, -0.0728741, -99999.0, 0.18564230251666666, 421.4437188033333, 1.9943773145, 0.88496196984, -31.600156377, -7.32115384685, 1.931753070416, 422.41855556170003, -99999.0, -99999.0, 5.27, 0.46, 5.73, -0.318, 1.961, 1.641, 882.0, 804.0, 333.0, 370.0, 1078.0, 472.0, 467.0, -99999.0, -99999.0, 0.0
4629.0, 40.7807245745, -111.94098611433334, 1285.21, 0.11, 13.2, -99999.0, -99999.0, 2.0334, 10333.7, -1.28636, 0.0223281, -99999.0, 0.18614444792, 421.43518809, 1.9943773145, 0.88496196984, -99999.0, -99999.0, -99999.0, -99999.0, -99999.0, 58.4, 5.22, 0.45, 5.67, -0.318, 1.961, 1.641, 509.0, 596.0, 785.0, 768.0, 380.0, 792.0, -199.0, -99999.0, -99999.0, 0.0
4630.0, 40.78072420316667, -111.94098603483332, 1285.248, 0.09, 13.1, -99999.0, -99999.0, 2.03192, 10306.0, -1.012, 0.0608553, -99999.0, 0.18614443461000002, 421.45266432, 1.9941602874, 0.89447033654, -47.314175742, -7.3603125705, 1.9490372986109998, 422.4183717336, -99999.0, 60.9, 5.19, 0.46, 5.64, -0.318, 1.961, 1.641, 815.0, 489.0, 383.0, 310.0, 485.0, 293.0, -46.0, -99999.0, -99999.0, 0.0
4631.0, 40.78072378283333, -111.94098594500001, 1285.286, 0.06, 13.1, -99999.0, -99999.0, 2.03235, 10298.1, -1.63124, 0.0528183, -99999.0, 0.1861444213, 421.53639617, 1.9941602874, 0.89447033654, -99999.0, -99999.0, -99999.0, -99999.0, -99999.0, -99999.0, 5.26, 0.41, 5.67, -0.318, 1.961, 1.641, 586.0, 465.0, 496.0, 620.0, 41.0, 192.0, 31.0, -99999.0, -99999.0, 0.0
4632.0, 40.78072336583334, -111.9409858305, 1285.334, 0.11, 13.1, -99999.0, -99999.0, 2.03192, 10294.9, -1.23266, 0.138581, -99999.0, 0.19143915792, 421.53639617, 1.9941602874, 0.89447033654, -47.314175742, -7.3603125705, 1.9490372986109998, 422.4183717336, -99999.0, -99999.0, 5.33, 0.38, 5.71, -0.229, 1.852, 1.617, 955.0, 512.0, 578.0, 229.0, 734.0, 591.0, 472.0, -99999.0, -99999.0, 0.0
4633.0, 40.780722903333334, -111.94098572916667, 1285.385, 0.09, 13.1, -99999.0, -99999.0, 2.03189, 10306.2, -1.13331, 0.114078, -99999.0, 0.19143966090499998, 421.60584226, 1.9946137659, 0.90599725814, -47.314175742, -6.98802679575, 1.9490372986109998, 422.5232687229, -99999.0, 60.6, 5.3, 0.36, 5.65, -0.229, 1.852, 1.617, 514.0, 691.0, 716.0, 620.0, 265.0, 426.0, 309.0, -99999.0, -99999.0, 0.0
4634.0, 40.78072244533333, -111.94098559500001, 1285.431, 0.17, 13.1, -99999.0, -99999.0, 2.03082, 10312.1, -1.6191, 0.165311, -99999.0, 0.191854167955, 421.89971292, 1.9946137659, 0.90599725814, -99999.0, -99999.0, -99999.0, -99999.0, -99999.0, 58.2, 5.3, 0.35, 5.65, -0.229, 1.852, 1.617, 877.0, 483.0, 446.0, 579.0, 406.0, 257.0, 403.0, -99999.0, -99999.0, 0.0
4635.0, 40.780722004833336, -111.94098543466667, 1285.468, 0.16, 13.1, -99999.0, -99999.0, 2.03191, 10339.3, -1.13275, 0.135782, -99999.0, 0.19226817202, 422.04529575, 1.995111654, 0.93853124093, -40.684717727, -6.615741021, 1.948008334034, 422.5250168213, -99999.0, -99999.0, 5.31, 0.34, 5.65, -0.229, 1.852, 1.617, 882.0, 459.0, 257.0, 384.0, 373.0, 513.0, 579.0, -99999.0, -99999.0, 0.0
4636.0, 40.7807215655, -111.94098526683335, 1285.509, 0.15, 13.1, -99999.0, -99999.0, 2.031, 10382.7, -1.52024, 0.175822, -99999.0, 0.19226949894, 422.271224335, 1.995111654, 0.93853124093, -99999.0, -99999.0, -99999.0, -99999.0, -99999.0, -99999.0, 5.31, 0.32, 5.63, -0.229, 1.852, 1.617, 669.0, 453.0, 791.0, 337.0, 37.0, 389.0, 574.0, -99999.0, -99999.0, 0.0
4637.0, 40.78072115166666, -111.94098511883334, 1285.541, 0.13, 13.2, -99999.0, -99999.0, 2.03145, 10458.2, -1.23606, 0.162362, -99999.0, 0.19831234527, 422.49715292, 1.995111654, 0.93853124093, -40.684717727, -6.615741021, 1.948008334034, 422.5250168213, -99999.0, 58.4, 5.35, 0.33, 5.67, -0.229, 1.852, 1.617, 1033.0, 381.0, 50.0, 242.0, 634.0, 545.0, 712.0, -99999.0, -99999.0, 0.0
4638.0, 40.78072075816666, -111.94098502883335, 1285.58, 0.03, 13.2, -99999.0, -99999.0, 2.03435, 10524.9, -1.42412, 0.212294, -99999.0, 0.19831222228, 422.54983612, 1.9949782664, 0.92190265535, -40.684717727, -6.615741021, 1.948008334034, 422.8271253862, -99999.0, 60.2, 5.32, 0.31, 5.62, -0.229, 1.852, 1.617, 509.0, 512.0, 546.0, 626.0, 71.0, 792.0, 426.0, -99999.0, -99999.0, 0.0
4639.0, 40.78072037516667, -111.94098487633333, 1285.607, 0.09, 13.2, -99999.0, -99999.0, 2.03194, 10562.4, -1.26613, 0.208871, -99999.0, 0.19831209929, 422.47974878, 1.9949782664, 0.92190265535, -40.684717727, -7.6773891828, 1.948008334034, 422.82213676590004, -99999.0, -99999.0, 5.33, 0.32, 5.64, -0.229, 1.852, 1.617, 732.0, 423.0, 666.0, 397.0, 589.0, 339.0, 505.0, -99999.0, -99999.0, 0.0
4640.0, 40.78072000899999, -111.94098476583333, 1285.636, 0.1, 13.2, -99999.0, -99999.0, 2.03362, 10574.1, -1.32251, 0.199531, -99999.0, 0.19205980728, 422.47974878, 1.9949782664, 0.92190265535, -31.077604934, -7.6773891828, 1.927959308645, 422.82213676590004, -99999.0, -99999.0, 5.39, 0.33, 5.72, -0.229, 1.852, 1.617, 514.0, 524.0, 352.0, 498.0, 309.0, 339.0, 548.0, -99999.0, -99999.0, 0.0
4641.0, 40.78071950816666, -111.94098461666665, 1285.667, 0.04, 13.2, -99999.0, -99999.0, 2.03195, 10574.9, -1.59084, 0.207926, -99999.0, 0.1920606613, 422.55101526666664, 1.9956837485, 0.91875142203, -99999.0, -99999.0, -99999.0, -99999.0, -99999.0, 60.6, 5.49, 0.31, 5.8, -0.229, 1.852, 1.617, 950.0, 453.0, 565.0, 444.0, 153.0, 490.0, 630.0, -99999.0, -99999.0, 0.0
