arc_raw/USOS-ARL-Suite_ARC_20240718_RA.ict
71,1001
Xinrong Ren
NOAA Air Resources Lab
ARC-Suite
USOS: Utah Summer Ozone Study
1,1
2024,07,18,2024,07,18
1
StartTime_seconds, seconds, Start time in UTC seconds since midnight
38
1,1,1,1,1,1,1,1,1,1,1,1,1,1,1,1,1,1,1,1,1,1,1,1,1,1,1,1,1,1,1,1,1,1,1,1,1,1
-99999,-99999,-99999,-99999,-99999,-99999,-99999,-99999,-99999,-99999,-99999,-99999,-99999,-99999,-99999,-99999,-99999,-99999,-99999,-99999,-99999,-99999,-99999,-99999,-99999,-99999,-99999,-99999,-99999,-99999,-99999,-99999,-99999,-99999,-99999,-99999,-99999,-99999
lat_DGPS_deg, degrees, Latitude in decimal by Hemisphere VS1100 Differential GPS
lon_DGPS_deg, degrees, Longitude in decimal by Hemisphere VS1100 Differential GPS
alt_msl_m, meters, GPS Altitude MSL
speed_km_h, km/s, vehicle speed
RH, percent, relative humidity
true_WS_m_s, m/s, wind speed by 2D sonic sensor
true_WD_deg, degree, wind direction by 2D sonic sensor
CH4_aeris313_ppm, ppm, CH4 mixing ratio by Aeris
H2O_aeris313_ppm, ppm, H2O mixing ratio by Aeris
C2H6_aeris313_ppb, ppb, C2H6 mixing ratio by Aeris
r_aeris313, 1, relavence between CH4 and C2H6 by Aeris
C2C1_aeris313, 1, C2H6 to CH4 ratio by Aeris
CO_g2401m_ppm, ppm, CO mixing ratio by Picarro G2401m
CO2_g2401m_ppm, ppm, CO2 mixing ratio by Picarro G2401m
CH4_g2401m_ppm, ppm, CH4 mixing ratio by Picarro G2401m
H2O_g2401m, ppm, H2O mixing ratio by Picarro G2401m
delta13C_CH4_raw, permill, delta 13C of CH4 by Picarro G2201i
delta13C_CO2_raw, permill, delta 13C of CO2 by Picarro G2201i
CH4_g2201i_ppm, ppm, CH4 mixing ratio by Picarro G2201i
CO2_g2201i_ppm, ppm, CO2 mixing ratio by Picarro G2201i
NH3_g2301_ppb, ppb, NH3 mixing ratio by Picarro G2301
O3_2B_ppm, ppm, O3 mixing ratio by 2B
NO_G60_ppb, ppb, NO mixing ratio by G60
NO2_G60_ppb, ppb, NO2 mixing ratio by G60
NOx_G60_ppb, ppb, NOx mixing ratio by G60
NO_N500_ppb, ppb, NO mixing ratio by N500
NO2_N500_ppb, ppb, NO2 mixing ratio by N500
NOx_N500_ppb, ppb, NOx mixing ratio by N500
BC370_AE43_ng_m3, ng/m3, Black Carbon at 370 nm by AE43
BC470_AE43_ng_m3, ng/m3, Black Carbon at 470 nm by AE43
BC520_AE43_ng_m3, ng/m3, Black Carbon at 520 nm by AE43
BC590_AE43_ng_m3, ng/m3, Black Carbon at 590 nm by AE43
BC660_AE43_ng_m3, ng/m3, Black Carbon at 660 nm by AE43
BC880_AE43_ng_m3, ng/m3, Black Carbon at 880 nm by AE43
BC950_AE43_ng_m3, ng/m3, Black Carbon at 950 nm by AE43
PM25, ug/m3, PM2.5 by particle sensor
PM10, ug/m3, PM10 by particle sensor
Valve, boolian, indicator of valve conditions;0 is measurement; 10 is zeroing; 11 is spanning
1
SPECIAL COMMENTS, N/A
18
PI_CONTACT_INFO: xinrong.ren@noaa.gov, 301-683-1391, NOAA/ARL, 5830 University Research Court, College Park, MD 20740
PLATFORM: NOAA Air Resources Car
LOCATION: Salt Lake City
ASSOCIATED_DATA: N/A
INSTRUMENT_INFO: Hemisphere VS1100 differential GPS (Latitude, Longitude, GPS Altitude, speed), meteorological sensor (RH, WS, WD), 2B (O3), G60 CRDS (NO-NOx), Teledyne N500 (NO-NOx), Picarro G2401-m (CO2, CH4, CO, H2O), Picarro G2201i (CO2, CH4, d13C_CO2, d13C_CH4, H2O), Picarro 2301 (NH3), Aeris Ultra MIRA (CH4, C2H6, H2O, r, C2/C1), AE43 (Black Carbon), Partical sensor (PM2.5, PM10)
DATA_INFO: Records are reported at 1-second intervals. Hemisphere VS1100 differential GPS has 1-second ntervals. 2B O3 values are reported 2-second averages. G60 Cavity Rong Down NO-NO2-NO2 has 1-second average. Teledyne CAPS NO2 analyzer has 10-second time resolution. Picarro 2401m (CO2, CH4, CO, H2O) data has 2.5-second time resolution. Picarro 2201i (isotope) has ~5 second time resolution. Aeris Ultra MIRA has 1-second integration time. AE43 data are 10-second moving averages. Partical sensor has 10-second time resolution.
UNCERTAINTY: -99999, -99999, -99999, 15 m, -99999, -99999, -99999, -99999, 1 ppb, 100 ppm, 0.2 ppb, -99999, -99999, 5 ppb, 0.1 ppm, 1 ppb, 100 ppm, -99999, -99999, -99999, -99999, 2 ppb, 0.3 ppb, -99999, -99999, -99999, 0.05 ppb, 0.05 ppb, 0.05 ppb, 10 ng/m3, 10 ng/m3, 10 ng/m3, 10 ng/m3, 10 ng/m3, 10 ng/m3, 10 ng/m3, 10 ng/m3, 0
ULOD_FLAG: -77777
ULOD_VALUE: N/A
LLOD_FLAG: -88888
LLOD_VALUE: N/A
DM_CONTACT_INFO: Jiayang Sun; University of Maryland; jiayangs@umd.edu
PROJECT_INFO: USOS July - Aug 2024 https://deq.utah.gov/air-quality/utah-summer-ozone-study-usos
STIPULATIONS_ON_USE: Use of these data requires prior ok from PI.
OTHER_COMMENTS: N/A
REVISION: RA
RA: Preliminary Data for in-field use only.
StartTime_seconds, lat_DGPS_deg, lon_DGPS_deg, alt_msl_m, speed_km_h, RH, true_WS_m_s, true_WD_deg, CH4_aeris313_ppm, H2O_aeris313_ppm, C2H6_aeris313_ppb, r_aeris313, C2C1_aeris313, CO_g2401m_ppm, CO2_g2401m_ppm, CH4_g2401m_ppm, H2O_g2401m, delta13C_CH4_raw, delta13C_CO2_raw, CH4_g2201i_ppm, CO2_g2201i_ppm, NH3_g2301_ppb, O3_2B_ppm, NO_G60_ppb, NO2_G60_ppb, NOx_G60_ppb, NO_N500_ppb, NO2_N500_ppb, NOx_N500_ppb, BC370_AE43_ng_m3, BC470_AE43_ng_m3, BC520_AE43_ng_m3, BC590_AE43_ng_m3, BC660_AE43_ng_m3, BC880_AE43_ng_m3, BC950_AE43_ng_m3, PM25, PM10, Valve
[from data line 2333]
2333.0, 40.78069245916667, -111.94099188166668, 1287.448, 0.04, 15.2, 0.0, 0.0, -99999.0, -99999.0, -99999.0, -99999.0, -99999.0, 0.052127313913, 425.53064502, 1.9652350901, 1.1531741047, -33.679387473, -306.669479835, 1.971680119668, 429.44147422075, -99999.0, -99999.0, 25.68, 4.99, 30.67, 0.258, 0.871, 1.125, -99999.0, -99999.0, -99999.0, -99999.0, -99999.0, -99999.0, -99999.0, -99999.0, -99999.0, 0.0
2334.0, 40.78069243433333, -111.940991917, 1287.447, 0.03, 15.2, 0.28, 194.32, -99999.0, -99999.0, -99999.0, -99999.0, -99999.0, 0.052127313913, 425.4513453, 1.9648752736, 1.1405024971, -99999.0, -99999.0, -99999.0, -99999.0, -99999.0, 71.4, 25.69, 4.99, 30.68, 0.258, 0.871, 1.125, -99999.0, -99999.0, -99999.0, -99999.0, -99999.0, -99999.0, -99999.0, 3.21, 3.21, 0.0
2335.0, 40.78069245416666, -111.94099194733332, 1287.442, 0.15, 15.3, 0.31, 196.62, -99999.0, -99999.0, -99999.0, -99999.0, -99999.0, 0.05212099785, 424.92055335500004, 1.9648752736, 1.1405024971, -26.004357685, -307.49276023, 1.947217791335, 429.4375320144, -99999.0, 70.7, 25.7, 4.97, 30.67, 0.258, 0.871, 1.125, -99999.0, -99999.0, -99999.0, -99999.0, -99999.0, -99999.0, -99999.0, 2.79, 4.92, 0.0
2336.0, 40.78069244783334, -111.94099195816668, 1287.444, 0.05, 15.3, 0.64, 175.92, -99999.0, -99999.0, -99999.0, -99999.0, -99999.0, 0.04068455015, 424.38976141, 1.9648752736, 1.1405024971, -26.004357685, -307.49276023, 1.947217791335, 429.4375320144, -99999.0, -99999.0, 25.7, 4.95, 30.65, 0.258, 0.871, 1.125, -99999.0, -99999.0, -99999.0, -99999.0, -99999.0, -99999.0, -99999.0, -99999.0, -99999.0, 0.0
2337.0, 40.78069242349999, -111.94099196383334, 1287.445, 0.11, 15.3, 0.77, 69.73, -99999.0, -99999.0, -99999.0, -99999.0, -99999.0, 0.04068455015, 424.3573555, 1.9648238102, 1.1434437748, -26.004357685, -308.636433795, 1.947217791335, 429.7692635524, -99999.0, -99999.0, 25.69, 4.92, 30.61, 0.258, 0.871, 1.125, -99999.0, -99999.0, -99999.0, -99999.0, -99999.0, -99999.0, -99999.0, 2.68, 5.29, 0.0
2338.0, 40.78069240116667, -111.94099197183331, 1287.45, 0.08, 15.2, 0.63, 29.43, -99999.0, -99999.0, -99999.0, -99999.0, -99999.0, 0.040692210918, 424.3573555, 1.9648238102, 1.1434437748, -99999.0, -99999.0, -99999.0, -99999.0, -99999.0, 70.7, 25.71, 4.89, 30.6, 0.258, 0.871, 1.125, -99999.0, -99999.0, -99999.0, -99999.0, -99999.0, -99999.0, -99999.0, 2.8, 4.53, 0.0
2339.0, 40.780692353000006, -111.9409919825, 1287.451, 0.12, 15.2, 0.95, 119.03, -99999.0, -99999.0, -99999.0, -99999.0, -99999.0, 0.0477461558285, 425.81426263, 1.9648238102, 1.1434437748, -28.478708099, -309.78010736, 1.9517577528449999, 429.763782871, -99999.0, 71.8, 25.66, 4.87, 30.52, 0.258, 0.871, 1.125, -99999.0, -99999.0, -99999.0, -99999.0, -99999.0, -99999.0, -99999.0, 2.71, 3.29, 0.0
2340.0, 40.780692312166664, -111.94099200516666, 1287.451, 0.09, 15.2, 0.75, 149.01, -99999.0, -99999.0, -99999.0, -99999.0, -99999.0, 0.054800100739, 425.83857919, 1.9651633336, 1.1477775436, -28.478708099, -309.78010736, 1.9517577528449999, 429.763782871, -99999.0, -99999.0, 25.68, 4.87, 30.54, 0.258, 0.871, 1.125, -99999.0, -99999.0, -99999.0, -99999.0, -99999.0, -99999.0, -99999.0, -99999.0, -99999.0, 0.0
2341.0, 40.78069224866667, -111.94099200883332, 1287.454, 0.06, 15.3, 0.81, 131.91, -99999.0, -99999.0, -99999.0, -99999.0, -99999.0, 0.054810786807, 425.83857919, 1.9651633336, 1.1477775436, -28.478708099, -308.89496025, 1.9517577528449999, 428.8821922837, -99999.0, -99999.0, 25.66, 4.85, 30.52, 0.258, 0.871, 1.125, -99999.0, -99999.0, -99999.0, -99999.0, -99999.0, -99999.0, -99999.0, 3.06, 6.65, 0.0
2342.0, 40.78069221366666, -111.94099201766667, 1287.457, 0.12, 15.3, 0.87, 141.43, -99999.0, -99999.0, -99999.0, -99999.0, -99999.0, 0.054810786807, 427.80224575, 1.9651633336, 1.1477775436, -99999.0, -99999.0, -99999.0, -99999.0, -99999.0, 72.4, 25.66, 4.83, 30.49, 0.258, 0.871, 1.125, -99999.0, -99999.0, -99999.0, -99999.0, -99999.0, -99999.0, -99999.0, 2.58, 5.55, 0.0
2343.0, 40.780692180500004, -111.94099207316667, 1287.464, 0.07, 15.4, 0.63, 124.72, -99999.0, -99999.0, -99999.0, -99999.0, -99999.0, 0.052236171121, 427.80224575, 1.9651633336, 1.1477775436, -32.906159595, -308.00981314, 1.969913973277, 428.8864253185, -99999.0, 73.0, 25.63, 4.81, 30.45, 0.258, 0.871, 1.125, -99999.0, -99999.0, -99999.0, -99999.0, -99999.0, -99999.0, -99999.0, -99999.0, -99999.0, 0.0
2344.0, 40.78069215833333, -111.940992121, 1287.472, 0.06, 15.4, 0.37, 111.22, -99999.0, -99999.0, -99999.0, -99999.0, -99999.0, 0.05222856266, 427.7404543, 1.9643928133, 1.1250479868, -32.906159595, -308.00981314, 1.969913973277, 428.8864253185, -99999.0, -99999.0, 25.67, 4.8, 30.48, 0.258, 0.871, 1.125, -99999.0, -99999.0, -99999.0, -99999.0, -99999.0, -99999.0, -99999.0, 3.66, 7.21, 0.0
2345.0, 40.78069211299999, -111.94099217983333, 1287.483, 0.11, 15.4, 0.7, 88.04, -99999.0, -99999.0, -99999.0, -99999.0, -99999.0, 0.052220954199, 424.80781967, 1.9643928133, 1.1250479868, -32.906159595, -307.63400282, 1.969913973277, 428.80550356815, -99999.0, -99999.0, 25.7, 4.81, 30.51, 0.258, 0.871, 1.125, -99999.0, -99999.0, -99999.0, -99999.0, -99999.0, -99999.0, -99999.0, 2.53, 7.98, 0.0
2346.0, 40.78069206366667, -111.94099222349999, 1287.495, 0.07, 15.4, 0.0, 0.0, -99999.0, -99999.0, -99999.0, -99999.0, -99999.0, 0.032414077107, 424.80781967, 1.9643928133, 1.1250479868, -99999.0, -99999.0, -99999.0, -99999.0, -99999.0, 73.5, 25.71, 4.79, 30.5, 0.258, 0.871, 1.125, -99999.0, -99999.0, -99999.0, -99999.0, -99999.0, -99999.0, -99999.0, -99999.0, -99999.0, 0.0
2347.0, 40.7806920535, -111.94099225583335, 1287.503, 0.02, 15.3, 0.31, 68.62, -99999.0, -99999.0, -99999.0, -99999.0, -99999.0, 0.032414077107, 424.64654696, 1.9645739254, 1.0993971175, -24.114686332, -307.2581925, 1.950395735034, 428.8073004574, -99999.0, 72.3, 25.67, 4.8, 30.47, -0.014, 0.871, 0.855, -99999.0, -99999.0, -99999.0, -99999.0, -99999.0, -99999.0, -99999.0, 3.3, 3.88, 0.0
2348.0, 40.78069201816666, -111.94099231466667, 1287.515, 0.08, 15.3, 0.44, 91.31, -99999.0, -99999.0, -99999.0, -99999.0, -99999.0, 0.032408784319, 424.13175838, 1.9645739254, 1.0993971175, -24.114686332, -307.2581925, 1.950395735034, 428.8073004574, -99999.0, -99999.0, 25.65, 4.78, 30.43, -0.014, 0.871, 0.855, -99999.0, -99999.0, -99999.0, -99999.0, -99999.0, -99999.0, -99999.0, 2.62, 3.2, 0.0
2349.0, 40.780691970833324, -111.94099238616667, 1287.53, 0.1, 15.2, 0.43, 101.0, -99999.0, -99999.0, -99999.0, -99999.0, -99999.0, 0.036767066971, 423.6169698, 1.9645739254, 1.0993971175, -24.114686332, -305.834066555, 1.950395735034, 427.043333904, -99999.0, -99999.0, 25.7, 4.74, 30.44, -0.014, 0.871, 0.855, -99999.0, -99999.0, -99999.0, -99999.0, -99999.0, -99999.0, -99999.0, 2.97, 6.05, 0.0
2350.0, 40.78069195566666, -111.94099243650001, 1287.537, 0.01, 15.2, 0.92, 128.92, -99999.0, -99999.0, -99999.0, -99999.0, -99999.0, 0.036767066971, 423.54524778, 1.9640228172, 1.1034601763, -38.108087138, -304.40994061, 1.959154943657, 427.0501150625, -99999.0, 72.3, 25.65, 4.71, 30.36, -0.014, 0.871, 0.855, -99999.0, -99999.0, -99999.0, -99999.0, -99999.0, -99999.0, -99999.0, -99999.0, -99999.0, 0.0
2351.0, 40.78069196733333, -111.9409924805, 1287.535, 0.16, 15.2, 0.66, 114.22, -99999.0, -99999.0, -99999.0, -99999.0, -99999.0, 0.036776896138, 424.560092215, 1.9640228172, 1.1034601763, -99999.0, -99999.0, -99999.0, -99999.0, -99999.0, 74.4, 25.59, 4.68, 30.27, -0.014, 0.871, 0.855, -99999.0, -99999.0, -99999.0, -99999.0, -99999.0, -99999.0, -99999.0, 2.18, 2.18, 0.0
2352.0, 40.78069199016666, -111.94099252183332, 1287.534, 0.02, 15.2, 0.35, 107.71, -99999.0, -99999.0, -99999.0, -99999.0, -99999.0, 0.024791295725, 425.57493665, 1.9640228172, 1.1034601763, -38.108087138, -304.40994061, 1.959154943657, 428.5258358025, -99999.0, -99999.0, 25.56, 4.66, 30.21, -0.014, 0.871, 0.855, -99999.0, -99999.0, -99999.0, -99999.0, -99999.0, -99999.0, -99999.0, 2.78, 13.36, 0.0
2353.0, 40.780692059666656, -111.94099254516665, 1287.529, 0.08, 15.2, 0.55, 78.62, -99999.0, -99999.0, -99999.0, -99999.0, -99999.0, 0.024791295725, 425.63746568, 1.9628168927, 1.1181233693, -38.108087138, -311.85544543, 1.959154943657, 429.96585879369997, -99999.0, -99999.0, 25.54, 4.64, 30.18, -0.014, 0.871, 0.855, -99999.0, -99999.0, -99999.0, -99999.0, -99999.0, -99999.0, -99999.0, 2.34, 2.34, 0.0
2354.0, 40.78069210616666, -111.94099258333333, 1287.527, 0.09, 15.1, 0.61, 148.62, -99999.0, -99999.0, -99999.0, -99999.0, -99999.0, 0.024793215201, 425.63746568, 1.9628168927, 1.1181233693, -35.429294546, -311.85544543, 1.963166195076, 429.96585879369997, -99999.0, 74.9, 25.53, 4.6, 30.13, -0.014, 0.871, 0.855, -99999.0, -99999.0, -99999.0, -99999.0, -99999.0, -99999.0, -99999.0, -99999.0, -99999.0, 0.0
2355.0, 40.7806921335, -111.9409926195, 1287.523, 0.04, 15.1, 0.89, 125.42, -99999.0, -99999.0, -99999.0, -99999.0, -99999.0, 0.024793215201, 425.96373362, 1.9628168927, 1.1181233693, -99999.0, -99999.0, -99999.0, -99999.0, -99999.0, 73.1, 25.51, 4.59, 30.1, -0.014, 0.871, 0.855, -99999.0, -99999.0, -99999.0, -99999.0, -99999.0, -99999.0, -99999.0, 2.22, 2.22, 0.0
2356.0, 40.780692154166665, -111.94099261866668, 1287.522, 0.1, 15.1, 0.75, 157.43, -99999.0, -99999.0, -99999.0, -99999.0, -99999.0, 0.053515163294, 426.00725793000004, 1.96317743815, 1.12381025185, -35.429294546, -311.85544543, 1.963166195076, 429.45181005579997, -99999.0, -99999.0, 25.5, 4.55, 30.05, -0.014, 0.871, 0.855, -99999.0, -99999.0, -99999.0, -99999.0, -99999.0, -99999.0, -99999.0, 2.65, 3.8, 0.0
2357.0, 40.780692194, -111.940992626, 1287.513, 0.1, 15.1, 0.63, 195.24, -99999.0, -99999.0, -99999.0, -99999.0, -99999.0, 0.053506832099, 426.05078224, 1.9635379836, 1.1294971344, -35.429294546, -308.24287419, 1.963166195076, 428.955040509, -99999.0, -99999.0, 25.5, 4.52, 30.02, -0.014, 0.871, 0.855, -99999.0, -99999.0, -99999.0, -99999.0, -99999.0, -99999.0, -99999.0, -99999.0, -99999.0, 0.0
2358.0, 40.78069223866667, -111.94099263616665, 1287.506, 0.12, 15.0, 0.66, 172.52, -99999.0, -99999.0, -99999.0, -99999.0, -99999.0, 0.053506832099, 424.53177336, 1.9635379836, 1.1294971344, -32.996631338, -308.24287419, 1.956639831166, 428.955040509, -99999.0, 73.2, 25.49, 4.49, 29.97, -0.014, 0.871, 0.855, -99999.0, -99999.0, -99999.0, -99999.0, -99999.0, -99999.0, -99999.0, 2.67, 2.67, 0.0
2359.0, 40.78069229933334, -111.94099267649999, 1287.501, 0.03, 15.0, 1.0, 154.72, -99999.0, -99999.0, -99999.0, -99999.0, -99999.0, 0.0077042666312, 424.53177336, 1.9635379836, 1.1294971344, -99999.0, -99999.0, -99999.0, -99999.0, -99999.0, 74.9, 25.45, 4.44, 29.89, -0.014, 0.871, 0.855, -99999.0, -99999.0, -99999.0, -99999.0, -99999.0, -99999.0, -99999.0, 2.84, 4.37, 0.0
2360.0, 40.78069235983333, -111.94099270433335, 1287.495, 0.08, 14.9, 1.21, 164.52, -99999.0, -99999.0, -99999.0, -99999.0, -99999.0, 0.00769886160135, 424.4019098, 1.9642495101, 1.0791704758, -32.996631338, -308.24287419, 1.956639831166, 428.0571538875, -99999.0, -99999.0, 25.45, 4.4, 29.85, -0.014, 0.871, 0.855, -99999.0, -99999.0, -99999.0, -99999.0, -99999.0, -99999.0, -99999.0, 3.18, 3.76, 0.0
2361.0, 40.78069240433333, -111.94099271900001, 1287.489, 0.05, 14.9, 1.05, 166.63, -99999.0, -99999.0, -99999.0, -99999.0, -99999.0, 0.0076934565715, 422.03526884, 1.9642495101, 1.0791704758, -32.996631338, -307.2660923, 1.956639831166, 427.1639197259, -99999.0, -99999.0, 25.41, 4.4, 29.81, -0.014, 0.871, 0.855, -99999.0, -99999.0, -99999.0, -99999.0, -99999.0, -99999.0, -99999.0, -99999.0, -99999.0, 0.0
2362.0, 40.780692464666664, -111.94099273750001, 1287.486, 0.04, 14.9, 0.75, 214.44, -99999.0, -99999.0, -99999.0, -99999.0, -99999.0, 0.036347609767, 422.03526884, 1.9642495101, 1.0791704758, -30.11529157, -307.2660923, 1.947393099882, 427.1639197259, -99999.0, 73.9, 25.4, 4.37, 29.77, -0.014, 0.871, 0.855, -99999.0, -99999.0, -99999.0, -99999.0, -99999.0, -99999.0, -99999.0, 2.28, 2.86, 0.0
2363.0, 40.78069253500001, -111.94099275283334, 1287.484, 0.14, 14.8, 1.03, 201.92, -99999.0, -99999.0, -99999.0, -99999.0, -99999.0, 0.036347609767, 421.86011156, 1.9637124892, 1.0765505281, -99999.0, -99999.0, -99999.0, -99999.0, -99999.0, 72.7, 25.37, 4.34, 29.7, -0.014, 0.871, 0.855, -99999.0, -99999.0, -99999.0, -99999.0, -99999.0, -99999.0, -99999.0, 2.36, 2.36, 0.0
2364.0, 40.78069261666668, -111.94099278533334, 1287.478, 0.15, 14.7, 1.43, 190.14, -99999.0, -99999.0, -99999.0, -99999.0, -99999.0, 0.036346786786, 421.770308735, 1.9637124892, 1.0765505281, -30.11529157, -307.2660923, 1.947393099882, 426.6136534255, -99999.0, -99999.0, 25.34, 4.3, 29.64, -0.014, 0.871, 0.855, -99999.0, -99999.0, -99999.0, -99999.0, -99999.0, -99999.0, -99999.0, 2.74, 6.3, 0.0
2365.0, 40.780692679333335, -111.94099280316665, 1287.471, 0.06, 14.7, 1.19, 185.95, -99999.0, -99999.0, -99999.0, -99999.0, -99999.0, 0.0095769604825, 421.68050591, 1.9637124892, 1.0765505281, -30.11529157, -306.37265766, 1.947393099882, 426.0676316343, -99999.0, -99999.0, 25.3, 4.27, 29.57, -0.014, 0.871, 0.855, -99999.0, -99999.0, -99999.0, -99999.0, -99999.0, -99999.0, -99999.0, -99999.0, -99999.0, 0.0
2366.0, 40.780692721, -111.94099280183333, 1287.465, 0.18, 14.6, 1.26, 187.75, -99999.0, -99999.0, -99999.0, -99999.0, -99999.0, 0.0095769604825, 421.68430454, 1.9624403805, 1.0803189092, -29.145952361, -306.37265766, 1.962559410503, 426.0676316343, -99999.0, 73.2, 25.31, 4.2, 29.51, -0.014, 0.871, 0.855, -99999.0, -99999.0, -99999.0, -99999.0, -99999.0, -99999.0, -99999.0, 3.06, 3.06, 0.0
2367.0, 40.78069279133333, -111.94099281583334, 1287.463, 0.07, 14.5, 1.09, 184.35, -99999.0, -99999.0, -99999.0, -99999.0, -99999.0, 0.0095772819031, 421.745176745, 1.9624403805, 1.0803189092, -99999.0, -99999.0, -99999.0, -99999.0, -99999.0, 72.0, 25.32, 4.18, 29.5, -0.014, 0.871, 0.855, -99999.0, -99999.0, -99999.0, -99999.0, -99999.0, -99999.0, -99999.0, 2.85, 3.43, 0.0
2368.0, 40.780692845333334, -111.94099283833333, 1287.456, 0.19, 14.5, 0.83, 177.34, -99999.0, -99999.0, -99999.0, -99999.0, -99999.0, 0.044133213052, 421.80604895, 1.9624403805, 1.0803189092, -29.145952361, -306.37265766, 1.962559410503, 425.86487185055, -99999.0, -99999.0, 25.32, 4.15, 29.47, -0.014, 0.871, 0.855, -99999.0, -99999.0, -99999.0, -99999.0, -99999.0, -99999.0, -99999.0, 2.73, 2.73, 0.0
2369.0, 40.780692895, -111.94099287533332, 1287.456, 0.0, 14.4, 0.47, 210.64, -99999.0, -99999.0, -99999.0, -99999.0, -99999.0, 0.044133213052, 421.9219582, 1.9626505211, 1.1115857346, -29.145952361, -306.7565656, 1.962559410503, 425.66028994149997, -99999.0, -99999.0, 25.3, 4.12, 29.42, 0.264, 0.535, 0.801, -99999.0, -99999.0, -99999.0, -99999.0, -99999.0, -99999.0, -99999.0, -99999.0, -99999.0, 0.0
2370.0, 40.7806929455, -111.94099289133334, 1287.453, 0.12, 14.4, 0.41, 258.15, -99999.0, -99999.0, -99999.0, -99999.0, -99999.0, 0.044134155607, 421.9219582, 1.9626505211, 1.1115857346, -30.447885892, -306.7565656, 1.953348928107, 425.66028994149997, -99999.0, 71.5, 25.34, 4.09, 29.43, 0.264, 0.535, 0.801, -99999.0, -99999.0, -99999.0, -99999.0, -99999.0, -99999.0, -99999.0, 2.93, 4.97, 0.0
2371.0, 40.780692988000006, -111.94099292316666, 1287.451, 0.05, 14.4, 0.0, 0.0, -99999.0, -99999.0, -99999.0, -99999.0, -99999.0, 0.044134155607, 422.09896607, 1.9626505211, 1.1115857346, -99999.0, -99999.0, -99999.0, -99999.0, -99999.0, 75.0, 25.3, 4.06, 29.35, 0.264, 0.535, 0.801, -99999.0, -99999.0, -99999.0, -99999.0, -99999.0, -99999.0, -99999.0, 2.73, 3.31, 0.0
