arc_raw/USOS-ARL-Suite_ARC_20240804_RA.ict
71,1001
Xinrong Ren
NOAA Air Resources Lab
ARC-Suite
USOS: Utah Summer Ozone Study
1,1
2024,08,04,2024,08,04
1
StartTime_seconds, seconds, Start time in UTC seconds since midnight
38
1,1,1,1,1,1,1,1,1,1,1,1,1,1,1,1,1,1,1,1,1,1,1,1,1,1,1,1,1,1,1,1,1,1,1,1,1,1
-99999,-99999,-99999,-99999,-99999,-99999,-99999,-99999,-99999,-99999,-99999,-99999,-99999,-99999,-99999,-99999,-99999,-99999,-99999,-99999,-99999,-99999,-99999,-99999,-99999,-99999,-99999,-99999,-99999,-99999,-99999,-99999,-99999,-99999,-99999,-99999,-99999,-99999
lat_DGPS_deg, degrees, Latitude in decimal by Hemisphere VS1100 Differential GPS
lon_DGPS_deg, degrees, Longitude in decimal by Hemisphere VS1100 Differential GPS
alt_msl_m, meters, GPS Altitude MSL
speed_km_h, km/s, vehicle speed
RH, percent, relative humidity
true_WS_m_s, m/s, wind speed by 2D sonic sensor
true_WD_deg, degree, wind direction by 2D sonic sensor
CH4_aeris313_ppm, ppm, CH4 mixing ratio by Aeris
H2O_aeris313_ppm, ppm, H2O mixing ratio by Aeris
C2H6_aeris313_ppb, ppb, C2H6 mixing ratio by Aeris
r_aeris313, 1, relavence between CH4 and C2H6 by Aeris
C2C1_aeris313, 1, C2H6 to CH4 ratio by Aeris
CO_g2401m_ppm, ppm, CO mixing ratio by Picarro G2401m
CO2_g2401m_ppm, ppm, CO2 mixing ratio by Picarro G2401m
CH4_g2401m_ppm, ppm, CH4 mixing ratio by Picarro G2401m
H2O_g2401m, ppm, H2O mixing ratio by Picarro G2401m
delta13C_CH4_raw, permill, delta 13C of CH4 by Picarro G2201i
delta13C_CO2_raw, permill, delta 13C of CO2 by Picarro G2201i
CH4_g2201i_ppm, ppm, CH4 mixing ratio by Picarro G2201i
CO2_g2201i_ppm, ppm, CO2 mixing ratio by Picarro G2201i
NH3_g2301_ppb, ppb, NH3 mixing ratio by Picarro G2301
O3_2B_ppm, ppm, O3 mixing ratio by 2B
NO_G60_ppb, ppb, NO mixing ratio by G60
NO2_G60_ppb, ppb, NO2 mixing ratio by G60
NOx_G60_ppb, ppb, NOx mixing ratio by G60
NO_N500_ppb, ppb, NO mixing ratio by N500
NO2_N500_ppb, ppb, NO2 mixing ratio by N500
NOx_N500_ppb, ppb, NOx mixing ratio by N500
BC370_AE43_ng_m3, ng/m3, Black Carbon at 370 nm by AE43
BC470_AE43_ng_m3, ng/m3, Black Carbon at 470 nm by AE43
BC520_AE43_ng_m3, ng/m3, Black Carbon at 520 nm by AE43
BC590_AE43_ng_m3, ng/m3, Black Carbon at 590 nm by AE43
BC660_AE43_ng_m3, ng/m3, Black Carbon at 660 nm by AE43
BC880_AE43_ng_m3, ng/m3, Black Carbon at 880 nm by AE43
BC950_AE43_ng_m3, ng/m3, Black Carbon at 950 nm by AE43
PM25, ug/m3, PM2.5 by particle sensor
PM10, ug/m3, PM10 by particle sensor
Valve, boolian, indicator of valve conditions;0 is measurement; 10 is zeroing; 11 is spanning
1
SPECIAL COMMENTS, N/A
18
PI_CONTACT_INFO: xinrong.ren@noaa.gov, 301-683-1391, NOAA/ARL, 5830 University Research Court, College Park, MD 20740
PLATFORM: NOAA Air Resources Car
LOCATION: Salt Lake City
ASSOCIATED_DATA: N/A
INSTRUMENT_INFO: Hemisphere VS1100 differential GPS (Latitude, Longitude, GPS Altitude, speed), meteorological sensor (RH, WS, WD), 2B (O3), G60 CRDS (NO-NOx), Teledyne N500 (NO-NOx), Picarro G2401-m (CO2, CH4, CO, H2O), Picarro G2201i (CO2, CH4, d13C_CO2, d13C_CH4, H2O), Picarro 2301 (NH3), Aeris Ultra MIRA (CH4, C2H6, H2O, r, C2/C1), AE43 (Black Carbon), Partical sensor (PM2.5, PM10)
DATA_INFO: Records are reported at 1-second intervals. Hemisphere VS1100 differential GPS has 1-second ntervals. 2B O3 values are reported 2-second averages. G60 Cavity Rong Down NO-NO2-NO2 has 1-second average. Teledyne CAPS NO2 analyzer has 10-second time resolution. Picarro 2401m (CO2, CH4, CO, H2O) data has 2.5-second time resolution. Picarro 2201i (isotope) has ~5 second time resolution. Aeris Ultra MIRA has 1-second integration time. AE43 data are 10-second moving averages. Partical sensor has 10-second time resolution.
UNCERTAINTY: -99999, -99999, -99999, 15 m, -99999, -99999, -99999, -99999, 1 ppb, 100 ppm, 0.2 ppb, -99999, -99999, 5 ppb, 0.1 ppm, 1 ppb, 100 ppm, -99999, -99999, -99999, -99999, 2 ppb, 0.3 ppb, -99999, -99999, -99999, 0.05 ppb, 0.05 ppb, 0.05 ppb, 10 ng/m3, 10 ng/m3, 10 ng/m3, 10 ng/m3, 10 ng/m3, 10 ng/m3, 10 ng/m3, 10 ng/m3, 0
ULOD_FLAG: -77777
ULOD_VALUE: N/A
LLOD_FLAG: -88888
LLOD_VALUE: N/A
DM_CONTACT_INFO: Jiayang Sun; University of Maryland; jiayangs@umd.edu
PROJECT_INFO: USOS July - Aug 2024 https://deq.utah.gov/air-quality/utah-summer-ozone-study-usos
STIPULATIONS_ON_USE: Use of these data requires prior ok from PI.
OTHER_COMMENTS: N/A
REVISION: RA
RA: Preliminary Data for in-field use only.
StartTime_seconds, lat_DGPS_deg, lon_DGPS_deg, alt_msl_m, speed_km_h, RH, true_WS_m_s, true_WD_deg, CH4_aeris313_ppm, H2O_aeris313_ppm, C2H6_aeris313_ppb, r_aeris313, C2C1_aeris313, CO_g2401m_ppm, CO2_g2401m_ppm, CH4_g2401m_ppm, H2O_g2401m, delta13C_CH4_raw, delta13C_CO2_raw, CH4_g2201i_ppm, CO2_g2201i_ppm, NH3_g2301_ppb, O3_2B_ppm, NO_G60_ppb, NO2_G60_ppb, NOx_G60_ppb, NO_N500_ppb, NO2_N500_ppb, NOx_N500_ppb, BC370_AE43_ng_m3, BC470_AE43_ng_m3, BC520_AE43_ng_m3, BC590_AE43_ng_m3, BC660_AE43_ng_m3, BC880_AE43_ng_m3, BC950_AE43_ng_m3, PM25, PM10, Valve
[from data line 3970]
3970.0, 40.78068420616667, -111.94099072716666, 1288.018, 0.07, 24.3, -99999.0, -99999.0, 1.98817, 15247.1, -1.41503, 0.0240084, -99999.0, 0.14693957045, 426.94265341, 1.9625546689, 1.3452968582, -30.969198084, -8.0399186136, 1.881518641723, 428.03167954105, -99999.0, 52.1, 15.98, 0.92, 16.91, -0.266, 0.719, 0.451, 333.0, 245.0, 505.0, 169.0, 150.0, 85.0, 19.0, -99999.0, -99999.0, 0.0
3971.0, 40.78068444933333, -111.94099069316665, 1287.994, 0.06, 24.3, -99999.0, -99999.0, 1.98674, 15231.0, -1.65155, 0.111522, -99999.0, 0.14693877677, 426.82234707, 1.9625546689, 1.3452968582, -30.969198084, -8.7998944047, 1.881518641723, 428.3151318625, -99999.0, -99999.0, 15.98, 0.94, 16.92, -0.266, 0.719, 0.451, 178.0, 167.0, 184.0, 366.0, 332.0, 114.0, 178.0, -99999.0, -99999.0, 0.0
3972.0, 40.780684668, -111.94099061283332, 1287.978, 0.16, 24.3, -99999.0, -99999.0, 1.98728, 15231.6, -1.11029, -0.0603555, -99999.0, 0.13161741646, 426.931429715, 1.9629160916, 1.37887222205, -32.047426464, -8.7998944047, 1.8884458842590002, 428.3151318625, -99999.0, 54.6, 15.99, 0.94, 16.93, -0.266, 0.719, 0.451, 451.0, 338.0, 130.0, 489.0, -135.0, -99999.0, 410.0, -99999.0, -99999.0, 0.0
3973.0, 40.78068482033333, -111.94099051350001, 1287.98, 0.07, 24.4, -99999.0, -99999.0, 1.98776, 15246.5, -1.33783, -0.0519698, -99999.0, 0.13161502953, 426.87923184, 1.9632775143, 1.4124475859, -99999.0, -99999.0, -99999.0, -99999.0, -99999.0, -99999.0, 15.96, 0.96, 16.92, -0.266, 0.719, 0.451, 379.0, 640.0, 611.0, 466.0, 347.0, 496.0, 279.0, -99999.0, -99999.0, 0.0
3974.0, 40.78068495783333, -111.94099040349998, 1287.974, 0.05, 24.4, -99999.0, -99999.0, 1.98822, 15332.0, -1.41109, -0.144188, -99999.0, 0.1459712484, 426.71795132, 1.9632775143, 1.4124475859, -99999.0, -99999.0, -99999.0, -99999.0, -99999.0, 56.9, 15.98, 0.97, 16.95, -0.266, 0.719, 0.451, 279.0, 429.0, 540.0, 294.0, 161.0, 144.0, 274.0, -99999.0, -99999.0, 0.0
3975.0, 40.78068517650001, -111.94099028350001, 1287.949, 0.25, 24.4, -99999.0, -99999.0, 1.98862, 15496.6, -1.51529, -0.152546, -99999.0, 0.145970926785, 426.96243986, 1.962577962, 1.4180294332, -32.047426464, -8.7998944047, 1.8884458842590002, 428.7784463582, -99999.0, -99999.0, 15.95, 0.97, 16.93, -0.266, 0.719, 0.451, 256.0, 328.0, 380.0, 488.0, 468.0, 297.0, 137.0, -99999.0, -99999.0, 0.0
3976.0, 40.78068530633333, -111.94099020233334, 1287.934, 0.13, 24.4, -99999.0, -99999.0, 1.98879, 15612.8, -1.69618, -0.24009, -99999.0, 0.14597060517, 426.8679232, 1.962577962, 1.4180294332, -32.047426464, -8.2999157005, 1.8884458842590002, 429.2441459233, -99999.0, 56.6, 15.94, 0.99, 16.93, -0.648, 0.719, 0.07, 279.0, 406.0, 332.0, 291.0, 232.0, -153.0, 332.0, -99999.0, -99999.0, 0.0
3977.0, 40.78068541083333, -111.94099012616668, 1287.925, 0.14, 24.5, -99999.0, -99999.0, 1.98669, 15687.9, -1.70703, -0.135388, -99999.0, 0.14835429972, 426.81379530000004, 1.9625908075499998, 1.39913258305, -99999.0, -99999.0, -99999.0, -99999.0, -99999.0, -99999.0, 15.92, 0.99, 16.91, -0.648, 0.719, 0.07, 553.0, 250.0, 190.0, 169.0, 204.0, 424.0, -38.0, -99999.0, -99999.0, 0.0
3978.0, 40.780685557, -111.94099000616667, 1287.922, 0.18, 24.5, -99999.0, -99999.0, 1.98467, 15720.1, -1.44614, -0.092424, -99999.0, 0.14837627836, 428.20359046, 1.9626036531, 1.3802357329, -36.118326023, -8.2999157005, 1.8928748884589999, 429.2441459233, -99999.0, 53.3, 15.92, 1.0, 16.92, -0.648, 0.719, 0.07, 187.0, 479.0, 107.0, -78.0, 350.0, 674.0, 366.0, -99999.0, -99999.0, 0.0
3979.0, 40.78068565433334, -111.94098986566665, 1287.946, 0.06, 24.5, -99999.0, -99999.0, 1.98679, 15688.4, -1.52219, -0.0797523, -99999.0, 0.15989956444, 429.64751352, 1.9626036531, 1.3802357329, -99999.0, -99999.0, -99999.0, -99999.0, -99999.0, -99999.0, 15.92, 1.01, 16.93, -0.648, 0.719, 0.07, 343.0, 256.0, 71.0, 316.0, 239.0, 136.0, 89.0, -99999.0, -99999.0, 0.0
3980.0, 40.78068567683333, -111.94098970949999, 1287.983, 0.03, 24.5, -99999.0, -99999.0, 1.98926, 15620.8, -1.62394, -0.136811, -99999.0, 0.159921938455, 429.56596462, 1.9664740368, 1.3938871327, -36.118326023, -8.2999157005, 1.8928748884589999, 429.2441459233, -99999.0, 51.0, 15.84, 1.0, 16.84, -0.648, 0.719, 0.07, 192.0, 412.0, 309.0, 219.0, 350.0, 21.0, 159.0, -99999.0, -99999.0, 0.0
3981.0, 40.780685739666666, -111.9409895255, 1288.017, 0.13, 24.5, -99999.0, -99999.0, 1.99189, 15576.5, -0.926087, 0.201333, -99999.0, 0.15994431247, 435.51906554, 1.9664740368, 1.3938871327, -36.118326023, -7.90167320515, 1.8928748884589999, 429.97734158235, -99999.0, -99999.0, 15.79, 0.97, 16.76, -0.648, 0.719, 0.07, 411.0, -61.0, 303.0, -56.0, 404.0, 187.0, 529.0, -99999.0, -99999.0, 0.0
3982.0, 40.780685792999996, -111.94098936516666, 1288.051, 0.05, 24.5, -99999.0, -99999.0, 1.99102, 15589.5, -1.22565, 0.228274, -99999.0, 0.16065441946, 435.55292664499996, 1.9672976474500001, 1.3969410948999998, -99999.0, -99999.0, -99999.0, -99999.0, -99999.0, 52.1, 15.81, 0.98, 16.79, -0.648, 0.719, 0.07, 210.0, 328.0, -53.0, 366.0, 382.0, 93.0, 111.0, -99999.0, -99999.0, 0.0
3983.0, 40.78068569633333, -111.94098922683334, 1288.087, 0.09, 24.5, -99999.0, -99999.0, 1.99076, 15622.2, -0.880733, 0.360873, -99999.0, 0.1606482369, 435.148150795, 1.9681212581, 1.3999950571, -34.06056747, -7.5034307098, 1.8890860353549999, 429.9792445718, -99999.0, -99999.0, 15.8, 1.03, 16.83, -0.648, 0.719, 0.07, 480.0, 351.0, 196.0, 413.0, 150.0, 72.0, 108.0, -99999.0, -99999.0, 0.0
3984.0, 40.7806856575, -111.94098906916666, 1288.125, 0.1, 24.5, -99999.0, -99999.0, 1.98883, 15631.1, -1.07657, 0.409723, -99999.0, 0.15917037905, 434.70951384, 1.9681212581, 1.3999950571, -99999.0, -99999.0, -99999.0, -99999.0, -99999.0, 53.5, 15.79, 1.04, 16.83, -0.648, 0.719, 0.07, 192.0, 417.0, 362.0, 291.0, 161.0, 568.0, -99999.0, -99999.0, -99999.0, 0.0
3985.0, 40.780685419, -111.94098898583334, 1288.181, 0.1, 24.5, -99999.0, -99999.0, 1.99049, 15650.0, -0.822704, 0.488252, -99999.0, 0.15915073269500002, 434.74092806, 1.9671403529, 1.4030702484, -34.06056747, -7.5034307098, 1.8890860353549999, 429.9792445718, -99999.0, -99999.0, 15.81, 1.08, 16.89, -0.648, 0.719, 0.07, 341.0, 405.0, 142.0, 268.0, 591.0, 144.0, 410.0, -99999.0, -99999.0, 0.0
3986.0, 40.78068521716666, -111.94098893466668, 1288.224, 0.1, 24.5, -99999.0, -99999.0, 1.99142, 15706.1, -1.1471, 0.504744, -99999.0, 0.15913108634, 429.79711874, 1.9671403529, 1.4030702484, -34.06056747, -7.1490682391, 1.8890860353549999, 429.94204536115, -99999.0, 52.8, 15.77, 1.13, 16.9, -0.648, 0.719, 0.07, 187.0, 255.0, 568.0, 193.0, 167.0, 13.0, 427.0, -99999.0, -99999.0, 0.0
3987.0, 40.780685143333336, -111.94098890183335, 1288.231, 0.1, 24.5, -99999.0, -99999.0, 1.9901, 15721.0, -1.3986, 0.485127, -99999.0, 0.14892572334, 429.79711874, 1.9671403529, 1.4030702484, -99999.0, -99999.0, -99999.0, -99999.0, -99999.0, -99999.0, 15.78, 1.15, 16.93, -0.648, 0.719, 0.07, 315.0, 395.0, 570.0, 147.0, 572.0, 445.0, 94.0, -99999.0, -99999.0, 0.0
3988.0, 40.780684855833336, -111.94098890133334, 1288.269, 0.05, 24.5, -99999.0, -99999.0, 1.9884, 15717.2, -1.3135, 0.490983, -99999.0, 0.14892175172, 429.5121515266666, 1.9641303455, 1.3908489698999997, -35.229759907, -6.7947057684, 1.885054143729, 429.94373851809996, -99999.0, 52.2, 15.74, 1.17, 16.91, -0.648, 0.719, 0.07, 347.0, 161.0, 255.0, 441.0, 340.0, 564.0, 91.0, -99999.0, -99999.0, 0.0
3989.0, 40.7806846335, -111.94098881466668, 1288.291, 0.04, 24.5, -99999.0, -99999.0, 1.98826, 15726.5, -1.64936, 0.485252, -99999.0, 0.14279293529, 429.0040911, 1.9641303455, 1.3908489699, -99999.0, -99999.0, -99999.0, -99999.0, -99999.0, -99999.0, 15.74, 1.18, 16.91, -0.648, 0.719, 0.07, 375.0, 412.0, 166.0, 269.0, -71.0, 594.0, 305.0, -99999.0, -99999.0, 0.0
3990.0, 40.780684431833336, -111.94098882300001, 1288.322, 0.08, 24.5, -99999.0, -99999.0, 1.98684, 15691.6, -1.24285, 0.473999, -99999.0, 0.142790883995, 429.01339297, 1.9643868332, 1.4058268302, -35.229759907, -6.7947057684, 1.885054143729, 429.94373851809996, -99999.0, 53.6, 15.73, 1.19, 16.93, -0.648, 0.719, 0.07, 314.0, 322.0, 515.0, 165.0, 43.0, 131.0, 91.0, -99999.0, -99999.0, 0.0
3991.0, 40.78068440666667, -111.94098878783333, 1288.345, 0.15, 24.5, -99999.0, -99999.0, 1.98947, 15664.8, -0.978927, 0.486055, -99999.0, 0.1427888327, 428.41848551, 1.9643868332, 1.4058268302, -35.229759907, -7.46415655695, 1.885054143729, 429.95470841085, -99999.0, -99999.0, 15.74, 1.21, 16.95, -0.648, 0.719, 0.07, 151.0, 161.0, -83.0, 197.0, 468.0, 602.0, 48.0, -99999.0, -99999.0, 0.0
3992.0, 40.78068442800001, -111.94098875766667, 1288.354, 0.08, 24.5, -99999.0, -99999.0, 1.9855, 15670.3, -1.38945, 0.539723, -99999.0, 0.14757405948, 428.41848551, 1.9643868332, 1.4058268302, -99999.0, -99999.0, -99999.0, -99999.0, -99999.0, 54.5, 15.7, 1.24, 16.94, -0.648, 0.719, 0.07, 429.0, 250.0, 635.0, 366.0, 400.0, 161.0, 253.0, -99999.0, -99999.0, 0.0
3993.0, 40.7806844245, -111.94098868533335, 1288.396, 0.07, 24.5, -99999.0, -99999.0, 1.98548, 15719.9, -1.12941, 0.46477, -99999.0, 0.14756965603333333, 428.14953351, 1.9630881687, 1.3875659501, -28.140437656, -8.1336073455, 1.883841787756, 429.9515096449, -99999.0, -99999.0, 15.7, 1.25, 16.95, -0.648, 0.719, 0.07, 247.0, 150.0, 315.0, 685.0, -179.0, 21.0, 48.0, -99999.0, -99999.0, 0.0
3994.0, 40.78068423083334, -111.94098858983334, 1288.457, 0.12, 24.5, -99999.0, -99999.0, 1.98714, 15756.8, -1.29712, 0.453363, -99999.0, 0.14712682848, 427.63377379, 1.9630881687, 1.3875659501, -99999.0, -99999.0, -99999.0, -99999.0, -99999.0, -99999.0, 15.7, 1.24, 16.94, -0.648, 0.719, 0.07, 384.0, 417.0, 178.0, 416.0, 572.0, 280.0, -2.0, -99999.0, -99999.0, 0.0
3995.0, 40.7806839905, -111.94098849216668, 1288.53, 0.11, 24.5, -99999.0, -99999.0, 1.9866, 15706.9, -1.06452, 0.419164, -99999.0, 0.14712682848, 427.56821555, 1.9626330599, 1.3863365136, -28.140437656, -8.1336073455, 1.883841787756, 429.9515096449, -99999.0, 54.3, 15.73, 1.24, 16.97, -0.648, 0.719, 0.07, 708.0, 273.0, 71.0, 338.0, -332.0, 259.0, 625.0, -99999.0, -99999.0, 0.0
3996.0, 40.78068390516666, -111.94098834249999, 1288.593, 0.12, 24.5, -99999.0, -99999.0, 1.98534, 15648.4, -1.59283, 0.447658, -99999.0, 0.1471236638, 427.35897152999996, 1.9626330599, 1.3863365136, -28.140437656, -7.8618549373499995, 1.883841787756, 429.41363900064994, -99999.0, 55.6, 15.75, 1.24, 17.0, -0.648, 0.719, 0.07, 256.0, 334.0, 534.0, 216.0, 393.0, 237.0, 212.0, -99999.0, -99999.0, 0.0
3997.0, 40.78068388850001, -111.94098819483334, 1288.636, 0.02, 24.5, -99999.0, -99999.0, 1.98578, 15607.0, -1.37855, 0.441782, -99999.0, 0.15231593666, 427.14972751, 1.9626330599, 1.3863365136, -99999.0, -99999.0, -99999.0, -99999.0, -99999.0, -99999.0, 15.7, 1.28, 16.98, -0.648, 0.719, 0.07, 110.0, 323.0, 374.0, 366.0, 222.0, 127.0, 132.0, -99999.0, -99999.0, 0.0
3998.0, 40.78068387966667, -111.94098809066666, 1288.669, 0.14, 24.5, -99999.0, -99999.0, 1.98944, 15616.0, -1.53399, 0.408877, -99999.0, 0.15231578884000002, 427.09959525, 1.9625535155, 1.3726499642, -25.416716111, -7.5901025292, 1.870273180823, 429.41493585809997, -99999.0, 55.9, 15.65, 1.28, 16.94, -0.648, 0.719, 0.07, 256.0, 568.0, 416.0, 394.0, 182.0, 483.0, 392.0, -99999.0, -99999.0, 0.0
3999.0, 40.780683870666664, -111.9409879595, 1288.711, 0.12, 24.5, -99999.0, -99999.0, 1.98741, 15624.6, -1.25106, 0.406418, -99999.0, 0.15135147675, 427.05866855, 1.9625535155, 1.3726499642, -99999.0, -99999.0, -99999.0, -99999.0, -99999.0, -99999.0, 15.65, 1.28, 16.93, -0.463, 0.496, 0.033, 128.0, 323.0, 427.0, 166.0, 54.0, -59.0, 233.0, -99999.0, -99999.0, 0.0
4000.0, 40.78068385033333, -111.94098788066667, 1288.751, 0.02, 24.5, -99999.0, -99999.0, 1.98806, 15586.1, -1.19248, 0.405612, -99999.0, 0.15038731248, 427.01227015, 1.9646505595, 1.372522651, -25.416716111, -7.5901025292, 1.870273180823, 429.41493585809997, -99999.0, 53.3, 15.62, 1.28, 16.9, -0.463, 0.496, 0.033, 539.0, 139.0, 243.0, 394.0, 107.0, 526.0, 532.0, -99999.0, -99999.0, 0.0
4001.0, 40.78068385483333, -111.940987746, 1288.789, 0.01, 24.5, -99999.0, -99999.0, 1.99003, 15535.6, -1.43276, 0.362996, -99999.0, 0.15038765655, 427.023432295, 1.9646505595, 1.372522651, -25.416716111, -7.60271840395, 1.870273180823, 428.87388818269994, -99999.0, -99999.0, 15.65, 1.29, 16.94, -0.463, 0.496, 0.033, 292.0, 417.0, 362.0, 166.0, 454.0, 611.0, 791.0, -99999.0, -99999.0, 0.0
4002.0, 40.780683794, -111.940987643, 1288.855, 0.15, 24.5, -99999.0, -99999.0, 1.99, 15522.1, -1.62787, 0.330341, -99999.0, 0.15134862338, 427.03459444, 1.9646505595, 1.372522651, -99999.0, -99999.0, -99999.0, -99999.0, -99999.0, -99999.0, 15.59, 1.3, 16.89, -0.463, 0.496, 0.033, 365.0, 250.0, 249.0, 394.0, 107.0, 297.0, -120.0, -99999.0, -99999.0, 0.0
4003.0, 40.78068375916666, -111.94098751133333, 1288.908, 0.1, 24.6, -99999.0, -99999.0, 1.98731, 15511.1, -1.44654, 0.335908, -99999.0, 0.15134927362, 427.0521835, 1.9657167275, 1.3778860544, -39.459683741, -7.6153342787, 1.892389205638, 428.87382805299995, -99999.0, 52.2, 15.49, 1.33, 16.82, -0.463, 0.496, 0.033, 87.0, 384.0, 249.0, 441.0, 172.0, 276.0, -113.0, -99999.0, -99999.0, 0.0
4004.0, 40.780683708333335, -111.94098735816667, 1288.961, 0.16, 24.6, -99999.0, -99999.0, 1.99099, 15507.9, -1.50541, 0.291667, -99999.0, 0.15134992386, 427.24330216, 1.9657167275, 1.3778860544, -99999.0, -99999.0, -99999.0, -99999.0, -99999.0, 53.1, 15.52, 1.33, 16.84, -0.463, 0.496, 0.033, 315.0, 239.0, -184.0, 144.0, -254.0, 267.0, 625.0, -99999.0, -99999.0, 0.0
4005.0, 40.780683691499995, -111.94098724466667, 1289.018, 0.12, 24.6, -99999.0, -99999.0, 1.98801, 15517.0, -1.30441, 0.296818, -99999.0, 0.15450617847, 427.26649444500003, 1.96556154335, 1.3821043147999998, -39.459683741, -7.6153342787, 1.892389205638, 428.87382805299995, -99999.0, -99999.0, 15.5, 1.33, 16.82, -0.463, 0.496, 0.033, 502.0, 83.0, 332.0, -28.0, 458.0, 326.0, -156.0, -99999.0, -99999.0, 0.0
4006.0, 40.78068371599999, -111.94098713633333, 1289.066, 0.12, 24.7, -99999.0, -99999.0, 1.98692, 15531.7, -1.37872, 0.32478, -99999.0, 0.15450680275, 427.37843459, 1.9654063592, 1.3863225752, -39.459683741, -7.971261924949999, 1.892389205638, 428.4301067207, -99999.0, -99999.0, 15.48, 1.34, 16.82, -0.463, 0.496, 0.033, 434.0, 61.0, 362.0, 391.0, 293.0, 390.0, 361.0, -99999.0, -99999.0, 0.0
4007.0, 40.780683718000006, -111.94098706516667, 1289.108, 0.12, 24.7, -99999.0, -99999.0, 1.98977, 15551.4, -1.23222, 0.300748, -99999.0, 0.16188759376, 427.46718245, 1.9654063592, 1.3863225752, -99999.0, -99999.0, -99999.0, -99999.0, -99999.0, 53.0, 15.47, 1.33, 16.8, -0.463, 0.496, 0.033, 470.0, 395.0, 243.0, 294.0, 236.0, 102.0, 544.0, -99999.0, -99999.0, 0.0
4008.0, 40.78068371399999, -111.94098700633334, 1289.141, 0.03, 24.8, -99999.0, -99999.0, 1.98959, 15569.4, -1.11366, 0.288125, -99999.0, 0.1618879431, 427.51427947, 1.9646432547, 1.3918884914, -49.623965289, -8.3271895712, 1.9109143396300001, 428.42841205030004, -99999.0, 53.2, 15.5, 1.34, 16.84, -0.463, 0.496, 0.033, 382.0, 416.0, -18.0, 215.0, 292.0, 194.0, 65.0, -99999.0, -99999.0, 0.0
4009.0, 40.7806837065, -111.9409869185, 1289.179, 0.1, 24.8, -99999.0, -99999.0, 1.98752, 15593.7, -1.43935, 0.2732, -99999.0, 0.16188829244, 427.50115496, 1.9646432547, 1.3918884914, -99999.0, -99999.0, -99999.0, -99999.0, -99999.0, -99999.0, 15.51, 1.34, 16.85, -0.463, 0.496, 0.033, 434.0, 490.0, 505.0, 666.0, 172.0, 352.0, 2.0, -99999.0, -99999.0, 0.0
4010.0, 40.78068365633333, -111.94098674166668, 1289.235, 0.21, 24.9, -99999.0, -99999.0, 1.98796, 15614.1, -1.6288, 0.308758, -99999.0, 0.15253466578, 427.48715818, 1.9647725246499999, 1.3849451197, -49.623965289, -8.3271895712, 1.9109143396300001, 428.42841205030004, -99999.0, 53.4, 15.48, 1.36, 16.85, -0.463, 0.496, 0.033, 291.0, 299.0, 83.0, 118.0, 399.0, 131.0, 585.0, -99999.0, -99999.0, 0.0
