arc_raw/USOS-ARL-Suite_ARC_20240728_RA.ict
71,1001
Xinrong Ren
NOAA Air Resources Lab
ARC-Suite
USOS: Utah Summer Ozone Study
1,1
2024,07,28,2024,07,28
1
StartTime_seconds, seconds, Start time in UTC seconds since midnight
38
1,1,1,1,1,1,1,1,1,1,1,1,1,1,1,1,1,1,1,1,1,1,1,1,1,1,1,1,1,1,1,1,1,1,1,1,1,1
-99999,-99999,-99999,-99999,-99999,-99999,-99999,-99999,-99999,-99999,-99999,-99999,-99999,-99999,-99999,-99999,-99999,-99999,-99999,-99999,-99999,-99999,-99999,-99999,-99999,-99999,-99999,-99999,-99999,-99999,-99999,-99999,-99999,-99999,-99999,-99999,-99999,-99999
lat_DGPS_deg, degrees, Latitude in decimal by Hemisphere VS1100 Differential GPS
lon_DGPS_deg, degrees, Longitude in decimal by Hemisphere VS1100 Differential GPS
alt_msl_m, meters, GPS Altitude MSL
speed_km_h, km/s, vehicle speed
RH, percent, relative humidity
true_WS_m_s, m/s, wind speed by 2D sonic sensor
true_WD_deg, degree, wind direction by 2D sonic sensor
CH4_aeris313_ppm, ppm, CH4 mixing ratio by Aeris
H2O_aeris313_ppm, ppm, H2O mixing ratio by Aeris
C2H6_aeris313_ppb, ppb, C2H6 mixing ratio by Aeris
r_aeris313, 1, relavence between CH4 and C2H6 by Aeris
C2C1_aeris313, 1, C2H6 to CH4 ratio by Aeris
CO_g2401m_ppm, ppm, CO mixing ratio by Picarro G2401m
CO2_g2401m_ppm, ppm, CO2 mixing ratio by Picarro G2401m
CH4_g2401m_ppm, ppm, CH4 mixing ratio by Picarro G2401m
H2O_g2401m, ppm, H2O mixing ratio by Picarro G2401m
delta13C_CH4_raw, permill, delta 13C of CH4 by Picarro G2201i
delta13C_CO2_raw, permill, delta 13C of CO2 by Picarro G2201i
CH4_g2201i_ppm, ppm, CH4 mixing ratio by Picarro G2201i
CO2_g2201i_ppm, ppm, CO2 mixing ratio by Picarro G2201i
NH3_g2301_ppb, ppb, NH3 mixing ratio by Picarro G2301
O3_2B_ppm, ppm, O3 mixing ratio by 2B
NO_G60_ppb, ppb, NO mixing ratio by G60
NO2_G60_ppb, ppb, NO2 mixing ratio by G60
NOx_G60_ppb, ppb, NOx mixing ratio by G60
NO_N500_ppb, ppb, NO mixing ratio by N500
NO2_N500_ppb, ppb, NO2 mixing ratio by N500
NOx_N500_ppb, ppb, NOx mixing ratio by N500
BC370_AE43_ng_m3, ng/m3, Black Carbon at 370 nm by AE43
BC470_AE43_ng_m3, ng/m3, Black Carbon at 470 nm by AE43
BC520_AE43_ng_m3, ng/m3, Black Carbon at 520 nm by AE43
BC590_AE43_ng_m3, ng/m3, Black Carbon at 590 nm by AE43
BC660_AE43_ng_m3, ng/m3, Black Carbon at 660 nm by AE43
BC880_AE43_ng_m3, ng/m3, Black Carbon at 880 nm by AE43
BC950_AE43_ng_m3, ng/m3, Black Carbon at 950 nm by AE43
PM25, ug/m3, PM2.5 by particle sensor
PM10, ug/m3, PM10 by particle sensor
Valve, boolian, indicator of valve conditions;0 is measurement; 10 is zeroing; 11 is spanning
1
SPECIAL COMMENTS, N/A
18
PI_CONTACT_INFO: xinrong.ren@noaa.gov, 301-683-1391, NOAA/ARL, 5830 University Research Court, College Park, MD 20740
PLATFORM: NOAA Air Resources Car
LOCATION: Salt Lake City
ASSOCIATED_DATA: N/A
INSTRUMENT_INFO: Hemisphere VS1100 differential GPS (Latitude, Longitude, GPS Altitude, speed), meteorological sensor (RH, WS, WD), 2B (O3), G60 CRDS (NO-NOx), Teledyne N500 (NO-NOx), Picarro G2401-m (CO2, CH4, CO, H2O), Picarro G2201i (CO2, CH4, d13C_CO2, d13C_CH4, H2O), Picarro 2301 (NH3), Aeris Ultra MIRA (CH4, C2H6, H2O, r, C2/C1), AE43 (Black Carbon), Partical sensor (PM2.5, PM10)
DATA_INFO: Records are reported at 1-second intervals. Hemisphere VS1100 differential GPS has 1-second ntervals. 2B O3 values are reported 2-second averages. G60 Cavity Rong Down NO-NO2-NO2 has 1-second average. Teledyne CAPS NO2 analyzer has 10-second time resolution. Picarro 2401m (CO2, CH4, CO, H2O) data has 2.5-second time resolution. Picarro 2201i (isotope) has ~5 second time resolution. Aeris Ultra MIRA has 1-second integration time. AE43 data are 10-second moving averages. Partical sensor has 10-second time resolution.
UNCERTAINTY: -99999, -99999, -99999, 15 m, -99999, -99999, -99999, -99999, 1 ppb, 100 ppm, 0.2 ppb, -99999, -99999, 5 ppb, 0.1 ppm, 1 ppb, 100 ppm, -99999, -99999, -99999, -99999, 2 ppb, 0.3 ppb, -99999, -99999, -99999, 0.05 ppb, 0.05 ppb, 0.05 ppb, 10 ng/m3, 10 ng/m3, 10 ng/m3, 10 ng/m3, 10 ng/m3, 10 ng/m3, 10 ng/m3, 10 ng/m3, 0
ULOD_FLAG: -77777
ULOD_VALUE: N/A
LLOD_FLAG: -88888
LLOD_VALUE: N/A
DM_CONTACT_INFO: Jiayang Sun; University of Maryland; jiayangs@umd.edu
PROJECT_INFO: USOS July - Aug 2024 https://deq.utah.gov/air-quality/utah-summer-ozone-study-usos
STIPULATIONS_ON_USE: Use of these data requires prior ok from PI.
OTHER_COMMENTS: N/A
REVISION: RA
RA: Preliminary Data for in-field use only.
StartTime_seconds, lat_DGPS_deg, lon_DGPS_deg, alt_msl_m, speed_km_h, RH, true_WS_m_s, true_WD_deg, CH4_aeris313_ppm, H2O_aeris313_ppm, C2H6_aeris313_ppb, r_aeris313, C2C1_aeris313, CO_g2401m_ppm, CO2_g2401m_ppm, CH4_g2401m_ppm, H2O_g2401m, delta13C_CH4_raw, delta13C_CO2_raw, CH4_g2201i_ppm, CO2_g2201i_ppm, NH3_g2301_ppb, O3_2B_ppm, NO_G60_ppb, NO2_G60_ppb, NOx_G60_ppb, NO_N500_ppb, NO2_N500_ppb, NOx_N500_ppb, BC370_AE43_ng_m3, BC470_AE43_ng_m3, BC520_AE43_ng_m3, BC590_AE43_ng_m3, BC660_AE43_ng_m3, BC880_AE43_ng_m3, BC950_AE43_ng_m3, PM25, PM10, Valve
[from data line 2015]
2015.0, 40.78069641966666, -111.94098496633333, 1289.757, 0.28, 32.2, -99999.0, -99999.0, -99999.0, -99999.0, -99999.0, -99999.0, -99999.0, 0.13730648342666665, 426.47020697, 1.9766094862, 1.4248198142, -54.169182379, -5.7704119655, 1.930426419565, 426.951334734, -99999.0, -99999.0, 26.34, 0.14, 26.48, -0.355, 2.0, 1.648, 714.0, 579.0, 462.0, 353.0, 95.0, 152.0, 382.0, -99999.0, -99999.0, 0.0
2016.0, 40.780696370166666, -111.94098497283333, 1289.755, 0.2, 32.2, -99999.0, -99999.0, -99999.0, -99999.0, -99999.0, -99999.0, -99999.0, 0.15353729705, 426.53723783, 1.9766094862, 1.4248198142, -52.155705208, -5.7704119655, 1.9209765242069998, 426.951334734, -99999.0, 60.0, 26.37, 0.13, 26.5, -0.355, 2.0, 1.648, 686.0, -47.0, 650.0, -7.0, 730.0, 35.0, 179.0, -99999.0, -99999.0, 0.0
2017.0, 40.7806960575, -111.94098499900001, 1289.803, 0.8, 32.2, -99999.0, -99999.0, -99999.0, -99999.0, -99999.0, -99999.0, -99999.0, 0.15353842640499998, 426.59442431, 1.9771343642, 1.439737587, -99999.0, -99999.0, -99999.0, -99999.0, -99999.0, -99999.0, 26.35, 0.12, 26.47, -0.355, 2.0, 1.648, 1002.0, 1004.0, 241.0, 439.0, 426.0, 555.0, 85.0, -99999.0, -99999.0, 0.0
2018.0, 40.7806955575, -111.940984413, 1289.866, 0.8, 32.2, -99999.0, -99999.0, -99999.0, -99999.0, -99999.0, -99999.0, -99999.0, 0.15353955576, 426.74955223, 1.9771343642, 1.439737587, -52.155705208, -5.7704119655, 1.9209765242069998, 427.01034934129996, -99999.0, 58.7, 26.34, 0.12, 26.46, -0.355, 2.0, 1.648, 741.0, 424.0, 741.0, 273.0, 284.0, 223.0, 346.0, -99999.0, -99999.0, 0.0
2019.0, 40.78069519849999, -111.94098413433333, 1289.92, 0.27, 32.2, -99999.0, -99999.0, -99999.0, -99999.0, -99999.0, -99999.0, -99999.0, 0.13935147929, 426.74955223, 1.9771343642, 1.439737587, -52.155705208, -7.9320782275, 1.9209765242069998, 427.05910459529997, -99999.0, -99999.0, 26.36, 0.12, 26.48, -0.355, 2.0, 1.648, 727.0, 889.0, 358.0, 439.0, 81.0, 325.0, 472.0, -99999.0, -99999.0, 0.0
2020.0, 40.780694720999996, -111.94098408766668, 1289.995, 0.28, 32.2, -99999.0, -99999.0, -99999.0, -99999.0, -99999.0, -99999.0, -99999.0, 0.13934816759500002, 426.75275197, 1.9768006943, 1.4257720058, -55.753317311, -7.9320782275, 1.931799709237, 427.05910459529997, -99999.0, 56.6, 26.37, 0.08, 26.45, -0.355, 2.0, 1.648, 617.0, 209.0, 130.0, 353.0, 534.0, 164.0, 138.0, -99999.0, -99999.0, 0.0
2021.0, 40.780693881999994, -111.94098365916668, 1290.102, 0.31, 32.2, -99999.0, -99999.0, -99999.0, -99999.0, -99999.0, -99999.0, -99999.0, 0.1393448559, 426.0013406, 1.9768006943, 1.4257720058, -99999.0, -99999.0, -99999.0, -99999.0, -99999.0, -99999.0, 26.34, 0.01, 26.36, -0.355, 2.0, 1.648, 974.0, 984.0, 644.0, 453.0, 412.0, 43.0, 590.0, -99999.0, -99999.0, 0.0
2022.0, 40.780692874, -111.94098295999999, 1290.198, 0.23, 32.2, -99999.0, -99999.0, -99999.0, -99999.0, -99999.0, -99999.0, -99999.0, 0.13683062502, 425.95127802499997, 1.97705987305, 1.41782243825, -55.753317311, -7.9320782275, 1.931799709237, 426.77460192385, -99999.0, 57.9, 25.98, -0.05, 25.92, -0.359, 2.0, 1.641, 576.0, 269.0, 143.0, 532.0, 68.0, 677.0, 142.0, -99999.0, -99999.0, 0.0
2023.0, 40.780692506499996, -111.94098228833333, 1290.218, 0.39, 32.2, -99999.0, -99999.0, -99999.0, -99999.0, -99999.0, -99999.0, -99999.0, 0.13682729758, 425.71501153500003, 1.9773190518, 1.4098728707, -55.753317311, -7.3091025746, 1.931799709237, 426.49305197990003, -99999.0, -99999.0, 25.91, -0.07, 25.83, -0.359, 2.0, 1.641, 535.0, 694.0, 364.0, 526.0, 155.0, -90.0, 33.0, -99999.0, -99999.0, 0.0
2024.0, 40.78069159283333, -111.94098275066666, 1290.3, 0.1, 32.2, -99999.0, -99999.0, -99999.0, -99999.0, -99999.0, -99999.0, -99999.0, 0.1373937642, 425.52880762, 1.9773190518, 1.4098728707, -53.891047382, -7.3091025746, 1.924420025675, 426.49305197990003, -99999.0, 61.5, 25.77, -0.06, 25.71, -0.359, 2.0, 1.641, 741.0, 883.0, 371.0, 533.0, 331.0, 250.0, 285.0, -99999.0, -99999.0, 0.0
2025.0, 40.780691045999994, -111.94098223499999, 1290.317, 0.4, 32.2, -99999.0, -99999.0, -99999.0, -99999.0, -99999.0, -99999.0, -99999.0, 0.13739329165, 425.46019906, 1.9751890027, 1.4052796381, -53.891047382, -7.3091025746, 1.924420025675, 426.49305197990003, -99999.0, -99999.0, 25.71, -0.09, 25.62, -0.359, 2.0, 1.641, 480.0, 404.0, 507.0, 526.0, 169.0, -4.0, 517.0, -99999.0, -99999.0, 0.0
2026.0, 40.78069051433333, -111.94098174433333, 1290.361, 0.25, 32.2, -99999.0, -99999.0, -99999.0, -99999.0, -99999.0, -99999.0, -99999.0, 0.1373928191, 425.2368588, 1.9751890027, 1.4052796381, -53.891047382, -7.3091025746, 1.924420025675, 426.8998095206, -99999.0, 61.8, 25.67, -0.11, 25.56, -0.359, 2.0, 1.641, 810.0, 391.0, 559.0, 173.0, 385.0, 188.0, 28.0, -99999.0, -99999.0, 0.0
2027.0, 40.780689964000004, -111.94098147933333, 1290.453, 0.11, 32.2, -99999.0, -99999.0, -99999.0, -99999.0, -99999.0, -99999.0, -99999.0, 0.13271309287, 425.226726435, 1.9749387605000002, 1.4045481066, -53.891047382, -8.1103524997, 1.924420025675, 426.8960082016, -99999.0, -99999.0, 25.66, -0.11, 25.55, -0.359, 2.0, 1.641, 659.0, 384.0, 182.0, 519.0, 426.0, 418.0, -232.0, -99999.0, -99999.0, 0.0
2028.0, 40.780690141, -111.94098143416667, 1290.427, 0.25, 32.2, -99999.0, -99999.0, -99999.0, -99999.0, -99999.0, -99999.0, -99999.0, 0.13271385253, 425.30289675, 1.9746885183, 1.4038165751, -49.171025068, -8.1103524997, 1.9202946922320001, 426.8960082016, -99999.0, 60.2, 25.62, -0.16, 25.47, -0.359, 2.0, 1.641, 837.0, 728.0, 741.0, 173.0, 236.0, 645.0, -8.0, -99999.0, -99999.0, 0.0
2029.0, 40.78069056366667, -111.94098128483334, 1290.325, 0.12, 32.2, -99999.0, -99999.0, -99999.0, -99999.0, -99999.0, -99999.0, -99999.0, 0.133649622, 425.38919943, 1.9746885183, 1.4038165751, -49.171025068, -8.1103524997, 1.9202946922320001, 426.8960082016, -99999.0, -99999.0, 25.59, -0.19, 25.4, -0.359, 2.0, 1.641, 247.0, 141.0, 143.0, 346.0, 331.0, 141.0, 427.0, -99999.0, -99999.0, 0.0
2030.0, 40.78069083016667, -111.94098124700001, 1290.263, 0.06, 32.2, -99999.0, -99999.0, -99999.0, -99999.0, -99999.0, -99999.0, -99999.0, 0.13364950969, 425.38729443, 1.9739012385, 1.4047105246, -49.171025068, -8.1103524997, 1.9202946922320001, 426.2047598347, -99999.0, 60.5, 25.63, -0.26, 25.38, -0.359, 2.0, 1.641, 782.0, 404.0, 650.0, 519.0, 520.0, 125.0, 468.0, -99999.0, -99999.0, 0.0
2031.0, 40.780690865, -111.94098125866667, 1290.231, 0.11, 32.2, -99999.0, -99999.0, -99999.0, -99999.0, -99999.0, -99999.0, -99999.0, 0.13364939738, 425.34139412, 1.9739012385, 1.4047105246, -49.171025068, -6.7800049517, 1.9202946922320001, 426.2110610979, -99999.0, -99999.0, 25.58, -0.27, 25.31, -0.359, 2.0, 1.641, 1125.0, 505.0, 546.0, -87.0, 473.0, 250.0, 553.0, -99999.0, -99999.0, 0.0
2032.0, 40.78069082466667, -111.94098130516667, 1290.215, 0.08, 32.1, -99999.0, -99999.0, -99999.0, -99999.0, -99999.0, -99999.0, -99999.0, 0.14060150992, 425.34702271000003, 1.9739926313, 1.40594520815, -53.377036981, -6.7800049517, 1.931048658602, 426.2110610979, -99999.0, 61.1, 25.55, -0.28, 25.26, -0.359, 2.0, 1.641, 1029.0, 438.0, 514.0, 433.0, 324.0, 524.0, 443.0, -99999.0, -99999.0, 0.0
2033.0, 40.78069080166666, -111.94098127016666, 1290.186, 0.05, 32.1, -99999.0, -99999.0, -99999.0, -99999.0, -99999.0, -99999.0, -99999.0, 0.14060380812, 425.49917359, 1.9740840241, 1.4071798917, -53.377036981, -6.7800049517, 1.931048658602, 426.2110610979, -99999.0, -99999.0, 25.51, -0.3, 25.21, -0.359, 2.0, 1.641, 480.0, 236.0, 559.0, 173.0, 412.0, 461.0, 301.0, -99999.0, -99999.0, 0.0
2034.0, 40.78069071216666, -111.94098136716666, 1290.156, 0.18, 32.1, -99999.0, -99999.0, -99999.0, -99999.0, -99999.0, -99999.0, -99999.0, 0.12989779621, 425.64569588, 1.9740840241, 1.4071798917, -53.377036981, -7.9571942618, 1.931048658602, 426.2774103017, -99999.0, 61.1, 25.45, -0.3, 25.15, -0.359, 2.0, 1.641, 371.0, 573.0, 410.0, 260.0, 331.0, 51.0, 293.0, -99999.0, -99999.0, 0.0
2035.0, 40.78069071316667, -111.94098139383335, 1290.119, 0.25, 32.1, -99999.0, -99999.0, -99999.0, -99999.0, -99999.0, -99999.0, -99999.0, 0.129897915695, 425.67316335, 1.9738141187, 1.4129109405, -99999.0, -99999.0, -99999.0, -99999.0, -99999.0, -99999.0, 25.44, -0.33, 25.11, -0.359, 2.0, 1.641, 686.0, 566.0, 800.0, 266.0, 189.0, -47.0, 513.0, -99999.0, -99999.0, 0.0
2036.0, 40.7806906485, -111.94098129716667, 1290.093, 0.09, 32.1, -99999.0, -99999.0, -99999.0, -99999.0, -99999.0, -99999.0, -99999.0, 0.12989803518, 425.74561108, 1.9738141187, 1.4129109405, -44.26558046, -9.1343835719, 1.913471210496, 426.2718335398, -99999.0, 61.4, 25.46, -0.36, 25.11, -0.359, 2.0, 1.641, 1125.0, 323.0, 371.0, 340.0, 176.0, 325.0, 647.0, -99999.0, -99999.0, 0.0
2037.0, 40.78069082966666, -111.9409813405, 1290.051, 0.2, 32.0, -99999.0, -99999.0, -99999.0, -99999.0, -99999.0, -99999.0, -99999.0, 0.12540970615, 425.74561108, 1.9738141187, 1.4129109405, -44.26558046, -9.1343835719, 1.913471210496, 426.2718335398, -99999.0, -99999.0, 25.42, -0.38, 25.04, -0.359, 2.0, 1.641, 810.0, 990.0, 884.0, 792.0, 459.0, 653.0, 114.0, -99999.0, -99999.0, 0.0
2038.0, 40.78069099083333, -111.94098135616666, 1290.01, 0.05, 32.0, -99999.0, -99999.0, -99999.0, -99999.0, -99999.0, -99999.0, -99999.0, 0.12540931556333332, 425.74217276666667, 1.9741000338, 1.4134184735, -44.26558046, -8.29838991625, 1.913471210496, 426.14301164625, -99999.0, 60.7, 25.36, -0.39, 24.97, -0.359, 2.0, 1.641, 714.0, 802.0, 280.0, 439.0, 297.0, 282.0, 224.0, -99999.0, -99999.0, 0.0
2039.0, 40.780691129, -111.9409813955, 1289.979, 0.1, 32.0, -99999.0, -99999.0, -99999.0, -99999.0, -99999.0, -99999.0, -99999.0, 0.14555184227, 425.69348776, 1.9741000338, 1.4134184735, -99999.0, -99999.0, -99999.0, -99999.0, -99999.0, -99999.0, 25.33, -0.38, 24.95, -0.359, 2.0, 1.641, 576.0, 290.0, 319.0, 706.0, 297.0, 395.0, 77.0, -99999.0, -99999.0, 0.0
2040.0, 40.78069108583334, -111.94098129966666, 1289.973, 0.05, 32.0, -99999.0, -99999.0, -99999.0, -99999.0, -99999.0, -99999.0, -99999.0, 0.14555163573500002, 425.68924868, 1.974228196, 1.4116456143, -52.298941654, -7.4623962606, 1.92815198235, 426.1469708101, -99999.0, 59.9, 25.32, -0.41, 24.91, -0.359, 2.0, 1.641, 576.0, 660.0, 592.0, 180.0, 358.0, 309.0, 305.0, -99999.0, -99999.0, 0.0
2041.0, 40.78069101983333, -111.94098124850001, 1289.964, 0.13, 32.0, -99999.0, -99999.0, -99999.0, -99999.0, -99999.0, -99999.0, -99999.0, 0.1455514292, 425.59310796, 1.974228196, 1.4116456143, -52.298941654, -7.4623962606, 1.92815198235, 426.1469708101, -99999.0, -99999.0, 25.26, -0.41, 24.85, -0.359, 2.0, 1.641, 782.0, 1105.0, 696.0, 619.0, 176.0, 207.0, 228.0, -99999.0, -99999.0, 0.0
2042.0, 40.78069096016667, -111.94098118766667, 1289.954, 0.05, 32.0, -99999.0, -99999.0, -99999.0, -99999.0, -99999.0, -99999.0, -99999.0, 0.12729835496, 425.59310796, 1.974228196, 1.4116456143, -52.298941654, -7.69438759585, 1.92815198235, 426.46864785360003, -99999.0, 62.2, 25.21, -0.4, 24.81, -0.359, 2.0, 1.641, 1235.0, 701.0, 280.0, 446.0, 459.0, 966.0, 142.0, -99999.0, -99999.0, 0.0
2043.0, 40.780690900500005, -111.94098113133332, 1289.949, 0.12, 32.0, -99999.0, -99999.0, -99999.0, -99999.0, -99999.0, -99999.0, -99999.0, 0.12729846955000002, 425.59945518, 1.9738476915, 1.4153136814, -99999.0, -99999.0, -99999.0, -99999.0, -99999.0, -99999.0, 25.2, -0.4, 24.8, -0.359, 2.0, 1.641, 686.0, 586.0, 462.0, 433.0, 473.0, 344.0, 643.0, -99999.0, -99999.0, 0.0
2044.0, 40.78069091016667, -111.94098107933333, 1289.928, 0.14, 32.0, -99999.0, -99999.0, -99999.0, -99999.0, -99999.0, -99999.0, -99999.0, 0.129807252945, 425.65351684, 1.9738476915, 1.4153136814, -55.96554177, -7.9263789311, 1.9206690962050001, 426.46754833880004, -99999.0, 65.3, 25.21, -0.41, 24.8, -0.143, 1.742, 1.602, 837.0, 398.0, 553.0, 533.0, 372.0, 579.0, 232.0, -99999.0, -99999.0, 0.0
2045.0, 40.780690891666666, -111.94098107433335, 1289.923, 0.05, 32.0, -99999.0, -99999.0, -99999.0, -99999.0, -99999.0, -99999.0, -99999.0, 0.13231592175, 425.68832657, 1.9743117171, 1.4220369357, -55.96554177, -7.9263789311, 1.9206690962050001, 426.46754833880004, -99999.0, -99999.0, 25.18, -0.41, 24.77, -0.143, 1.742, 1.602, 823.0, 809.0, 98.0, 173.0, 541.0, 239.0, 492.0, -99999.0, -99999.0, 0.0
2046.0, 40.7806908505, -111.94098113916668, 1289.922, 0.09, 32.0, -99999.0, -99999.0, -99999.0, -99999.0, -99999.0, -99999.0, -99999.0, 0.1323178955, 425.80351728, 1.9743117171, 1.4220369357, -55.96554177, -7.8148155334, 1.9206690962050001, 426.64021713235, -99999.0, 64.0, 25.14, -0.4, 24.74, -0.143, 1.742, 1.602, 1125.0, 526.0, 787.0, 266.0, 439.0, 395.0, 427.0, -99999.0, -99999.0, 0.0
2047.0, 40.780690692833325, -111.94098117916668, 1289.943, 0.21, 32.0, -99999.0, -99999.0, -99999.0, -99999.0, -99999.0, -99999.0, -99999.0, 0.12490816102, 425.91870799, 1.9743117171, 1.4220369357, -99999.0, -99999.0, -99999.0, -99999.0, -99999.0, -99999.0, 25.14, -0.4, 24.74, -0.143, 1.742, 1.602, 1026.0, 591.0, 609.0, 352.0, 492.0, 409.0, 414.0, -99999.0, -99999.0, 0.0
2048.0, 40.78069058350001, -111.94098114450001, 1289.969, 0.1, 32.0, -99999.0, -99999.0, -99999.0, -99999.0, -99999.0, -99999.0, -99999.0, 0.124908437825, 425.93356935, 1.9746049951, 1.4197465033, -53.838975686, -7.7032521357, 1.917864735642, 426.6407460966, -99999.0, 60.3, 25.11, -0.44, 24.67, -0.143, 1.742, 1.602, 782.0, 923.0, 286.0, 786.0, 473.0, 215.0, 395.0, -99999.0, -99999.0, 0.0
2049.0, 40.78069039099999, -111.94098123833334, 1289.999, 0.14, 32.0, -99999.0, -99999.0, -99999.0, -99999.0, -99999.0, -99999.0, -99999.0, 0.12490871463, 425.95448498, 1.9746049951, 1.4197465033, -53.838975686, -7.7032521357, 1.917864735642, 426.6407460966, -99999.0, -99999.0, 25.11, -0.44, 24.67, -0.143, 1.742, 1.602, 1029.0, 310.0, 410.0, 619.0, 270.0, 512.0, 281.0, -99999.0, -99999.0, 0.0
2050.0, 40.78069024033334, -111.940981345, 1290.017, 0.09, 32.0, -99999.0, -99999.0, -99999.0, -99999.0, -99999.0, -99999.0, -99999.0, 0.12832341445, 425.97155697000005, 1.97456649365, 1.4259848715, -53.838975686, -7.7756154445, 1.917864735642, 426.7083224139, -99999.0, 58.5, 24.99, -0.43, 24.56, -0.143, 1.742, 1.602, 727.0, 532.0, 878.0, 526.0, 453.0, -99999.0, 570.0, -99999.0, -99999.0, 0.0
2051.0, 40.78069000633333, -111.94098141033334, 1290.036, 0.08, 32.0, -99999.0, -99999.0, -99999.0, -99999.0, -99999.0, -99999.0, -99999.0, 0.12832769079, 426.32164633, 1.9745279922, 1.4322232397, -55.731276886, -7.8479787533, 1.929491276142, 426.7079792575, -99999.0, -99999.0, 24.99, -0.43, 24.56, -0.143, 1.742, 1.602, 288.0, 822.0, 605.0, 626.0, 507.0, 250.0, 41.0, -99999.0, -99999.0, 0.0
2052.0, 40.78068965616667, -111.94098139016666, 1290.067, 0.1, 32.0, -99999.0, -99999.0, -99999.0, -99999.0, -99999.0, -99999.0, -99999.0, 0.12454944058, 426.6546637, 1.9745279922, 1.4322232397, -99999.0, -99999.0, -99999.0, -99999.0, -99999.0, 58.6, 24.98, -0.46, 24.52, -0.143, 1.742, 1.602, 1002.0, 647.0, 514.0, 439.0, 568.0, 133.0, 330.0, -99999.0, -99999.0, 0.0
2053.0, 40.780689358833335, -111.94098136966667, 1290.094, 0.19, 32.0, -99999.0, -99999.0, -99999.0, -99999.0, -99999.0, -99999.0, -99999.0, 0.12454897904000001, 426.70085095, 1.9746625165, 1.4334971873, -55.731276886, -7.8479787533, 1.929491276142, 426.7962847712, -99999.0, -99999.0, 24.96, -0.47, 24.49, -0.143, 1.742, 1.602, 810.0, 633.0, 234.0, 519.0, 237.0, 203.0, 374.0, -99999.0, -99999.0, 0.0
2054.0, 40.780689224999996, -111.94098140616667, 1290.103, 0.18, 32.0, -99999.0, -99999.0, -99999.0, -99999.0, -99999.0, -99999.0, -99999.0, 0.1245485175, 426.55936855, 1.9746625165, 1.4334971873, -55.731276886, -7.4640890511, 1.929491276142, 426.88641149430003, -99999.0, 58.3, 24.95, -0.48, 24.47, -0.143, 1.742, 1.602, 1180.0, 526.0, 644.0, 173.0, 446.0, 325.0, 216.0, -99999.0, -99999.0, 0.0
