arc_raw/USOS-ARL-Suite_ARC_20240728_RA.ict
71,1001
Xinrong Ren
NOAA Air Resources Lab
ARC-Suite
USOS: Utah Summer Ozone Study
1,1
2024,07,28,2024,07,28
1
StartTime_seconds, seconds, Start time in UTC seconds since midnight
38
1,1,1,1,1,1,1,1,1,1,1,1,1,1,1,1,1,1,1,1,1,1,1,1,1,1,1,1,1,1,1,1,1,1,1,1,1,1
-99999,-99999,-99999,-99999,-99999,-99999,-99999,-99999,-99999,-99999,-99999,-99999,-99999,-99999,-99999,-99999,-99999,-99999,-99999,-99999,-99999,-99999,-99999,-99999,-99999,-99999,-99999,-99999,-99999,-99999,-99999,-99999,-99999,-99999,-99999,-99999,-99999,-99999
lat_DGPS_deg, degrees, Latitude in decimal by Hemisphere VS1100 Differential GPS
lon_DGPS_deg, degrees, Longitude in decimal by Hemisphere VS1100 Differential GPS
alt_msl_m, meters, GPS Altitude MSL
speed_km_h, km/s, vehicle speed
RH, percent, relative humidity
true_WS_m_s, m/s, wind speed by 2D sonic sensor
true_WD_deg, degree, wind direction by 2D sonic sensor
CH4_aeris313_ppm, ppm, CH4 mixing ratio by Aeris
H2O_aeris313_ppm, ppm, H2O mixing ratio by Aeris
C2H6_aeris313_ppb, ppb, C2H6 mixing ratio by Aeris
r_aeris313, 1, relavence between CH4 and C2H6 by Aeris
C2C1_aeris313, 1, C2H6 to CH4 ratio by Aeris
CO_g2401m_ppm, ppm, CO mixing ratio by Picarro G2401m
CO2_g2401m_ppm, ppm, CO2 mixing ratio by Picarro G2401m
CH4_g2401m_ppm, ppm, CH4 mixing ratio by Picarro G2401m
H2O_g2401m, ppm, H2O mixing ratio by Picarro G2401m
delta13C_CH4_raw, permill, delta 13C of CH4 by Picarro G2201i
delta13C_CO2_raw, permill, delta 13C of CO2 by Picarro G2201i
CH4_g2201i_ppm, ppm, CH4 mixing ratio by Picarro G2201i
CO2_g2201i_ppm, ppm, CO2 mixing ratio by Picarro G2201i
NH3_g2301_ppb, ppb, NH3 mixing ratio by Picarro G2301
O3_2B_ppm, ppm, O3 mixing ratio by 2B
NO_G60_ppb, ppb, NO mixing ratio by G60
NO2_G60_ppb, ppb, NO2 mixing ratio by G60
NOx_G60_ppb, ppb, NOx mixing ratio by G60
NO_N500_ppb, ppb, NO mixing ratio by N500
NO2_N500_ppb, ppb, NO2 mixing ratio by N500
NOx_N500_ppb, ppb, NOx mixing ratio by N500
BC370_AE43_ng_m3, ng/m3, Black Carbon at 370 nm by AE43
BC470_AE43_ng_m3, ng/m3, Black Carbon at 470 nm by AE43
BC520_AE43_ng_m3, ng/m3, Black Carbon at 520 nm by AE43
BC590_AE43_ng_m3, ng/m3, Black Carbon at 590 nm by AE43
BC660_AE43_ng_m3, ng/m3, Black Carbon at 660 nm by AE43
BC880_AE43_ng_m3, ng/m3, Black Carbon at 880 nm by AE43
BC950_AE43_ng_m3, ng/m3, Black Carbon at 950 nm by AE43
PM25, ug/m3, PM2.5 by particle sensor
PM10, ug/m3, PM10 by particle sensor
Valve, boolian, indicator of valve conditions;0 is measurement; 10 is zeroing; 11 is spanning
1
SPECIAL COMMENTS, N/A
18
PI_CONTACT_INFO: xinrong.ren@noaa.gov, 301-683-1391, NOAA/ARL, 5830 University Research Court, College Park, MD 20740
PLATFORM: NOAA Air Resources Car
LOCATION: Salt Lake City
ASSOCIATED_DATA: N/A
INSTRUMENT_INFO: Hemisphere VS1100 differential GPS (Latitude, Longitude, GPS Altitude, speed), meteorological sensor (RH, WS, WD), 2B (O3), G60 CRDS (NO-NOx), Teledyne N500 (NO-NOx), Picarro G2401-m (CO2, CH4, CO, H2O), Picarro G2201i (CO2, CH4, d13C_CO2, d13C_CH4, H2O), Picarro 2301 (NH3), Aeris Ultra MIRA (CH4, C2H6, H2O, r, C2/C1), AE43 (Black Carbon), Partical sensor (PM2.5, PM10)
DATA_INFO: Records are reported at 1-second intervals. Hemisphere VS1100 differential GPS has 1-second ntervals. 2B O3 values are reported 2-second averages. G60 Cavity Rong Down NO-NO2-NO2 has 1-second average. Teledyne CAPS NO2 analyzer has 10-second time resolution. Picarro 2401m (CO2, CH4, CO, H2O) data has 2.5-second time resolution. Picarro 2201i (isotope) has ~5 second time resolution. Aeris Ultra MIRA has 1-second integration time. AE43 data are 10-second moving averages. Partical sensor has 10-second time resolution.
UNCERTAINTY: -99999, -99999, -99999, 15 m, -99999, -99999, -99999, -99999, 1 ppb, 100 ppm, 0.2 ppb, -99999, -99999, 5 ppb, 0.1 ppm, 1 ppb, 100 ppm, -99999, -99999, -99999, -99999, 2 ppb, 0.3 ppb, -99999, -99999, -99999, 0.05 ppb, 0.05 ppb, 0.05 ppb, 10 ng/m3, 10 ng/m3, 10 ng/m3, 10 ng/m3, 10 ng/m3, 10 ng/m3, 10 ng/m3, 10 ng/m3, 0
ULOD_FLAG: -77777
ULOD_VALUE: N/A
LLOD_FLAG: -88888
LLOD_VALUE: N/A
DM_CONTACT_INFO: Jiayang Sun; University of Maryland; jiayangs@umd.edu
PROJECT_INFO: USOS July - Aug 2024 https://deq.utah.gov/air-quality/utah-summer-ozone-study-usos
STIPULATIONS_ON_USE: Use of these data requires prior ok from PI.
OTHER_COMMENTS: N/A
REVISION: RA
RA: Preliminary Data for in-field use only.
StartTime_seconds, lat_DGPS_deg, lon_DGPS_deg, alt_msl_m, speed_km_h, RH, true_WS_m_s, true_WD_deg, CH4_aeris313_ppm, H2O_aeris313_ppm, C2H6_aeris313_ppb, r_aeris313, C2C1_aeris313, CO_g2401m_ppm, CO2_g2401m_ppm, CH4_g2401m_ppm, H2O_g2401m, delta13C_CH4_raw, delta13C_CO2_raw, CH4_g2201i_ppm, CO2_g2201i_ppm, NH3_g2301_ppb, O3_2B_ppm, NO_G60_ppb, NO2_G60_ppb, NOx_G60_ppb, NO_N500_ppb, NO2_N500_ppb, NOx_N500_ppb, BC370_AE43_ng_m3, BC470_AE43_ng_m3, BC520_AE43_ng_m3, BC590_AE43_ng_m3, BC660_AE43_ng_m3, BC880_AE43_ng_m3, BC950_AE43_ng_m3, PM25, PM10, Valve
0.0, 40.78067804483334, -111.94098028900001, 1289.868, 0.09, 21.4, 0.51, 113.32, -99999.0, -99999.0, -99999.0, -99999.0, -99999.0, -99999.0, -99999.0, -99999.0, -99999.0, -99999.0, -99999.0, -99999.0, -99999.0, -99999.0, 63.9, 29.32, 5.68, 35.0, 1.328, 4.719, 6.031, 976.0, 845.0, 582.0, 249.0, 373.0, 128.0, 451.0, -99999.0, -99999.0, 0.0
1.0, 40.780678012500005, -111.94098031899999, 1289.866, 0.12, 21.4, 0.34, 50.43, -99999.0, -99999.0, -99999.0, -99999.0, -99999.0, -99999.0, -99999.0, -99999.0, -99999.0, -99999.0, -99999.0, -99999.0, -99999.0, -99999.0, -99999.0, 29.22, 5.55, 34.77, 1.328, 4.719, 6.031, 1533.0, 1027.0, 541.0, 746.0, 784.0, 360.0, 410.0, -99999.0, -99999.0, 0.0
2.0, 40.78067798600001, -111.94098037466668, 1289.865, 0.07, 21.4, 0.0, 0.0, -99999.0, -99999.0, -99999.0, -99999.0, -99999.0, -99999.0, -99999.0, -99999.0, -99999.0, -99999.0, -99999.0, -99999.0, -99999.0, -99999.0, 60.6, 29.01, 5.35, 34.35, 1.328, 4.719, 6.031, 1351.0, 594.0, 863.0, 506.0, 646.0, 307.0, 532.0, -99999.0, -99999.0, 0.0
3.0, 40.78067793433334, -111.94098039266667, 1289.868, 0.14, 21.4, 0.36, 90.06, -99999.0, -99999.0, -99999.0, -99999.0, -99999.0, -99999.0, -99999.0, -99999.0, -99999.0, -99999.0, -99999.0, -99999.0, -99999.0, -99999.0, -99999.0, 28.78, 5.1, 33.87, 1.195, 4.875, 6.062, 1164.0, 1136.0, 761.0, 854.0, 786.0, 210.0, 762.0, -99999.0, -99999.0, 0.0
4.0, 40.78067787733333, -111.94098041516666, 1289.872, 0.11, 21.4, 0.4, 107.66, -99999.0, -99999.0, -99999.0, -99999.0, -99999.0, -99999.0, -99999.0, -99999.0, -99999.0, -99999.0, -99999.0, -99999.0, -99999.0, -99999.0, 60.8, 28.37, 4.83, 33.2, 1.195, 4.875, 6.062, 1433.0, 843.0, 675.0, 825.0, 598.0, 422.0, 430.0, -99999.0, -99999.0, 0.0
5.0, 40.780677847, -111.94098046483332, 1289.869, 0.07, 21.6, 0.55, 61.97, -99999.0, -99999.0, -99999.0, -99999.0, -99999.0, -99999.0, -99999.0, -99999.0, -99999.0, -99999.0, -99999.0, -99999.0, -99999.0, -99999.0, -99999.0, 27.92, 4.59, 32.52, 1.195, 4.875, 6.062, 1117.0, 793.0, 678.0, 414.0, 293.0, 586.0, 738.0, -99999.0, -99999.0, 0.0
6.0, 40.780677847499994, -111.94098049116668, 1289.868, 0.1, 21.8, 0.4, 90.28, -99999.0, -99999.0, -99999.0, -99999.0, -99999.0, -99999.0, -99999.0, -99999.0, -99999.0, -99999.0, -99999.0, -99999.0, -99999.0, -99999.0, 60.8, 27.54, 4.49, 32.03, 1.195, 4.875, 6.062, 1445.0, 720.0, 709.0, 236.0, 566.0, 218.0, 173.0, -99999.0, -99999.0, 0.0
7.0, 40.78067784433333, -111.94098053049998, 1289.86, 0.04, 22.0, 0.25, 153.48, -99999.0, -99999.0, -99999.0, -99999.0, -99999.0, -99999.0, -99999.0, -99999.0, -99999.0, -99999.0, -99999.0, -99999.0, -99999.0, -99999.0, -99999.0, 27.36, 4.38, 31.75, 1.195, 4.875, 6.062, 1164.0, 1143.0, 946.0, 643.0, 426.0, 210.0, 278.0, -99999.0, -99999.0, 0.0
8.0, 40.78067783683333, -111.94098056200001, 1289.856, 0.07, 22.1, 0.0, 0.0, -99999.0, -99999.0, -99999.0, -99999.0, -99999.0, -99999.0, -99999.0, -99999.0, -99999.0, -99999.0, -99999.0, -99999.0, -99999.0, -99999.0, 58.9, 27.24, 4.22, 31.46, 1.195, 4.875, 6.062, 1632.0, 878.0, 588.0, 834.0, 686.0, 280.0, 451.0, -99999.0, -99999.0, 0.0
9.0, 40.78067781883334, -111.94098059533331, 1289.856, 0.06, 22.2, 0.46, 95.39, -99999.0, -99999.0, -99999.0, -99999.0, -99999.0, -99999.0, -99999.0, -99999.0, -99999.0, -99999.0, -99999.0, -99999.0, -99999.0, -99999.0, -99999.0, 26.74, 4.01, 30.76, 1.195, 4.875, 6.062, 1391.0, 819.0, 1042.0, 597.0, 513.0, 322.0, 435.0, -99999.0, -99999.0, 0.0
10.0, 40.78067781516667, -111.94098059916665, 1289.856, 0.11, 22.5, 0.39, 148.59, -99999.0, -99999.0, -99999.0, -99999.0, -99999.0, -99999.0, -99999.0, -99999.0, -99999.0, -99999.0, -99999.0, -99999.0, -99999.0, -99999.0, 58.2, 26.58, 3.95, 30.53, 1.195, 4.875, 6.062, 1351.0, 726.0, 665.0, 499.0, 626.0, 575.0, 464.0, -99999.0, -99999.0, 0.0
11.0, 40.78067779533333, -111.94098062883334, 1289.856, 0.25, 22.6, 0.36, 130.6, -99999.0, -99999.0, -99999.0, -99999.0, -99999.0, -99999.0, -99999.0, -99999.0, -99999.0, -99999.0, -99999.0, -99999.0, -99999.0, -99999.0, -99999.0, 26.51, 3.9, 30.41, 1.195, 4.875, 6.062, 1211.0, 601.0, 492.0, 236.0, 413.0, 291.0, 202.0, -99999.0, -99999.0, 0.0
12.0, 40.78067776899999, -111.94098064983334, 1289.853, 0.1, 22.7, 0.0, 0.0, -99999.0, -99999.0, -99999.0, -99999.0, -99999.0, -99999.0, -99999.0, -99999.0, -99999.0, -99999.0, -99999.0, -99999.0, -99999.0, -99999.0, 57.2, 26.41, 3.86, 30.27, 1.195, 4.875, 6.062, 1211.0, 423.0, 754.0, 473.0, 533.0, 163.0, 16.0, -99999.0, -99999.0, 0.0
13.0, 40.78067775866666, -111.9409806645, 1289.851, 0.18, 22.8, 0.44, 199.4, -99999.0, -99999.0, -99999.0, -99999.0, -99999.0, -99999.0, -99999.0, -99999.0, -99999.0, -99999.0, -99999.0, -99999.0, -99999.0, -99999.0, 55.2, 26.28, 3.82, 30.1, 1.195, 4.875, 6.062, 1538.0, 852.0, 447.0, 236.0, 640.0, 229.0, 73.0, -99999.0, -99999.0, 0.0
14.0, 40.78067772183333, -111.94098068933333, 1289.852, 0.12, 23.0, 0.31, 211.01, -99999.0, -99999.0, -99999.0, -99999.0, -99999.0, -99999.0, -99999.0, -99999.0, -99999.0, -99999.0, -99999.0, -99999.0, -99999.0, -99999.0, -99999.0, 26.17, 3.78, 29.95, 1.195, 4.875, 6.062, 1258.0, 1070.0, 441.0, 762.0, 573.0, 478.0, 577.0, -99999.0, -99999.0, 0.0
15.0, 40.78067770599999, -111.94098070083334, 1289.848, 0.15, 23.1, 0.35, 153.52, -99999.0, -99999.0, -99999.0, -99999.0, -99999.0, -99999.0, -99999.0, -99999.0, -99999.0, -99999.0, -99999.0, -99999.0, -99999.0, -99999.0, -99999.0, 26.1, 3.77, 29.87, 1.195, 4.875, 6.062, 1304.0, 601.0, 320.0, 256.0, 413.0, 587.0, 327.0, -99999.0, -99999.0, 0.0
16.0, 40.78067766016666, -111.94098071233333, 1289.85, 0.08, 23.4, 0.64, 158.31, -99999.0, -99999.0, -99999.0, -99999.0, -99999.0, -99999.0, -99999.0, -99999.0, -99999.0, -99999.0, -99999.0, -99999.0, -99999.0, -99999.0, 53.0, 26.0, 3.78, 29.78, 1.195, 4.875, 6.062, 1164.0, 1037.0, 454.0, 335.0, 340.0, 552.0, 339.0, -99999.0, -99999.0, 0.0
17.0, 40.78067762816667, -111.94098074183333, 1289.844, 0.13, 23.6, 0.35, 118.52, -99999.0, -99999.0, -99999.0, -99999.0, -99999.0, -99999.0, -99999.0, -99999.0, -99999.0, -99999.0, -99999.0, -99999.0, -99999.0, -99999.0, 50.1, 26.0, 3.81, 29.81, 1.195, 4.875, 6.062, 1167.0, 757.0, 624.0, 497.0, 491.0, 825.0, 233.0, -99999.0, -99999.0, 0.0
18.0, 40.780677573, -111.94098074266667, 1289.845, 0.13, 23.6, 0.62, 109.13, -99999.0, -99999.0, -99999.0, -99999.0, -99999.0, -99999.0, -99999.0, -99999.0, -99999.0, -99999.0, -99999.0, -99999.0, -99999.0, -99999.0, -99999.0, 25.94, 3.89, 29.82, 1.195, 4.875, 6.062, 1023.0, 403.0, 51.0, 506.0, 127.0, 423.0, 318.0, -99999.0, -99999.0, 0.0
19.0, 40.78067749983333, -111.94098078549999, 1289.841, 0.04, 23.7, 0.51, 111.53, -99999.0, -99999.0, -99999.0, -99999.0, -99999.0, -99999.0, -99999.0, -99999.0, -99999.0, -99999.0, -99999.0, -99999.0, -99999.0, -99999.0, -99999.0, 26.01, 3.93, 29.94, 1.195, 4.875, 6.062, 1067.0, 909.0, 1032.0, 504.0, 418.0, 221.0, 502.0, -99999.0, -99999.0, 0.0
20.0, 40.78067746183334, -111.94098081816668, 1289.836, 0.05, 23.6, 0.0, 0.0, -99999.0, -99999.0, -99999.0, -99999.0, -99999.0, -99999.0, -99999.0, -99999.0, -99999.0, -99999.0, -99999.0, -99999.0, -99999.0, -99999.0, 50.1, 26.08, 3.94, 30.02, 1.195, 4.875, 6.062, 1207.0, 1027.0, 446.0, 511.0, 525.0, 670.0, 627.0, -99999.0, -99999.0, 0.0
21.0, 40.780677426333334, -111.94098084066667, 1289.838, 0.13, 23.5, 0.31, 167.35, -99999.0, -99999.0, -99999.0, -99999.0, -99999.0, -99999.0, -99999.0, -99999.0, -99999.0, -99999.0, -99999.0, -99999.0, -99999.0, -99999.0, 52.8, 26.09, 3.96, 30.06, 1.195, 4.875, 6.062, 883.0, 819.0, 678.0, 420.0, 353.0, 493.0, 508.0, -99999.0, -99999.0, 0.0
22.0, 40.7806773725, -111.94098087666667, 1289.836, 0.1, 23.3, 0.31, 137.35, -99999.0, -99999.0, -99999.0, -99999.0, -99999.0, -99999.0, -99999.0, -99999.0, -99999.0, -99999.0, -99999.0, -99999.0, -99999.0, -99999.0, -99999.0, 26.13, 4.01, 30.14, 1.195, 4.875, 6.062, 1070.0, 330.0, 818.0, 584.0, 460.0, 388.0, 52.0, -99999.0, -99999.0, 0.0
23.0, 40.78067736033333, -111.94098092316666, 1289.832, 0.06, 23.2, 0.42, 171.66, -99999.0, -99999.0, -99999.0, -99999.0, -99999.0, -99999.0, -99999.0, -99999.0, -99999.0, -99999.0, -99999.0, -99999.0, -99999.0, -99999.0, -99999.0, 26.16, 4.07, 30.23, 1.195, 4.875, 6.062, 977.0, 753.0, 901.0, 335.0, 406.0, 357.0, 222.0, -99999.0, -99999.0, 0.0
24.0, 40.7806773725, -111.94098096766666, 1289.828, 0.09, 23.2, 0.31, 183.47, -99999.0, -99999.0, -99999.0, -99999.0, -99999.0, -99999.0, -99999.0, -99999.0, -99999.0, -99999.0, -99999.0, -99999.0, -99999.0, -99999.0, 53.3, 26.22, 4.11, 30.33, 1.195, 4.875, 6.062, 1351.0, 667.0, 486.0, 499.0, 380.0, 272.0, 484.0, -99999.0, -99999.0, 0.0
25.0, 40.780677370666666, -111.94098100349999, 1289.819, 0.14, 23.2, 0.0, 0.0, -99999.0, -99999.0, -99999.0, -99999.0, -99999.0, -99999.0, -99999.0, -99999.0, -99999.0, -99999.0, -99999.0, -99999.0, -99999.0, -99999.0, 52.2, 26.24, 4.16, 30.41, 1.812, 4.875, 6.688, 693.0, 718.0, 765.0, 589.0, 379.0, -108.0, -20.0, -99999.0, -99999.0, 0.0
26.0, 40.780677372333344, -111.94098103050001, 1289.81, 0.1, 23.2, 0.0, 0.0, -99999.0, -99999.0, -99999.0, -99999.0, -99999.0, -99999.0, -99999.0, -99999.0, -99999.0, -99999.0, -99999.0, -99999.0, -99999.0, -99999.0, -99999.0, 26.3, 4.27, 30.57, 1.812, 4.875, 6.688, 1305.0, 978.0, 627.0, 414.0, 600.0, 256.0, 226.0, -99999.0, -99999.0, 0.0
27.0, 40.7806773925, -111.94098105433335, 1289.798, 0.1, 23.3, 0.27, 130.7, -99999.0, -99999.0, -99999.0, -99999.0, -99999.0, -99999.0, -99999.0, -99999.0, -99999.0, -99999.0, -99999.0, -99999.0, -99999.0, -99999.0, -99999.0, 26.3, 4.27, 30.57, 1.812, 4.875, 6.688, 930.0, 687.0, 588.0, 243.0, 173.0, 151.0, 73.0, -99999.0, -99999.0, 0.0
28.0, 40.780677446666665, -111.94098106466666, 1289.788, 0.03, 23.3, 0.0, 0.0, -99999.0, -99999.0, -99999.0, -99999.0, -99999.0, -99999.0, -99999.0, -99999.0, -99999.0, -99999.0, -99999.0, -99999.0, -99999.0, -99999.0, 52.3, 26.36, 4.36, 30.73, 1.812, 4.875, 6.688, 1211.0, 535.0, 505.0, 236.0, 306.0, 175.0, 456.0, -99999.0, -99999.0, 0.0
29.0, 40.780677530000006, -111.94098108866667, 1289.771, 0.19, 23.3, 0.0, 0.0, -99999.0, -99999.0, -99999.0, -99999.0, -99999.0, -99999.0, -99999.0, -99999.0, -99999.0, -99999.0, -99999.0, -99999.0, -99999.0, -99999.0, 52.1, 26.45, 4.57, 31.01, 1.812, 4.875, 6.688, 937.0, 469.0, 352.0, 506.0, 446.0, -101.0, 93.0, -99999.0, -99999.0, 0.0
30.0, 40.78067760433333, -111.94098111716667, 1289.755, 0.1, 23.2, 0.28, 212.82, -99999.0, -99999.0, -99999.0, -99999.0, -99999.0, -99999.0, -99999.0, -99999.0, -99999.0, -99999.0, -99999.0, -99999.0, -99999.0, -99999.0, -99999.0, 26.53, 4.65, 31.18, 1.812, 4.875, 6.688, 1070.0, 416.0, 45.0, 184.0, 440.0, 89.0, 298.0, -99999.0, -99999.0, 0.0
31.0, 40.7806777075, -111.94098114416666, 1289.742, 0.04, 23.1, 0.0, 0.0, -99999.0, -99999.0, -99999.0, -99999.0, -99999.0, -99999.0, -99999.0, -99999.0, -99999.0, -99999.0, -99999.0, -99999.0, -99999.0, -99999.0, -99999.0, 26.53, 4.65, 31.18, 1.812, 4.875, 6.688, 977.0, 727.0, 390.0, 328.0, 300.0, 62.0, 492.0, -99999.0, -99999.0, 0.0
32.0, 40.78067782, -111.94098118966667, 1289.72, 0.06, 23.0, 0.37, 57.43, -99999.0, -99999.0, -99999.0, -99999.0, -99999.0, -99999.0, -99999.0, -99999.0, -99999.0, -99999.0, -99999.0, -99999.0, -99999.0, -99999.0, 50.8, 26.63, 4.83, 31.46, 1.812, 4.875, 6.688, 1340.0, 533.0, 580.0, 157.0, 279.0, 399.0, 8.0, -99999.0, -99999.0, 0.0
33.0, 40.78067793416667, -111.94098123816666, 1289.698, 0.04, 22.9, 0.64, 347.44, -99999.0, -99999.0, -99999.0, -99999.0, -99999.0, -99999.0, -99999.0, -99999.0, -99999.0, -99999.0, -99999.0, -99999.0, -99999.0, -99999.0, 53.6, 26.73, 4.9, 31.63, 1.812, 4.875, 6.688, 749.0, 443.0, 448.0, 315.0, 400.0, 70.0, 576.0, -99999.0, -99999.0, 0.0
34.0, 40.7806779925, -111.94098129999999, 1289.681, 0.15, 22.9, 0.63, 56.75, -99999.0, -99999.0, -99999.0, -99999.0, -99999.0, -99999.0, -99999.0, -99999.0, -99999.0, -99999.0, -99999.0, -99999.0, -99999.0, -99999.0, -99999.0, 26.73, 4.9, 31.63, 1.812, 4.875, 6.688, 1579.0, 905.0, 441.0, 506.0, 406.0, 381.0, 331.0, -99999.0, -99999.0, 0.0
35.0, 40.78067806416667, -111.94098136466667, 1289.665, 0.06, 22.8, 0.27, 122.46, -99999.0, -99999.0, -99999.0, -99999.0, -99999.0, -99999.0, -99999.0, -99999.0, -99999.0, -99999.0, -99999.0, -99999.0, -99999.0, -99999.0, -99999.0, 26.77, 4.96, 31.73, 1.812, 4.875, 6.688, 1077.0, 350.0, 710.0, 158.0, 473.0, 256.0, 568.0, -99999.0, -99999.0, 0.0
36.0, 40.780678140000006, -111.94098143699999, 1289.649, 0.21, 22.8, 0.0, 0.0, -99999.0, -99999.0, -99999.0, -99999.0, -99999.0, -99999.0, -99999.0, -99999.0, -99999.0, -99999.0, -99999.0, -99999.0, -99999.0, -99999.0, 57.8, 26.82, 5.05, 31.87, 1.812, 4.875, 6.688, 1247.0, 849.0, 816.0, 674.0, 571.0, 368.0, -48.0, -99999.0, -99999.0, 0.0
37.0, 40.78067819833333, -111.94098148266667, 1289.638, 0.07, 22.7, 0.37, 32.67, -99999.0, -99999.0, -99999.0, -99999.0, -99999.0, -99999.0, -99999.0, -99999.0, -99999.0, -99999.0, -99999.0, -99999.0, -99999.0, -99999.0, 55.4, 26.82, 5.05, 31.87, 1.812, 4.875, 6.688, 796.0, 885.0, 691.0, 414.0, 413.0, 260.0, 363.0, -99999.0, -99999.0, 0.0
38.0, 40.78067824216666, -111.94098153216667, 1289.631, 0.21, 22.4, 0.31, 337.18, -99999.0, -99999.0, -99999.0, -99999.0, -99999.0, -99999.0, -99999.0, -99999.0, -99999.0, -99999.0, -99999.0, -99999.0, -99999.0, -99999.0, -99999.0, 26.83, 5.21, 32.04, 1.812, 4.875, 6.688, 1673.0, 839.0, 723.0, 571.0, 380.0, 482.0, 464.0, -99999.0, -99999.0, 0.0
39.0, 40.780678298666665, -111.94098156650001, 1289.625, 0.13, 22.3, 0.0, 0.0, -99999.0, -99999.0, -99999.0, -99999.0, -99999.0, -99999.0, -99999.0, -99999.0, -99999.0, -99999.0, -99999.0, -99999.0, -99999.0, -99999.0, -99999.0, 26.83, 5.21, 32.04, 1.812, 4.875, 6.688, 930.0, 1044.0, 729.0, 328.0, 413.0, 155.0, 278.0, -99999.0, -99999.0, 0.0
40.0, 40.7806783395, -111.94098163400001, 1289.619, 0.17, 22.1, 0.28, 38.39, -99999.0, -99999.0, -99999.0, -99999.0, -99999.0, -99999.0, -99999.0, -99999.0, -99999.0, -99999.0, -99999.0, -99999.0, -99999.0, -99999.0, 49.3, 26.91, 5.3, 32.21, 1.812, 4.875, 6.688, 984.0, 720.0, 416.0, 847.0, 480.0, 699.0, 331.0, -99999.0, -99999.0, 0.0
41.0, 40.780678363166665, -111.94098168416667, 1289.615, 0.06, 21.8, 0.43, 17.0, -99999.0, -99999.0, -99999.0, -99999.0, -99999.0, -99999.0, -99999.0, -99999.0, -99999.0, -99999.0, -99999.0, -99999.0, -99999.0, -99999.0, 45.7, 27.1, 5.55, 32.66, 1.812, 4.875, 6.688, 1251.0, 628.0, 991.0, 328.0, 613.0, 637.0, 278.0, -99999.0, -99999.0, 0.0
42.0, 40.7806784185, -111.94098171516667, 1289.61, 0.11, 21.7, 0.0, 0.0, -99999.0, -99999.0, -99999.0, -99999.0, -99999.0, -99999.0, -99999.0, -99999.0, -99999.0, -99999.0, -99999.0, -99999.0, -99999.0, -99999.0, -99999.0, 27.1, 5.55, 32.66, 1.812, 4.875, 6.688, 1164.0, 945.0, 812.0, 414.0, 220.0, 326.0, 500.0, -99999.0, -99999.0, 0.0
43.0, 40.78067847183334, -111.9409817425, 1289.607, 0.1, 21.6, 0.0, 0.0, -99999.0, -99999.0, -99999.0, -99999.0, -99999.0, -99999.0, -99999.0, -99999.0, -99999.0, -99999.0, -99999.0, -99999.0, -99999.0, -99999.0, -99999.0, 27.19, 5.8, 33.0, 1.812, 4.875, 6.688, 1218.0, 852.0, 352.0, 828.0, 287.0, 730.0, 456.0, -99999.0, -99999.0, 0.0
44.0, 40.780678480666666, -111.94098179933331, 1289.608, 0.17, 21.6, 0.0, 0.0, -99999.0, -99999.0, -99999.0, -99999.0, -99999.0, -99999.0, -99999.0, -99999.0, -99999.0, -99999.0, -99999.0, -99999.0, -99999.0, -99999.0, 45.3, 27.34, 6.18, 33.52, 1.812, 4.875, 6.688, 1254.0, 658.0, 217.0, 425.0, 173.0, 379.0, 711.0, -99999.0, -99999.0, 0.0
45.0, 40.780678498499995, -111.94098182566668, 1289.613, 0.12, 21.6, 0.51, 73.42, -99999.0, -99999.0, -99999.0, -99999.0, -99999.0, -99999.0, -99999.0, -99999.0, -99999.0, -99999.0, -99999.0, -99999.0, -99999.0, -99999.0, 45.4, 27.8, 6.58, 34.38, 1.812, 4.875, 6.688, 1486.0, 912.0, 531.0, 328.0, 593.0, 536.0, 274.0, -99999.0, -99999.0, 0.0
