arc_raw/USOS-ARL-Suite_ARC_20240721_RA.ict
71,1001
Xinrong Ren
NOAA Air Resources Lab
ARC-Suite
USOS: Utah Summer Ozone Study
1,1
2024,07,21,2024,07,21
1
StartTime_seconds, seconds, Start time in UTC seconds since midnight
38
1,1,1,1,1,1,1,1,1,1,1,1,1,1,1,1,1,1,1,1,1,1,1,1,1,1,1,1,1,1,1,1,1,1,1,1,1,1
-99999,-99999,-99999,-99999,-99999,-99999,-99999,-99999,-99999,-99999,-99999,-99999,-99999,-99999,-99999,-99999,-99999,-99999,-99999,-99999,-99999,-99999,-99999,-99999,-99999,-99999,-99999,-99999,-99999,-99999,-99999,-99999,-99999,-99999,-99999,-99999,-99999,-99999
lat_DGPS_deg, degrees, Latitude in decimal by Hemisphere VS1100 Differential GPS
lon_DGPS_deg, degrees, Longitude in decimal by Hemisphere VS1100 Differential GPS
alt_msl_m, meters, GPS Altitude MSL
speed_km_h, km/s, vehicle speed
RH, percent, relative humidity
true_WS_m_s, m/s, wind speed by 2D sonic sensor
true_WD_deg, degree, wind direction by 2D sonic sensor
CH4_aeris313_ppm, ppm, CH4 mixing ratio by Aeris
H2O_aeris313_ppm, ppm, H2O mixing ratio by Aeris
C2H6_aeris313_ppb, ppb, C2H6 mixing ratio by Aeris
r_aeris313, 1, relavence between CH4 and C2H6 by Aeris
C2C1_aeris313, 1, C2H6 to CH4 ratio by Aeris
CO_g2401m_ppm, ppm, CO mixing ratio by Picarro G2401m
CO2_g2401m_ppm, ppm, CO2 mixing ratio by Picarro G2401m
CH4_g2401m_ppm, ppm, CH4 mixing ratio by Picarro G2401m
H2O_g2401m, ppm, H2O mixing ratio by Picarro G2401m
delta13C_CH4_raw, permill, delta 13C of CH4 by Picarro G2201i
delta13C_CO2_raw, permill, delta 13C of CO2 by Picarro G2201i
CH4_g2201i_ppm, ppm, CH4 mixing ratio by Picarro G2201i
CO2_g2201i_ppm, ppm, CO2 mixing ratio by Picarro G2201i
NH3_g2301_ppb, ppb, NH3 mixing ratio by Picarro G2301
O3_2B_ppm, ppm, O3 mixing ratio by 2B
NO_G60_ppb, ppb, NO mixing ratio by G60
NO2_G60_ppb, ppb, NO2 mixing ratio by G60
NOx_G60_ppb, ppb, NOx mixing ratio by G60
NO_N500_ppb, ppb, NO mixing ratio by N500
NO2_N500_ppb, ppb, NO2 mixing ratio by N500
NOx_N500_ppb, ppb, NOx mixing ratio by N500
BC370_AE43_ng_m3, ng/m3, Black Carbon at 370 nm by AE43
BC470_AE43_ng_m3, ng/m3, Black Carbon at 470 nm by AE43
BC520_AE43_ng_m3, ng/m3, Black Carbon at 520 nm by AE43
BC590_AE43_ng_m3, ng/m3, Black Carbon at 590 nm by AE43
BC660_AE43_ng_m3, ng/m3, Black Carbon at 660 nm by AE43
BC880_AE43_ng_m3, ng/m3, Black Carbon at 880 nm by AE43
BC950_AE43_ng_m3, ng/m3, Black Carbon at 950 nm by AE43
PM25, ug/m3, PM2.5 by particle sensor
PM10, ug/m3, PM10 by particle sensor
Valve, boolian, indicator of valve conditions;0 is measurement; 10 is zeroing; 11 is spanning
1
SPECIAL COMMENTS, N/A
18
PI_CONTACT_INFO: xinrong.ren@noaa.gov, 301-683-1391, NOAA/ARL, 5830 University Research Court, College Park, MD 20740
PLATFORM: NOAA Air Resources Car
LOCATION: Salt Lake City
ASSOCIATED_DATA: N/A
INSTRUMENT_INFO: Hemisphere VS1100 differential GPS (Latitude, Longitude, GPS Altitude, speed), meteorological sensor (RH, WS, WD), 2B (O3), G60 CRDS (NO-NOx), Teledyne N500 (NO-NOx), Picarro G2401-m (CO2, CH4, CO, H2O), Picarro G2201i (CO2, CH4, d13C_CO2, d13C_CH4, H2O), Picarro 2301 (NH3), Aeris Ultra MIRA (CH4, C2H6, H2O, r, C2/C1), AE43 (Black Carbon), Partical sensor (PM2.5, PM10)
DATA_INFO: Records are reported at 1-second intervals. Hemisphere VS1100 differential GPS has 1-second ntervals. 2B O3 values are reported 2-second averages. G60 Cavity Rong Down NO-NO2-NO2 has 1-second average. Teledyne CAPS NO2 analyzer has 10-second time resolution. Picarro 2401m (CO2, CH4, CO, H2O) data has 2.5-second time resolution. Picarro 2201i (isotope) has ~5 second time resolution. Aeris Ultra MIRA has 1-second integration time. AE43 data are 10-second moving averages. Partical sensor has 10-second time resolution.
UNCERTAINTY: -99999, -99999, -99999, 15 m, -99999, -99999, -99999, -99999, 1 ppb, 100 ppm, 0.2 ppb, -99999, -99999, 5 ppb, 0.1 ppm, 1 ppb, 100 ppm, -99999, -99999, -99999, -99999, 2 ppb, 0.3 ppb, -99999, -99999, -99999, 0.05 ppb, 0.05 ppb, 0.05 ppb, 10 ng/m3, 10 ng/m3, 10 ng/m3, 10 ng/m3, 10 ng/m3, 10 ng/m3, 10 ng/m3, 10 ng/m3, 0
ULOD_FLAG: -77777
ULOD_VALUE: N/A
LLOD_FLAG: -88888
LLOD_VALUE: N/A
DM_CONTACT_INFO: Jiayang Sun; University of Maryland; jiayangs@umd.edu
PROJECT_INFO: USOS July - Aug 2024 https://deq.utah.gov/air-quality/utah-summer-ozone-study-usos
STIPULATIONS_ON_USE: Use of these data requires prior ok from PI.
OTHER_COMMENTS: N/A
REVISION: RA
RA: Preliminary Data for in-field use only.
StartTime_seconds, lat_DGPS_deg, lon_DGPS_deg, alt_msl_m, speed_km_h, RH, true_WS_m_s, true_WD_deg, CH4_aeris313_ppm, H2O_aeris313_ppm, C2H6_aeris313_ppb, r_aeris313, C2C1_aeris313, CO_g2401m_ppm, CO2_g2401m_ppm, CH4_g2401m_ppm, H2O_g2401m, delta13C_CH4_raw, delta13C_CO2_raw, CH4_g2201i_ppm, CO2_g2201i_ppm, NH3_g2301_ppb, O3_2B_ppm, NO_G60_ppb, NO2_G60_ppb, NOx_G60_ppb, NO_N500_ppb, NO2_N500_ppb, NOx_N500_ppb, BC370_AE43_ng_m3, BC470_AE43_ng_m3, BC520_AE43_ng_m3, BC590_AE43_ng_m3, BC660_AE43_ng_m3, BC880_AE43_ng_m3, BC950_AE43_ng_m3, PM25, PM10, Valve
[from data line 3847]
6289.0, 40.780684738333335, -111.94098910066666, 1287.702, 0.07, 18.9, 1.76, 89.39, 1.98115, 12819.8, 19.1952, 0.159007, -99999.0, 0.13015515411, 422.026794585, 1.95549151255, 1.1312623697, -51.067980623, -5.3990370279, 1.9211617543169999, 421.9915513457, -99999.0, 47.9, 19.06, 2.17, 21.24, -0.275, 1.492, 1.219, -99999.0, -99999.0, -99999.0, -99999.0, -99999.0, -99999.0, -99999.0, 3.19, 22.6, 0.0
6290.0, 40.780684748666665, -111.940989111, 1287.698, 0.07, 19.0, 1.81, 99.31, 1.98046, 12833.5, 18.8811, 0.171961, -99999.0, 0.13015457989, 422.01579170499997, 1.9554457273, 1.1314077538, -51.067980623, -5.3990370279, 1.9211617543169999, 421.9915513457, -99999.0, -99999.0, 19.07, 2.11, 21.19, -0.054, 1.227, 1.172, -99999.0, -99999.0, -99999.0, -99999.0, -99999.0, -99999.0, -99999.0, 4.28, 4.86, 0.0
6291.0, 40.78068474650001, -111.94098914716666, 1287.698, 0.12, 19.0, 1.22, 107.11, 1.97721, 12863.2, 18.6471, 0.180057, -99999.0, 0.12350275727, 421.98674487, 1.9554457273, 1.1314077538, -51.067980623, -5.3990370279, 1.9211617543169999, 422.67148559609996, -99999.0, 48.1, 19.05, 2.09, 21.14, -0.054, 1.227, 1.172, -99999.0, -99999.0, -99999.0, -99999.0, -99999.0, -99999.0, -99999.0, 3.54, 4.69, 0.0
6292.0, 40.780684743, -111.94098916783332, 1287.697, 0.07, 19.1, 1.19, 113.12, 1.97779, 12882.7, 18.8296, 0.230911, -99999.0, 0.123501644055, 421.89073258, 1.9542681533, 1.1021346972, -51.067980623, -6.2988679315, 1.9211617543169999, 422.66725895879995, -99999.0, -99999.0, 19.04, 2.07, 21.11, -0.054, 1.227, 1.172, -99999.0, -99999.0, -99999.0, -99999.0, -99999.0, -99999.0, -99999.0, 2.85, 2.85, 0.0
6293.0, 40.78068473583334, -111.94098919633333, 1287.693, 0.05, 19.1, 1.67, 100.12, 1.98026, 12891.5, 18.7628, 0.212387, -99999.0, 0.12350053084, 421.37623755, 1.9542681533, 1.1021346972, -54.98094061, -6.2988679315, 1.916863564984, 422.66725895879995, -99999.0, 48.9, 19.0, 2.09, 21.09, -0.054, 1.227, 1.172, -99999.0, -99999.0, -99999.0, -99999.0, -99999.0, -99999.0, -99999.0, 3.9, 4.48, 0.0
6294.0, 40.780684753, -111.94098924016667, 1287.687, 0.04, 19.1, 1.92, 90.49, 1.98021, 12908.9, 18.6699, 0.17706, -99999.0, 0.12786617979, 421.35584124, 1.9539610336, 1.11059860825, -54.98094061, -6.2988679315, 1.916863564984, 422.66725895879995, -99999.0, -99999.0, 18.97, 2.05, 21.02, -0.054, 1.227, 1.172, -99999.0, -99999.0, -99999.0, -99999.0, -99999.0, -99999.0, -99999.0, 4.105, 4.105, 0.0
6295.0, 40.7806847945, -111.94098928816666, 1287.684, 0.13, 19.1, 1.31, 94.48, 1.97958, 12893.3, 18.8366, 0.173953, -99999.0, 0.12786862103, 421.57433445000004, 1.9536539139, 1.1190625193, -54.98094061, -6.2988679315, 1.916863564984, 423.2890970531, -99999.0, 50.7, 18.93, 2.04, 20.97, -0.054, 1.227, 1.172, -99999.0, -99999.0, -99999.0, -99999.0, -99999.0, -99999.0, -99999.0, -99999.0, -99999.0, 0.0
6296.0, 40.78068483716667, -111.94098933366668, 1287.677, 0.13, 19.1, 2.05, 67.48, 1.97698, 12839.7, 18.7264, 0.18721, -99999.0, 0.12701626131, 421.81322397, 1.9536539139, 1.1190625193, -54.98094061, -5.8803329439, 1.916863564984, 423.2910658655, -99999.0, -99999.0, 18.94, 2.0, 20.94, -0.054, 1.227, 1.172, -99999.0, -99999.0, -99999.0, -99999.0, -99999.0, -99999.0, -99999.0, 3.2, 3.78, 0.0
6297.0, 40.780684902666664, -111.94098937599999, 1287.667, 0.0, 19.1, 1.86, 90.68, 1.97774, 12790.6, 18.7631, 0.102333, -99999.0, 0.12701646582999998, 421.88246294, 1.9541505083, 1.1230462492, -49.050512246, -5.8803329439, 1.912665452802, 423.2910658655, -99999.0, 50.9, 18.9, 2.0, 20.91, -0.054, 1.227, 1.172, -99999.0, -99999.0, -99999.0, -99999.0, -99999.0, -99999.0, -99999.0, 3.42, 3.42, 0.0
6298.0, 40.780684945, -111.94098941550001, 1287.66, 0.08, 19.1, 1.58, 101.2, 1.97906, 12765.1, 18.6463, 0.241725, -99999.0, 0.12701667035, 422.01642902, 1.9541505083, 1.1230462492, -49.050512246, -5.8803329439, 1.912665452802, 423.2910658655, -99999.0, -99999.0, 18.89, 1.98, 20.87, -0.054, 1.227, 1.172, -99999.0, -99999.0, -99999.0, -99999.0, -99999.0, -99999.0, -99999.0, 2.81, 7.31, 0.0
6299.0, 40.780685011833334, -111.94098945366667, 1287.653, 0.01, 19.1, 1.42, 100.19, 1.97786, 12775.9, 18.9903, 0.244861, -99999.0, 0.12900142138, 422.01642902, 1.9541505083, 1.1230462492, -49.050512246, -5.8803329439, 1.912665452802, 424.5612384289, -99999.0, 51.3, 18.82, 1.97, 20.79, -0.054, 1.227, 1.172, -99999.0, -99999.0, -99999.0, -99999.0, -99999.0, -99999.0, -99999.0, 3.31, 3.31, 0.0
6300.0, 40.78068507583334, -111.94098947683332, 1287.643, 0.14, 19.1, 1.44, 104.6, 1.97608, 12813.6, 18.5269, 0.320483, -99999.0, 0.12900157023333333, 422.0283561133333, 1.9538738617, 1.1212126076, -49.050512246, -6.4437139545, 1.912665452802, 424.5585803002, -99999.0, -99999.0, 18.84, 1.97, 20.81, -0.054, 1.227, 1.172, -99999.0, -99999.0, -99999.0, -99999.0, -99999.0, -99999.0, -99999.0, 3.51, 4.46, 0.0
6301.0, 40.78068513066667, -111.94098950433333, 1287.635, 0.06, 19.1, 1.2, 84.79, 1.97656, 12839.8, 18.9265, 0.270961, -99999.0, 0.12579421266, 422.03796712, 1.9538738617, 1.1212126076, -53.175359358, -6.4437139545, 1.915580424154, 424.5585803002, -99999.0, 53.4, 18.81, 1.97, 20.77, -0.054, 1.227, 1.172, -99999.0, -99999.0, -99999.0, -99999.0, -99999.0, -99999.0, -99999.0, 3.23, 3.23, 0.0
6302.0, 40.780685223166664, -111.94098952383335, 1287.619, 0.04, 19.1, 0.8, 65.49, 1.97808, 12850.1, 19.0868, 0.236061, -99999.0, 0.1257960833, 422.07678581, 1.9544991578, 1.1347681682, -53.175359358, -6.4437139545, 1.915580424154, 424.5585803002, -99999.0, -99999.0, 18.84, 2.0, 20.84, -0.054, 1.227, 1.172, -99999.0, -99999.0, -99999.0, -99999.0, -99999.0, -99999.0, -99999.0, 3.97, 4.92, 0.0
6303.0, 40.780685326, -111.94098956450001, 1287.6, 0.06, 19.1, 0.59, 95.8, 1.97693, 12849.7, 19.0486, 0.179492, -99999.0, 0.12579795394, 422.76845962, 1.9544991578, 1.1347681682, -53.175359358, -7.1523709254500005, 1.915580424154, 425.86908854535, -99999.0, 51.5, 18.84, 2.0, 20.84, -0.054, 1.227, 1.172, -99999.0, -99999.0, -99999.0, -99999.0, -99999.0, -99999.0, -99999.0, 3.41, 3.99, 0.0
6304.0, 40.78068541350001, -111.94098958866668, 1287.591, 0.05, 19.1, 0.37, 89.39, 1.978, 12864.4, 18.9171, 0.17964, -99999.0, 0.12808434288, 422.76845962, 1.9544991578, 1.1347681682, -99999.0, -99999.0, -99999.0, -99999.0, -99999.0, -99999.0, 18.8, 2.0, 20.8, -0.054, 1.227, 1.172, -99999.0, -99999.0, -99999.0, -99999.0, -99999.0, -99999.0, -99999.0, 3.69, 5.15, 0.0
6305.0, 40.78068550566666, -111.94098959316668, 1287.587, 0.08, 19.1, 0.57, 62.59, 1.97671, 12860.8, 18.8998, 0.173454, -99999.0, 0.12813359838, 422.79291103, 1.9542593595, 1.1285794504, -54.698017601, -7.8610278964, 1.917680760533, 425.8657346325, -99999.0, 48.5, 18.82, 2.0, 20.82, -0.054, 1.227, 1.172, -99999.0, -99999.0, -99999.0, -99999.0, -99999.0, -99999.0, -99999.0, 3.41, 3.99, 0.0
6306.0, 40.78068556433333, -111.940989606, 1287.587, 0.04, 19.1, 0.38, 122.51, 1.97609, 12880.8, 19.0111, 0.0784912, -99999.0, 0.12727084365000002, 441.64450033, 1.9542593595, 1.1285794504, -54.698017601, -7.8610278964, 1.917680760533, 425.8657346325, -99999.0, -99999.0, 18.83, 2.02, 20.85, -0.054, 1.227, 1.172, -99999.0, -99999.0, -99999.0, -99999.0, -99999.0, -99999.0, -99999.0, 3.47, 4.62, 0.0
6307.0, 40.780685639833344, -111.94098962533332, 1287.58, 0.08, 19.1, 0.6, 104.21, 1.97866, 12906.3, 19.0448, 0.0804142, -99999.0, 0.12635883342, 441.61973005, 1.954519094, 1.1276212795, -54.698017601, -7.09823100255, 1.917680760533, 425.56632196630005, -99999.0, 48.7, 18.79, 2.02, 20.81, -0.054, 1.227, 1.172, -99999.0, -99999.0, -99999.0, -99999.0, -99999.0, -99999.0, -99999.0, 3.06, 5.16, 0.0
6308.0, 40.78068571633333, -111.94098964000001, 1287.574, 0.06, 19.1, 0.86, 83.4, 1.97742, 12923.7, 18.7824, 0.115002, -99999.0, 0.12629688926, 435.617984105, 1.954519094, 1.1276212795, -99999.0, -99999.0, -99999.0, -99999.0, -99999.0, -99999.0, 18.8, 2.02, 20.82, -0.054, 1.227, 1.172, -99999.0, -99999.0, -99999.0, -99999.0, -99999.0, -99999.0, -99999.0, 3.86, 3.86, 0.0
6309.0, 40.780685749, -111.94098965549999, 1287.574, 0.04, 19.1, 1.27, 119.89, 1.97721, 12919.4, 19.1755, 0.041543, -99999.0, 0.13266699745, 429.61623816, 1.954519094, 1.1276212795, -43.481875629, -6.3354341087, 1.907877763618, 425.5699295424, -99999.0, 49.2, 18.79, 2.02, 20.81, -0.054, 1.227, 1.172, -99999.0, -99999.0, -99999.0, -99999.0, -99999.0, -99999.0, -99999.0, 3.28, 18.86, 0.0
6310.0, 40.78068577716666, -111.94098967366666, 1287.574, 0.13, 19.1, 2.12, 106.09, 1.97842, 12914.4, 18.9834, 0.0737323, -99999.0, 0.13266653034999998, 429.63062394, 1.9544204894, 1.1328462368, -43.481875629, -6.3354341087, 1.907877763618, 425.5699295424, -99999.0, -99999.0, 18.76, 2.04, 20.81, -0.054, 1.227, 1.172, -99999.0, -99999.0, -99999.0, -99999.0, -99999.0, -99999.0, -99999.0, 3.82, 3.82, 0.0
6311.0, 40.780685839166665, -111.9409897055, 1287.565, 0.1, 19.1, 1.85, 83.88, 1.97685, 12921.1, 18.9582, 0.0771563, -99999.0, 0.13266606325, 429.45335609, 1.9544204894, 1.1328462368, -43.481875629, -5.671216391350001, 1.907877763618, 425.42663822595, -99999.0, 50.1, 18.79, 2.05, 20.83, -0.054, 1.227, 1.172, -99999.0, -99999.0, -99999.0, -99999.0, -99999.0, -99999.0, -99999.0, 4.21, 4.21, 0.0
6312.0, 40.78068586766667, -111.94098972366668, 1287.564, 0.05, 19.1, 2.53, 69.89, 1.97553, 12919.5, 19.1456, -0.0131868, -99999.0, 0.14291527309, 429.44986746, 1.9549547716, 1.1291989015000001, -99999.0, -99999.0, -99999.0, -99999.0, -99999.0, -99999.0, 18.79, 2.06, 20.85, -0.369, 1.227, 0.855, -99999.0, -99999.0, -99999.0, -99999.0, -99999.0, -99999.0, -99999.0, 3.71, 3.71, 0.0
6313.0, 40.780685906333325, -111.940989747, 1287.558, 0.12, 19.1, 2.0, 58.59, 1.97823, 12919.8, 18.9347, 0.0115816, -99999.0, 0.14288752081, 426.78296634000003, 1.9554890538, 1.1255515662, -47.768481656, -5.006998674, 1.9063054618670001, 425.4297785002, -99999.0, 51.1, 18.78, 2.06, 20.84, -0.369, 1.227, 0.855, -99999.0, -99999.0, -99999.0, -99999.0, -99999.0, -99999.0, -99999.0, 3.23, 3.23, 0.0
6314.0, 40.78068594916667, -111.940989759, 1287.554, 0.06, 19.1, 2.01, 60.2, 1.9787, 12932.9, 19.1738, -0.0440706, -99999.0, 0.12974451727, 424.11955385, 1.9554890538, 1.1255515662, -47.768481656, -5.006998674, 1.9063054618670001, 425.4297785002, -99999.0, -99999.0, 18.81, 2.07, 20.88, -0.369, 1.227, 0.855, -99999.0, -99999.0, -99999.0, -99999.0, -99999.0, -99999.0, -99999.0, 3.53, 4.11, 0.0
6315.0, 40.78068599, -111.94098977466668, 1287.548, 0.04, 19.1, 1.84, 62.49, 1.97853, 12944.1, 18.9768, -0.0272266, -99999.0, 0.12973872341999998, 424.00545188, 1.9544308292, 1.0985699792, -47.768481656, -6.0342452444, 1.9063054618670001, 425.532499722, -99999.0, 50.5, 18.78, 2.08, 20.85, -0.369, 1.227, 0.855, -99999.0, -99999.0, -99999.0, -99999.0, -99999.0, -99999.0, -99999.0, 3.09, 4.62, 0.0
6316.0, 40.78068598683334, -111.94098978483335, 1287.549, 0.17, 19.1, 1.59, 69.38, 1.97671, 12935.1, 18.7549, 0.028836, -99999.0, 0.12973292957, 421.67164798, 1.9544308292, 1.0985699792, -99999.0, -99999.0, -99999.0, -99999.0, -99999.0, -99999.0, 18.81, 2.09, 20.9, -0.369, 1.227, 0.855, -99999.0, -99999.0, -99999.0, -99999.0, -99999.0, -99999.0, -99999.0, 3.05, 3.63, 0.0
6317.0, 40.780686016666664, -111.94098980383333, 1287.545, 0.09, 19.1, 1.25, 61.16, 1.97918, 12907.7, 18.9551, 0.0315518, -99999.0, 0.13239200453, 421.62942026999997, 1.9537211506, 1.0992917991, -49.08418174, -7.0614918148, 1.91119335397, 425.5276418996, -99999.0, 49.5, 18.82, 2.11, 20.93, -0.369, 1.227, 0.855, -99999.0, -99999.0, -99999.0, -99999.0, -99999.0, -99999.0, -99999.0, 3.13, 3.71, 0.0
6318.0, 40.78068604166667, -111.94098982466667, 1287.546, 0.19, 19.1, 0.94, 64.56, 1.9772, 12848.8, 18.8166, -0.110873, -99999.0, 0.13239372438, 421.76674182, 1.953011472, 1.100013619, -49.08418174, -7.0614918148, 1.91119335397, 425.5276418996, -99999.0, -99999.0, 18.86, 2.13, 20.99, -0.369, 1.227, 0.855, -99999.0, -99999.0, -99999.0, -99999.0, -99999.0, -99999.0, -99999.0, 3.66, 3.66, 0.0
6319.0, 40.78068608366667, -111.94098984183331, 1287.541, 0.03, 19.1, 0.75, 62.59, 1.9777, 12795.5, 18.7466, -0.110019, -99999.0, 0.14364828975, 421.94629108, 1.953011472, 1.100013619, -49.08418174, -7.6052012012, 1.91119335397, 425.35757927105, -99999.0, 49.9, 18.88, 2.17, 21.05, -0.369, 1.227, 0.855, -99999.0, -99999.0, -99999.0, -99999.0, -99999.0, -99999.0, -99999.0, 4.32, 4.9, 0.0
6320.0, 40.780686104000004, -111.94098986933335, 1287.541, 0.03, 19.1, 0.93, 70.17, 1.97751, 12741.9, 18.7505, -0.13186, -99999.0, 0.14365039733, 421.98373957, 1.9543506619, 1.1098819356, -99999.0, -99999.0, -99999.0, -99999.0, -99999.0, -99999.0, 18.88, 2.2, 21.08, -0.369, 1.227, 0.855, -99999.0, -99999.0, -99999.0, -99999.0, -99999.0, -99999.0, -99999.0, 3.65, 4.23, 0.0
6321.0, 40.78068613116667, -111.94098988483331, 1287.539, 0.02, 19.0, 0.64, 38.56, 1.97815, 12712.6, 19.3435, -0.0918972, -99999.0, 0.14365250491, 422.90155008, 1.9543506619, 1.1098819356, -52.176502543, -8.1489105876, 1.916520696836, 425.3550090955, -99999.0, 49.4, 18.94, 2.22, 21.16, -0.369, 1.227, 0.855, -99999.0, -99999.0, -99999.0, -99999.0, -99999.0, -99999.0, -99999.0, 3.43, 3.43, 0.0
6322.0, 40.780686161666665, -111.94098990599998, 1287.539, 0.07, 19.0, 0.49, 78.97, 1.97756, 12709.5, 18.755, -0.0287316, -99999.0, 0.13430075603, 422.930263625, 1.95475315095, 1.11359947485, -52.176502543, -8.1489105876, 1.916520696836, 425.3550090955, -99999.0, -99999.0, 18.99, 2.22, 21.21, -0.369, 1.227, 0.855, -99999.0, -99999.0, -99999.0, -99999.0, -99999.0, -99999.0, -99999.0, 3.71, 3.71, 0.0
6323.0, 40.780686184500006, -111.94098992466667, 1287.536, 0.1, 19.0, 0.0, 0.0, 1.97852, 12722.7, 18.81, 0.0737399, -99999.0, 0.13430031756, 422.91099941000004, 1.95515564, 1.1173170141, -52.176502543, -7.0695638479, 1.916520696836, 424.7284270029, -99999.0, 48.3, 19.04, 2.21, 21.25, -0.369, 1.227, 0.855, -99999.0, -99999.0, -99999.0, -99999.0, -99999.0, -99999.0, -99999.0, 4.03, 4.03, 0.0
6324.0, 40.78068622783333, -111.94098995049998, 1287.525, 0.01, 19.0, 0.37, 342.67, 1.97848, 12732.8, 18.8745, 0.103872, -99999.0, 0.13081149259, 422.86302165, 1.95515564, 1.1173170141, -99999.0, -99999.0, -99999.0, -99999.0, -99999.0, -99999.0, 19.05, 2.24, 21.29, -0.369, 1.227, 0.855, -99999.0, -99999.0, -99999.0, -99999.0, -99999.0, -99999.0, -99999.0, 3.71, 3.71, 0.0
6325.0, 40.780686242, -111.94098995666667, 1287.523, 0.07, 19.0, 0.76, 345.96, 1.97862, 12756.9, 18.9148, 0.0762679, -99999.0, 0.130811794385, 422.88785769, 1.9549835962, 1.1173653078, -48.297374596, -5.9902171082, 1.919239319402, 424.7335216195, -99999.0, 49.8, 19.03, 2.32, 21.36, -0.369, 1.227, 0.855, -99999.0, -99999.0, -99999.0, -99999.0, -99999.0, -99999.0, -99999.0, 3.08, 3.08, 0.0
6326.0, 40.78068626383333, -111.94098996083333, 1287.514, 0.08, 19.0, 0.8, 314.87, 1.98026, 12775.2, 18.7952, 0.00613604, -99999.0, 0.13081209618, 422.96706104, 1.9549835962, 1.1173653078, -48.297374596, -5.9902171082, 1.919239319402, 424.7335216195, -99999.0, -99999.0, 19.07, 2.35, 21.42, -0.369, 1.227, 0.855, -99999.0, -99999.0, -99999.0, -99999.0, -99999.0, -99999.0, -99999.0, 3.5, 4.96, 0.0
6327.0, 40.78068627133334, -111.94098997716668, 1287.515, 0.05, 19.0, 0.63, 355.47, 1.97892, 12784.4, 18.8322, 0.0581245, -99999.0, 0.13574619945, 422.96706104, 1.9549835962, 1.1173653078, -48.297374596, -6.217925918300001, 1.919239319402, 424.2047837137, -99999.0, 51.3, 19.09, 2.37, 21.46, -0.369, 1.227, 0.855, -99999.0, -99999.0, -99999.0, -99999.0, -99999.0, -99999.0, -99999.0, 4.21, 6.62, 0.0
6328.0, 40.78068625183333, -111.94098999233331, 1287.517, 0.09, 19.0, 1.02, 59.28, 1.98021, 12791.2, 18.823, 0.00557121, -99999.0, 0.13574692498333332, 423.0214662133333, 1.9548981294, 1.1174160097, -55.000605376, -6.4456347284, 1.917453281845, 424.2037102423, -99999.0, -99999.0, 19.14, 2.39, 21.53, -0.369, 1.227, 0.855, -99999.0, -99999.0, -99999.0, -99999.0, -99999.0, -99999.0, -99999.0, 3.11, 9.89, 0.0
