arc_raw/USOS-ARL-Suite_ARC_20240801_RA.ict
71,1001
Xinrong Ren
NOAA Air Resources Lab
ARC-Suite
USOS: Utah Summer Ozone Study
1,1
2024,08,01,2024,08,01
1
StartTime_seconds, seconds, Start time in UTC seconds since midnight
38
1,1,1,1,1,1,1,1,1,1,1,1,1,1,1,1,1,1,1,1,1,1,1,1,1,1,1,1,1,1,1,1,1,1,1,1,1,1
-99999,-99999,-99999,-99999,-99999,-99999,-99999,-99999,-99999,-99999,-99999,-99999,-99999,-99999,-99999,-99999,-99999,-99999,-99999,-99999,-99999,-99999,-99999,-99999,-99999,-99999,-99999,-99999,-99999,-99999,-99999,-99999,-99999,-99999,-99999,-99999,-99999,-99999
lat_DGPS_deg, degrees, Latitude in decimal by Hemisphere VS1100 Differential GPS
lon_DGPS_deg, degrees, Longitude in decimal by Hemisphere VS1100 Differential GPS
alt_msl_m, meters, GPS Altitude MSL
speed_km_h, km/s, vehicle speed
RH, percent, relative humidity
true_WS_m_s, m/s, wind speed by 2D sonic sensor
true_WD_deg, degree, wind direction by 2D sonic sensor
CH4_aeris313_ppm, ppm, CH4 mixing ratio by Aeris
H2O_aeris313_ppm, ppm, H2O mixing ratio by Aeris
C2H6_aeris313_ppb, ppb, C2H6 mixing ratio by Aeris
r_aeris313, 1, relavence between CH4 and C2H6 by Aeris
C2C1_aeris313, 1, C2H6 to CH4 ratio by Aeris
CO_g2401m_ppm, ppm, CO mixing ratio by Picarro G2401m
CO2_g2401m_ppm, ppm, CO2 mixing ratio by Picarro G2401m
CH4_g2401m_ppm, ppm, CH4 mixing ratio by Picarro G2401m
H2O_g2401m, ppm, H2O mixing ratio by Picarro G2401m
delta13C_CH4_raw, permill, delta 13C of CH4 by Picarro G2201i
delta13C_CO2_raw, permill, delta 13C of CO2 by Picarro G2201i
CH4_g2201i_ppm, ppm, CH4 mixing ratio by Picarro G2201i
CO2_g2201i_ppm, ppm, CO2 mixing ratio by Picarro G2201i
NH3_g2301_ppb, ppb, NH3 mixing ratio by Picarro G2301
O3_2B_ppm, ppm, O3 mixing ratio by 2B
NO_G60_ppb, ppb, NO mixing ratio by G60
NO2_G60_ppb, ppb, NO2 mixing ratio by G60
NOx_G60_ppb, ppb, NOx mixing ratio by G60
NO_N500_ppb, ppb, NO mixing ratio by N500
NO2_N500_ppb, ppb, NO2 mixing ratio by N500
NOx_N500_ppb, ppb, NOx mixing ratio by N500
BC370_AE43_ng_m3, ng/m3, Black Carbon at 370 nm by AE43
BC470_AE43_ng_m3, ng/m3, Black Carbon at 470 nm by AE43
BC520_AE43_ng_m3, ng/m3, Black Carbon at 520 nm by AE43
BC590_AE43_ng_m3, ng/m3, Black Carbon at 590 nm by AE43
BC660_AE43_ng_m3, ng/m3, Black Carbon at 660 nm by AE43
BC880_AE43_ng_m3, ng/m3, Black Carbon at 880 nm by AE43
BC950_AE43_ng_m3, ng/m3, Black Carbon at 950 nm by AE43
PM25, ug/m3, PM2.5 by particle sensor
PM10, ug/m3, PM10 by particle sensor
Valve, boolian, indicator of valve conditions;0 is measurement; 10 is zeroing; 11 is spanning
1
SPECIAL COMMENTS, N/A
18
PI_CONTACT_INFO: xinrong.ren@noaa.gov, 301-683-1391, NOAA/ARL, 5830 University Research Court, College Park, MD 20740
PLATFORM: NOAA Air Resources Car
LOCATION: Salt Lake City
ASSOCIATED_DATA: N/A
INSTRUMENT_INFO: Hemisphere VS1100 differential GPS (Latitude, Longitude, GPS Altitude, speed), meteorological sensor (RH, WS, WD), 2B (O3), G60 CRDS (NO-NOx), Teledyne N500 (NO-NOx), Picarro G2401-m (CO2, CH4, CO, H2O), Picarro G2201i (CO2, CH4, d13C_CO2, d13C_CH4, H2O), Picarro 2301 (NH3), Aeris Ultra MIRA (CH4, C2H6, H2O, r, C2/C1), AE43 (Black Carbon), Partical sensor (PM2.5, PM10)
DATA_INFO: Records are reported at 1-second intervals. Hemisphere VS1100 differential GPS has 1-second ntervals. 2B O3 values are reported 2-second averages. G60 Cavity Rong Down NO-NO2-NO2 has 1-second average. Teledyne CAPS NO2 analyzer has 10-second time resolution. Picarro 2401m (CO2, CH4, CO, H2O) data has 2.5-second time resolution. Picarro 2201i (isotope) has ~5 second time resolution. Aeris Ultra MIRA has 1-second integration time. AE43 data are 10-second moving averages. Partical sensor has 10-second time resolution.
UNCERTAINTY: -99999, -99999, -99999, 15 m, -99999, -99999, -99999, -99999, 1 ppb, 100 ppm, 0.2 ppb, -99999, -99999, 5 ppb, 0.1 ppm, 1 ppb, 100 ppm, -99999, -99999, -99999, -99999, 2 ppb, 0.3 ppb, -99999, -99999, -99999, 0.05 ppb, 0.05 ppb, 0.05 ppb, 10 ng/m3, 10 ng/m3, 10 ng/m3, 10 ng/m3, 10 ng/m3, 10 ng/m3, 10 ng/m3, 10 ng/m3, 0
ULOD_FLAG: -77777
ULOD_VALUE: N/A
LLOD_FLAG: -88888
LLOD_VALUE: N/A
DM_CONTACT_INFO: Jiayang Sun; University of Maryland; jiayangs@umd.edu
PROJECT_INFO: USOS July - Aug 2024 https://deq.utah.gov/air-quality/utah-summer-ozone-study-usos
STIPULATIONS_ON_USE: Use of these data requires prior ok from PI.
OTHER_COMMENTS: N/A
REVISION: RA
RA: Preliminary Data for in-field use only.
StartTime_seconds, lat_DGPS_deg, lon_DGPS_deg, alt_msl_m, speed_km_h, RH, true_WS_m_s, true_WD_deg, CH4_aeris313_ppm, H2O_aeris313_ppm, C2H6_aeris313_ppb, r_aeris313, C2C1_aeris313, CO_g2401m_ppm, CO2_g2401m_ppm, CH4_g2401m_ppm, H2O_g2401m, delta13C_CH4_raw, delta13C_CO2_raw, CH4_g2201i_ppm, CO2_g2201i_ppm, NH3_g2301_ppb, O3_2B_ppm, NO_G60_ppb, NO2_G60_ppb, NOx_G60_ppb, NO_N500_ppb, NO2_N500_ppb, NOx_N500_ppb, BC370_AE43_ng_m3, BC470_AE43_ng_m3, BC520_AE43_ng_m3, BC590_AE43_ng_m3, BC660_AE43_ng_m3, BC880_AE43_ng_m3, BC950_AE43_ng_m3, PM25, PM10, Valve
[from data line 1949]
1949.0, 40.78070167333333, -111.9409937935, 1289.564, 0.24, 16.3, -99999.0, -99999.0, 2.02851, 12593.5, -1.42729, 0.132543, -99999.0, 0.24830103055, 419.40040037, 1.995832556, 1.1123966441, -99999.0, -99999.0, -99999.0, -99999.0, -99999.0, -99999.0, 3.75, -0.53, 3.22, -0.486, 1.109, 0.621, 1397.0, 1052.0, 1253.0, 976.0, 640.0, 1185.0, 864.0, -99999.0, -99999.0, 0.0
1950.0, 40.780701648833336, -111.94099378450001, 1289.569, 0.12, 16.3, -99999.0, -99999.0, 2.03093, 12626.8, -1.53668, 0.137749, -99999.0, 0.248301132375, 419.40647396, 1.9956970658, 1.094474495, -99999.0, -99999.0, -99999.0, -99999.0, -99999.0, 57.0, 3.74, -0.53, 3.21, -0.486, 1.109, 0.621, 1473.0, 810.0, 1022.0, 908.0, 783.0, 832.0, 360.0, -99999.0, -99999.0, 0.0
1951.0, 40.78070161066666, -111.94099377983333, 1289.573, 0.1, 16.3, -99999.0, -99999.0, 2.03169, 12647.8, -1.3458, 0.126986, -99999.0, 0.2483012342, 419.42442382, 1.9956970658, 1.094474495, -40.683632584, -6.3949576057, 1.937757255413, 420.3830223699, -99999.0, -99999.0, 3.79, -0.52, 3.26, -0.486, 1.109, 0.621, 1690.0, 1233.0, 829.0, 783.0, 1376.0, 566.0, 874.0, -99999.0, -99999.0, 0.0
1952.0, 40.780701589833335, -111.94099379083333, 1289.591, 0.03, 16.3, -99999.0, -99999.0, 2.03128, 12646.0, -1.44927, 0.129355, -99999.0, 0.25369044499, 419.3826775, 1.9959176139500001, 1.09074676575, -40.683632584, -7.4171282756, 1.937757255413, 420.3289867565, -99999.0, 56.5, 3.81, -0.52, 3.29, -0.486, 1.109, 0.621, 1424.0, 1064.0, 739.0, 590.0, 598.0, 730.0, 440.0, -99999.0, -99999.0, 0.0
1953.0, 40.780701629, -111.94099381100001, 1289.585, 0.02, 16.3, -99999.0, -99999.0, 2.03073, 12615.4, -1.29521, -0.00580458, -99999.0, 0.25369083674, 419.37100756999996, 1.9961381621, 1.0870190365, -38.819766653, -7.4171282756, 1.939833342682, 420.3289867565, -99999.0, -99999.0, 3.73, -0.5, 3.24, -0.486, 1.109, 0.621, 1500.0, 1052.0, 1022.0, 783.0, 887.0, 894.0, 1356.0, -99999.0, -99999.0, 0.0
1954.0, 40.780701620833334, -111.94099380300001, 1289.59, 0.12, 16.4, -99999.0, -99999.0, 2.02963, 12585.2, -1.1546, -0.0575349, -99999.0, 0.25326390621, 419.40108396, 1.9961381621, 1.0870190365, -99999.0, -99999.0, -99999.0, -99999.0, -99999.0, 56.3, 3.72, -0.5, 3.22, -0.486, 1.109, 0.621, 1609.0, 1221.0, 1176.0, 1210.0, 594.0, 309.0, 185.0, -99999.0, -99999.0, 0.0
1955.0, 40.78070163833333, -111.94099377633331, 1289.592, 0.18, 16.4, -99999.0, -99999.0, 2.03293, 12554.4, -1.47185, -0.0769469, -99999.0, 0.25326461582500004, 419.41957912, 1.9960863002, 1.1000968051, -99999.0, -99999.0, -99999.0, -99999.0, -99999.0, -99999.0, 3.66, -0.49, 3.17, -0.486, 1.109, 0.621, 1500.0, 1028.0, 1079.0, 759.0, 937.0, 737.0, 562.0, -99999.0, -99999.0, 0.0
1956.0, 40.78070159033333, -111.94099377133334, 1289.604, 0.03, 16.4, -99999.0, -99999.0, 2.03229, 12532.4, -1.82379, -0.111041, -99999.0, 0.25326532544, 419.73227079, 1.9960863002, 1.1000968051, -38.819766653, -7.4171282756, 1.939833342682, 420.2272118917, -99999.0, 56.0, 3.61, -0.49, 3.13, -0.486, 1.109, 0.621, 1370.0, 955.0, 1015.0, 556.0, 937.0, 471.0, 689.0, -99999.0, -99999.0, 0.0
1957.0, 40.780701429, -111.94099365083333, 1289.644, 0.06, 16.4, -99999.0, -99999.0, 2.03048, 12544.0, -1.08446, -0.139781, -99999.0, 0.26512693602, 419.770845935, 1.99625809525, 1.10526953825, -38.819766653, -6.8253687948, 1.939833342682, 420.1281999263, -99999.0, -99999.0, 3.58, -0.49, 3.09, -0.486, 1.109, 0.621, 1663.0, 1137.0, 867.0, 674.0, 536.0, 910.0, 509.0, -99999.0, -99999.0, 0.0
1958.0, 40.780701187666665, -111.9409934925, 1289.704, 0.01, 16.4, -99999.0, -99999.0, 2.03234, 12563.8, -1.32905, -0.194985, -99999.0, 0.26512723707, 419.83360109, 1.9964298903, 1.1104422714, -99999.0, -99999.0, -99999.0, -99999.0, -99999.0, 57.4, 3.53, -0.5, 3.04, -0.486, 1.109, 0.621, 1527.0, 1040.0, 951.0, 800.0, 864.0, 700.0, 911.0, -99999.0, -99999.0, 0.0
1959.0, 40.78070102550001, -111.94099337016665, 1289.751, 0.17, 16.5, -99999.0, -99999.0, 2.03231, 12592.9, -1.2465, -0.287235, -99999.0, 0.26137803189, 419.8577811, 1.9964298903, 1.1104422714, -44.55929051, -6.8253687948, 1.944218965098, 420.1281999263, -99999.0, -99999.0, 3.47, -0.52, 2.95, -0.486, 1.109, 0.621, 1315.0, 1034.0, 758.0, 641.0, 628.0, 637.0, 212.0, -99999.0, -99999.0, 0.0
1960.0, 40.78070086733334, -111.94099325, 1289.791, 0.01, 16.5, -99999.0, -99999.0, 2.03315, 12616.9, -1.55919, -0.317824, -99999.0, 0.26137769021, 419.90665016, 1.9966363164, 1.1149277853, -99999.0, -99999.0, -99999.0, -99999.0, -99999.0, 58.3, 3.38, -0.48, 2.9, -0.486, 1.109, 0.621, 1555.0, 1131.0, 1208.0, 824.0, 999.0, 578.0, 927.0, -99999.0, -99999.0, 0.0
1961.0, 40.780700790500006, -111.94099323666666, 1289.803, 0.07, 16.5, -99999.0, -99999.0, 2.03019, 12644.9, -0.964544, -0.352225, -99999.0, 0.26137734853, 419.77127311, 1.9966363164, 1.1149277853, -44.55929051, -6.8253687948, 1.944218965098, 420.1281999263, -99999.0, -99999.0, 3.37, -0.49, 2.88, -0.486, 1.109, 0.621, 1691.0, 1270.0, 964.0, 685.0, 813.0, 882.0, 615.0, -99999.0, -99999.0, 0.0
1962.0, 40.780700718999995, -111.940993216, 1289.824, 0.15, 16.5, -99999.0, -99999.0, 2.0304, 12677.5, -1.06558, -0.354885, -99999.0, 0.24943260233, 419.769700545, 1.99671317945, 1.1122076945, -44.55929051, -7.36147388375, 1.944218965098, 420.82750645665, -99999.0, 54.6, 3.37, -0.5, 2.87, -0.486, 1.109, 0.621, 1234.0, 943.0, 842.0, 857.0, 995.0, 891.0, 800.0, -99999.0, -99999.0, 0.0
1963.0, 40.7807006755, -111.94099321916669, 1289.831, 0.18, 16.5, -99999.0, -99999.0, 2.03392, 12693.6, -1.35965, -0.303062, -99999.0, 0.24943279164, 419.772869125, 1.9967900425, 1.1094876037, -99999.0, -99999.0, -99999.0, -99999.0, -99999.0, -99999.0, 3.24, -0.51, 2.73, -0.395, 1.109, 0.715, 1180.0, 1499.0, 816.0, 844.0, 640.0, 416.0, 1261.0, -99999.0, -99999.0, 0.0
1964.0, 40.780700679333336, -111.940993248, 1289.831, 0.15, 16.5, -99999.0, -99999.0, 2.03111, 12701.5, -1.38135, -0.294418, -99999.0, 0.2629875299, 419.77761027, 1.9967900425, 1.1094876037, -45.609224909, -7.8975789727, 1.946677648044, 420.82499922389997, -99999.0, 52.9, 3.23, -0.5, 2.74, -0.395, 1.109, 0.715, 1636.0, 1318.0, 1015.0, 793.0, 763.0, 416.0, 228.0, -99999.0, -99999.0, 0.0
1965.0, 40.78070064333333, -111.9409932435, 1289.838, 0.12, 16.5, -99999.0, -99999.0, 2.0319, 12703.4, -1.28014, -0.298004, -99999.0, 0.262988098865, 419.77875629, 1.9976166931, 1.1152757448, -99999.0, -99999.0, -99999.0, -99999.0, -99999.0, -99999.0, 3.28, -0.52, 2.76, -0.395, 1.109, 0.715, 1288.0, 979.0, 816.0, 847.0, 929.0, 164.0, 731.0, -99999.0, -99999.0, 0.0
1966.0, 40.780700753666665, -111.94099333366667, 1289.814, 0.16, 16.6, -99999.0, -99999.0, 2.03194, 12706.1, -1.60664, -0.337596, -99999.0, 0.26298866783, 420.10871313, 1.9976166931, 1.1152757448, -45.609224909, -7.8975789727, 1.946677648044, 420.82499922389997, -99999.0, 56.8, 3.28, -0.53, 2.74, -0.395, 1.109, 0.715, 1506.0, 1385.0, 1311.0, 664.0, 821.0, 352.0, 678.0, -99999.0, -99999.0, 0.0
1967.0, 40.78070081516666, -111.94099338400001, 1289.802, 0.16, 16.6, -99999.0, -99999.0, 2.03397, 12710.6, -1.33312, -0.312171, -99999.0, 0.24536645944, 420.10871313, 1.9976166931, 1.1152757448, -45.609224909, -7.5271042362, 1.946677648044, 420.75804841260003, -99999.0, -99999.0, 3.3, -0.52, 2.79, -0.395, 1.109, 0.715, 1718.0, 961.0, 1285.0, 908.0, 999.0, 578.0, 821.0, -99999.0, -99999.0, 0.0
1968.0, 40.78070075066666, -111.94099335800001, 1289.815, 0.01, 16.6, -99999.0, -99999.0, 2.03579, 12712.6, -1.42639, -0.313239, -99999.0, 0.24537010076666665, 420.46783722333333, 1.9986116097, 1.118266903, -99999.0, -99999.0, -99999.0, -99999.0, -99999.0, 58.2, 3.3, -0.5, 2.8, -0.395, 1.109, 0.715, 1153.0, 1481.0, 996.0, 1030.0, 983.0, 1053.0, 678.0, -99999.0, -99999.0, 0.0
1969.0, 40.7807006965, -111.94099334799999, 1289.827, 0.17, 16.6, -99999.0, -99999.0, 2.03405, 12730.0, -1.45457, -0.308719, -99999.0, 0.26667529532, 421.12819495, 1.9986116097, 1.118266903, -37.141749466, -7.1566294997, 1.938328432209, 420.75978074980003, -99999.0, -99999.0, 3.28, -0.49, 2.79, -0.395, 1.109, 0.715, 1419.0, 1348.0, 1131.0, 844.0, 887.0, 728.0, 1076.0, -99999.0, -99999.0, 0.0
1970.0, 40.78070065633334, -111.94099333533335, 1289.839, 0.11, 16.6, -99999.0, -99999.0, 2.03356, 12740.0, -1.25997, -0.282375, -99999.0, 0.266674600805, 421.12124674, 1.9995087801, 1.1131735052, -99999.0, -99999.0, -99999.0, -99999.0, -99999.0, 56.8, 3.28, -0.48, 2.79, -0.395, 1.109, 0.715, 1772.0, 1227.0, 913.0, 603.0, 725.0, 655.0, 609.0, -99999.0, -99999.0, 0.0
1971.0, 40.78070056016666, -111.94099330166667, 1289.866, 0.15, 16.6, -99999.0, -99999.0, 2.03223, 12747.3, -1.13936, -0.219242, -99999.0, 0.26667390629, 420.83693179, 1.9995087801, 1.1131735052, -37.141749466, -7.1566294997, 1.938328432209, 420.75978074980003, -99999.0, -99999.0, 3.25, -0.48, 2.77, -0.395, 1.109, 0.715, 1957.0, 961.0, 771.0, 919.0, 706.0, 805.0, 795.0, -99999.0, -99999.0, 0.0
1972.0, 40.780700415333335, -111.940993222, 1289.895, 0.04, 16.5, -99999.0, -99999.0, 2.0364, 12753.1, -1.25454, -0.153653, -99999.0, 0.25960998861, 420.83693179, 1.9995087801, 1.1131735052, -37.141749466, -7.29522790265, 1.938328432209, 421.09389228495, -99999.0, 57.1, 3.23, -0.47, 2.76, -0.395, 1.109, 0.715, 1637.0, 1300.0, 1086.0, 739.0, 1122.0, 1094.0, 1166.0, -99999.0, -99999.0, 0.0
1973.0, 40.78070025099999, -111.94099315099999, 1289.924, 0.09, 16.5, -99999.0, -99999.0, 2.03373, 12752.7, -1.35416, -0.125821, -99999.0, 0.25960942449, 420.73988835666665, 1.9988690663, 1.1014404205, -99999.0, -99999.0, -99999.0, -99999.0, -99999.0, -99999.0, 3.23, -0.49, 2.75, -0.395, 1.109, 0.715, 1691.0, 1282.0, 900.0, 695.0, 817.0, 882.0, 742.0, -99999.0, -99999.0, 0.0
1974.0, 40.780700136, -111.94099306533332, 1289.95, 0.07, 16.5, -99999.0, -99999.0, 2.03219, 12738.4, -1.24288, -0.132439, -99999.0, 0.25392258901, 420.65693891, 1.9988690663, 1.1014404205, -39.2844335, -7.4338263056, 1.9375618226420002, 421.0932436842, -99999.0, 55.7, 3.22, -0.46, 2.76, -0.395, 1.109, 0.715, 1506.0, 1052.0, 790.0, 1241.0, 1238.0, 989.0, 694.0, -99999.0, -99999.0, 0.0
1975.0, 40.780699991333336, -111.9409929475, 1289.979, 0.05, 16.4, -99999.0, -99999.0, 2.033, 12705.1, -1.22222, -0.158328, -99999.0, 0.25392258901, 420.61168024, 1.9988127577, 1.0994590672, -99999.0, -99999.0, -99999.0, -99999.0, -99999.0, -99999.0, 3.26, -0.46, 2.8, -0.395, 1.109, 0.715, 1772.0, 1306.0, 1080.0, 383.0, 628.0, 785.0, 1049.0, -99999.0, -99999.0, 0.0
1976.0, 40.780699816833334, -111.94099283316667, 1290.019, 0.02, 16.4, -99999.0, -99999.0, 2.03418, 12681.0, -1.53883, -0.249577, -99999.0, 0.25392311429, 420.64579502000004, 1.9988127577, 1.0994590672, -39.2844335, -7.4338263056, 1.9375618226420002, 421.0932436842, -99999.0, 53.7, 3.24, -0.45, 2.79, -0.395, 1.109, 0.715, 1555.0, 1107.0, 784.0, 847.0, 486.0, 703.0, 705.0, -99999.0, -99999.0, 0.0
1977.0, 40.780699739333336, -111.94099275916666, 1290.04, 0.12, 16.3, -99999.0, -99999.0, 2.03312, 12674.0, -1.12232, -0.223437, -99999.0, 0.25923720786, 420.6799098, 1.9988127577, 1.0994590672, -39.2844335, -7.43532147205, 1.9375618226420002, 421.24147479495, -99999.0, -99999.0, 3.25, -0.44, 2.81, -0.395, 1.109, 0.715, 1691.0, 1016.0, 958.0, 986.0, 979.0, 657.0, 609.0, -99999.0, -99999.0, 0.0
1978.0, 40.780699622166665, -111.9409926785, 1290.065, 0.05, 16.3, -99999.0, -99999.0, 2.03306, 12665.4, -1.66405, -0.233086, -99999.0, 0.25923711225, 420.63046298, 1.9979976347, 1.0864610627, -99999.0, -99999.0, -99999.0, -99999.0, -99999.0, 55.2, 3.26, -0.44, 2.82, -0.395, 1.109, 0.715, 1153.0, 1040.0, 829.0, 820.0, 918.0, 514.0, 821.0, -99999.0, -99999.0, 0.0
1979.0, 40.78069952416667, -111.9409926245, 1290.099, 0.07, 16.2, -99999.0, -99999.0, 2.03091, 12644.5, -1.20717, -0.31092, -99999.0, 0.25923701664, 420.60431642, 1.9979976347, 1.0864610627, -43.974973573, -7.4368166385, 1.9496566648959999, 421.2414677955, -99999.0, -99999.0, 3.3, -0.44, 2.86, -0.395, 1.109, 0.715, 1452.0, 762.0, 1279.0, 739.0, 995.0, 628.0, 715.0, -99999.0, -99999.0, 0.0
1980.0, 40.78069942916667, -111.94099252716666, 1290.123, 0.14, 16.2, -99999.0, -99999.0, -99999.0, -99999.0, -99999.0, -99999.0, -99999.0, 0.25313253405, 420.55080807, 1.99782880985, 1.0767434312000002, -99999.0, -99999.0, -99999.0, -99999.0, -99999.0, 57.6, 3.3, -0.44, 2.86, -0.395, 1.109, 0.715, 1425.0, 1403.0, 971.0, 739.0, 686.0, 821.0, 641.0, -99999.0, -99999.0, 0.0
1981.0, 40.78069932283333, -111.94099244683333, 1290.153, 0.16, 16.1, -99999.0, -99999.0, 2.03301, 12584.8, -1.05446, -0.334143, -99999.0, 0.25313183254, 420.40949932, 1.997659985, 1.0670257997, -43.974973573, -7.4368166385, 1.9496566648959999, 421.2414677955, -99999.0, -99999.0, 3.27, -0.43, 2.84, -0.395, 1.109, 0.715, 1365.0, 968.0, 771.0, 566.0, 925.0, 830.0, 816.0, -99999.0, -99999.0, 0.0
1982.0, 40.78069919516667, -111.94099237616668, 1290.188, 0.1, 16.1, -99999.0, -99999.0, 2.0334, 12489.3, -1.27179, -0.347616, -99999.0, 0.24592045467, 420.32169892, 1.997659985, 1.0670257997, -43.974973573, -6.93224225055, 1.9496566648959999, 421.40069783750005, -99999.0, 59.4, 3.32, -0.44, 2.88, -0.395, 1.109, 0.715, 1479.0, 1046.0, 1118.0, 685.0, 324.0, 637.0, 721.0, -99999.0, -99999.0, 0.0
1983.0, 40.7806990515, -111.94099230383333, 1290.228, 0.03, 16.1, -99999.0, -99999.0, -99999.0, -99999.0, -99999.0, -99999.0, -99999.0, 0.2459206438, 420.28442426, 1.9969208153, 1.0751510056, -99999.0, -99999.0, -99999.0, -99999.0, -99999.0, -99999.0, 3.34, -0.44, 2.9, -0.395, 1.109, 0.715, 1207.0, 1197.0, 964.0, 976.0, 1060.0, 146.0, 493.0, -99999.0, -99999.0, 0.0
1984.0, 40.78069893899999, -111.940992219, 1290.266, 0.04, 16.1, -99999.0, -99999.0, 2.03165, 12421.1, -1.16088, -0.30155, -99999.0, 0.24592083293, 420.36553871, 1.9969208153, 1.0751510056, -36.898496079, -6.4276678626, 1.940566356533, 421.4030608117, -99999.0, 59.7, 3.38, -0.46, 2.92, -0.395, 1.109, 0.715, 1506.0, 810.0, 1337.0, 814.0, 1164.0, 596.0, 795.0, -99999.0, -99999.0, 0.0
1985.0, 40.780698862833326, -111.940992181, 1290.283, 0.04, 16.1, -99999.0, -99999.0, 2.03402, 12411.2, -1.21756, -0.363685, -99999.0, 0.27929031707, 420.38308129, 1.9970735754, 1.0764077216999999, -99999.0, -99999.0, -99999.0, -99999.0, -99999.0, -99999.0, 3.38, -0.47, 2.91, -0.395, 1.109, 0.715, 1501.0, 1300.0, 1176.0, 875.0, 1303.0, 614.0, 657.0, -99999.0, -99999.0, 0.0
1986.0, 40.78069885916667, -111.94099218916666, 1290.298, 0.2, 16.1, -99999.0, -99999.0, -99999.0, -99999.0, -99999.0, -99999.0, -99999.0, 0.27928993289, 420.39930796, 1.9972263355, 1.0776644378, -36.898496079, -6.4276678626, 1.940566356533, 421.4030608117, -99999.0, 56.4, 3.38, -0.46, 2.92, -0.398, 1.109, 0.715, 1555.0, 1016.0, 1067.0, 858.0, 1053.0, 1048.0, 779.0, -99999.0, -99999.0, 0.0
1987.0, 40.7806987735, -111.94099216033334, 1290.332, 0.21, 16.1, -99999.0, -99999.0, 2.03352, 12414.1, -1.22971, -0.27931, -99999.0, 0.28644418161, 420.39799205, 1.9972263355, 1.0776644378, -36.898496079, -7.4226539895, 1.940566356533, 423.8526406841, -99999.0, -99999.0, 3.42, -0.48, 2.94, -0.398, 1.109, 0.715, 1691.0, 1566.0, 1009.0, 1061.0, 401.0, 489.0, 843.0, -99999.0, -99999.0, 0.0
1988.0, 40.780698784500004, -111.94099215383334, 1290.341, 0.11, 16.1, -99999.0, -99999.0, 2.03061, 12418.5, -1.33449, -0.256479, -99999.0, 0.286444098605, 420.43076573, 1.9969577033, 1.0850890293, -99999.0, -99999.0, -99999.0, -99999.0, -99999.0, 52.4, 3.47, -0.46, 3.01, -0.398, 1.109, 0.715, 1697.0, 1288.0, 996.0, 1027.0, 1060.0, 1283.0, 699.0, -99999.0, -99999.0, 0.0
1989.0, 40.78069883233334, -111.94099215983333, 1290.347, 0.11, 16.1, -99999.0, -99999.0, -99999.0, -99999.0, -99999.0, -99999.0, -99999.0, 0.2864440156, 420.39585741, 1.9969577033, 1.0850890293, -46.828905969, -8.4176401164, 1.955804143441, 423.847953923, -99999.0, -99999.0, 3.46, -0.48, 2.98, -0.398, 1.109, 0.715, 1419.0, 1016.0, 1138.0, 814.0, 937.0, 594.0, 901.0, -99999.0, -99999.0, 0.0
