arc_raw/USOS-ARL-Suite_ARC_20240723_RA.ict
71,1001
Xinrong Ren
NOAA Air Resources Lab
ARC-Suite
USOS: Utah Summer Ozone Study
1,1
2024,07,23,2024,07,23
1
StartTime_seconds, seconds, Start time in UTC seconds since midnight
38
1,1,1,1,1,1,1,1,1,1,1,1,1,1,1,1,1,1,1,1,1,1,1,1,1,1,1,1,1,1,1,1,1,1,1,1,1,1
-99999,-99999,-99999,-99999,-99999,-99999,-99999,-99999,-99999,-99999,-99999,-99999,-99999,-99999,-99999,-99999,-99999,-99999,-99999,-99999,-99999,-99999,-99999,-99999,-99999,-99999,-99999,-99999,-99999,-99999,-99999,-99999,-99999,-99999,-99999,-99999,-99999,-99999
lat_DGPS_deg, degrees, Latitude in decimal by Hemisphere VS1100 Differential GPS
lon_DGPS_deg, degrees, Longitude in decimal by Hemisphere VS1100 Differential GPS
alt_msl_m, meters, GPS Altitude MSL
speed_km_h, km/s, vehicle speed
RH, percent, relative humidity
true_WS_m_s, m/s, wind speed by 2D sonic sensor
true_WD_deg, degree, wind direction by 2D sonic sensor
CH4_aeris313_ppm, ppm, CH4 mixing ratio by Aeris
H2O_aeris313_ppm, ppm, H2O mixing ratio by Aeris
C2H6_aeris313_ppb, ppb, C2H6 mixing ratio by Aeris
r_aeris313, 1, relavence between CH4 and C2H6 by Aeris
C2C1_aeris313, 1, C2H6 to CH4 ratio by Aeris
CO_g2401m_ppm, ppm, CO mixing ratio by Picarro G2401m
CO2_g2401m_ppm, ppm, CO2 mixing ratio by Picarro G2401m
CH4_g2401m_ppm, ppm, CH4 mixing ratio by Picarro G2401m
H2O_g2401m, ppm, H2O mixing ratio by Picarro G2401m
delta13C_CH4_raw, permill, delta 13C of CH4 by Picarro G2201i
delta13C_CO2_raw, permill, delta 13C of CO2 by Picarro G2201i
CH4_g2201i_ppm, ppm, CH4 mixing ratio by Picarro G2201i
CO2_g2201i_ppm, ppm, CO2 mixing ratio by Picarro G2201i
NH3_g2301_ppb, ppb, NH3 mixing ratio by Picarro G2301
O3_2B_ppm, ppm, O3 mixing ratio by 2B
NO_G60_ppb, ppb, NO mixing ratio by G60
NO2_G60_ppb, ppb, NO2 mixing ratio by G60
NOx_G60_ppb, ppb, NOx mixing ratio by G60
NO_N500_ppb, ppb, NO mixing ratio by N500
NO2_N500_ppb, ppb, NO2 mixing ratio by N500
NOx_N500_ppb, ppb, NOx mixing ratio by N500
BC370_AE43_ng_m3, ng/m3, Black Carbon at 370 nm by AE43
BC470_AE43_ng_m3, ng/m3, Black Carbon at 470 nm by AE43
BC520_AE43_ng_m3, ng/m3, Black Carbon at 520 nm by AE43
BC590_AE43_ng_m3, ng/m3, Black Carbon at 590 nm by AE43
BC660_AE43_ng_m3, ng/m3, Black Carbon at 660 nm by AE43
BC880_AE43_ng_m3, ng/m3, Black Carbon at 880 nm by AE43
BC950_AE43_ng_m3, ng/m3, Black Carbon at 950 nm by AE43
PM25, ug/m3, PM2.5 by particle sensor
PM10, ug/m3, PM10 by particle sensor
Valve, boolian, indicator of valve conditions;0 is measurement; 10 is zeroing; 11 is spanning
1
SPECIAL COMMENTS, N/A
18
PI_CONTACT_INFO: xinrong.ren@noaa.gov, 301-683-1391, NOAA/ARL, 5830 University Research Court, College Park, MD 20740
PLATFORM: NOAA Air Resources Car
LOCATION: Salt Lake City
ASSOCIATED_DATA: N/A
INSTRUMENT_INFO: Hemisphere VS1100 differential GPS (Latitude, Longitude, GPS Altitude, speed), meteorological sensor (RH, WS, WD), 2B (O3), G60 CRDS (NO-NOx), Teledyne N500 (NO-NOx), Picarro G2401-m (CO2, CH4, CO, H2O), Picarro G2201i (CO2, CH4, d13C_CO2, d13C_CH4, H2O), Picarro 2301 (NH3), Aeris Ultra MIRA (CH4, C2H6, H2O, r, C2/C1), AE43 (Black Carbon), Partical sensor (PM2.5, PM10)
DATA_INFO: Records are reported at 1-second intervals. Hemisphere VS1100 differential GPS has 1-second ntervals. 2B O3 values are reported 2-second averages. G60 Cavity Rong Down NO-NO2-NO2 has 1-second average. Teledyne CAPS NO2 analyzer has 10-second time resolution. Picarro 2401m (CO2, CH4, CO, H2O) data has 2.5-second time resolution. Picarro 2201i (isotope) has ~5 second time resolution. Aeris Ultra MIRA has 1-second integration time. AE43 data are 10-second moving averages. Partical sensor has 10-second time resolution.
UNCERTAINTY: -99999, -99999, -99999, 15 m, -99999, -99999, -99999, -99999, 1 ppb, 100 ppm, 0.2 ppb, -99999, -99999, 5 ppb, 0.1 ppm, 1 ppb, 100 ppm, -99999, -99999, -99999, -99999, 2 ppb, 0.3 ppb, -99999, -99999, -99999, 0.05 ppb, 0.05 ppb, 0.05 ppb, 10 ng/m3, 10 ng/m3, 10 ng/m3, 10 ng/m3, 10 ng/m3, 10 ng/m3, 10 ng/m3, 10 ng/m3, 0
ULOD_FLAG: -77777
ULOD_VALUE: N/A
LLOD_FLAG: -88888
LLOD_VALUE: N/A
DM_CONTACT_INFO: Jiayang Sun; University of Maryland; jiayangs@umd.edu
PROJECT_INFO: USOS July - Aug 2024 https://deq.utah.gov/air-quality/utah-summer-ozone-study-usos
STIPULATIONS_ON_USE: Use of these data requires prior ok from PI.
OTHER_COMMENTS: N/A
REVISION: RA
RA: Preliminary Data for in-field use only.
StartTime_seconds, lat_DGPS_deg, lon_DGPS_deg, alt_msl_m, speed_km_h, RH, true_WS_m_s, true_WD_deg, CH4_aeris313_ppm, H2O_aeris313_ppm, C2H6_aeris313_ppb, r_aeris313, C2C1_aeris313, CO_g2401m_ppm, CO2_g2401m_ppm, CH4_g2401m_ppm, H2O_g2401m, delta13C_CH4_raw, delta13C_CO2_raw, CH4_g2201i_ppm, CO2_g2201i_ppm, NH3_g2301_ppb, O3_2B_ppm, NO_G60_ppb, NO2_G60_ppb, NOx_G60_ppb, NO_N500_ppb, NO2_N500_ppb, NOx_N500_ppb, BC370_AE43_ng_m3, BC470_AE43_ng_m3, BC520_AE43_ng_m3, BC590_AE43_ng_m3, BC660_AE43_ng_m3, BC880_AE43_ng_m3, BC950_AE43_ng_m3, PM25, PM10, Valve
[from data line 3995]
3995.0, 40.780689342833334, -111.94099454200001, 1286.792, 0.13, 15.3, -99999.0, -99999.0, 2.01859, 12367.7, 18.2779, 0.17089, -99999.0, -99999.0, -99999.0, -99999.0, -99999.0, -99999.0, -99999.0, -99999.0, -99999.0, -99999.0, -99999.0, 30.32, 3.95, 34.27, -1.18, 1.734, 0.551, 910.0, 676.0, 313.0, 356.0, 478.0, 434.0, 666.0, 5.95, 5.95, 0.0
3996.0, 40.78068931833334, -111.94099448683333, 1286.793, 0.07, 15.2, -99999.0, -99999.0, 2.01998, 12367.8, 18.2814, 0.203737, -99999.0, -99999.0, -99999.0, -99999.0, -99999.0, -50.403735222, -6.4869082377, 1.962652398258, 422.8872178328, -99999.0, 53.6, 31.51, 4.49, 36.0, -1.18, 1.734, 0.551, 488.0, 573.0, 938.0, 464.0, 438.0, 593.0, 928.0, 5.65, 5.65, 0.0
3997.0, 40.78068930316667, -111.94099440200002, 1286.794, 0.17, 15.2, -99999.0, -99999.0, 2.01938, 12364.3, 18.3407, 0.214399, -99999.0, -99999.0, -99999.0, -99999.0, -99999.0, -50.403735222, -6.4869082377, 1.962652398258, 422.8872178328, -99999.0, -99999.0, 31.51, 4.49, 36.0, -1.18, 1.734, 0.551, 835.0, 522.0, 793.0, 473.0, 255.0, 589.0, 508.0, 6.03, 6.03, 0.0
3998.0, 40.78068929983333, -111.9409942985, 1286.789, 0.08, 15.2, -99999.0, -99999.0, 2.01988, 12374.3, 18.5927, 0.246172, -99999.0, -99999.0, -99999.0, -99999.0, -99999.0, -50.403735222, -6.48858434105, 1.962652398258, 422.75396522785, -99999.0, 57.7, 32.58, 4.97, 37.55, -1.18, 1.734, 0.551, 629.0, 903.0, 547.0, 237.0, 320.0, 660.0, 856.0, 6.37, 6.37, 0.0
3999.0, 40.780689233333334, -111.94099419866667, 1286.79, 0.08, 15.2, -99999.0, -99999.0, 2.02375, 12407.1, 18.4908, 0.287982, -99999.0, -99999.0, -99999.0, -99999.0, -99999.0, -99999.0, -99999.0, -99999.0, -99999.0, -99999.0, -99999.0, 33.55, 5.42, 38.97, -1.18, 1.734, 0.551, 769.0, 551.0, 517.0, 580.0, -47.0, 735.0, 666.0, 5.84, 8.83, 0.0
4000.0, 40.7806892, -111.94099410016666, 1286.79, 0.06, 15.2, -99999.0, -99999.0, 2.02359, 12437.5, 18.3746, 0.269857, -99999.0, -99999.0, -99999.0, -99999.0, -99999.0, -53.199056959, -6.4902604444, 1.95846435626, 422.7539573533, -99999.0, 58.0, 35.02, 6.44, 41.46, -1.18, 1.734, 0.551, 769.0, 653.0, 523.0, 435.0, 438.0, -146.0, 379.0, 5.67, 7.58, 0.0
4001.0, 40.780689189, -111.94099399266666, 1286.79, 0.06, 15.3, -99999.0, -99999.0, 2.02266, 12451.6, 18.3176, 0.242844, -99999.0, -99999.0, -99999.0, -99999.0, -99999.0, -53.199056959, -6.4902604444, 1.95846435626, 422.7539573533, -99999.0, -99999.0, 35.02, 6.44, 41.46, -1.18, 1.734, 0.551, 629.0, 448.0, 192.0, 445.0, 345.0, 505.0, 97.0, 5.35, 5.35, 0.0
4002.0, 40.78068914083334, -111.9409938915, 1286.793, 0.05, 15.3, -99999.0, -99999.0, 2.02448, 12449.1, 18.4382, 0.260409, -99999.0, -99999.0, -99999.0, -99999.0, -99999.0, -53.199056959, -6.2098077629, 1.95846435626, 422.28881129924997, -99999.0, 57.2, 38.05, 7.78, 45.83, -1.18, 1.734, 0.551, 563.0, 460.0, 1232.0, 464.0, 801.0, 217.0, 682.0, 5.23, 6.69, 0.0
4003.0, 40.7806891435, -111.9409938335, 1286.787, 0.07, 15.3, -99999.0, -99999.0, 2.02157, 12459.5, 18.2765, 0.205307, -99999.0, -99999.0, -99999.0, -99999.0, -99999.0, -99999.0, -99999.0, -99999.0, -99999.0, -99999.0, -99999.0, 38.05, 7.78, 45.83, -1.18, 1.734, 0.551, 422.0, 676.0, 487.0, 909.0, 463.0, 443.0, 456.0, 5.21, 9.38, 0.0
4004.0, 40.78068913833333, -111.94099375966668, 1286.783, 0.16, 15.3, -99999.0, -99999.0, 2.02169, 12486.3, 18.2615, 0.186153, -99999.0, -99999.0, -99999.0, -99999.0, -99999.0, -51.659075638, -5.9293550814, 1.96008080886, 422.29012744569997, -99999.0, 56.8, 38.65, 8.12, 46.77, -1.18, 1.734, 0.551, 488.0, 483.0, 703.0, 341.0, 435.0, 438.0, 174.0, 5.57, 5.57, 0.0
4005.0, 40.78068912500001, -111.940993668, 1286.783, 0.15, 15.3, -99999.0, -99999.0, 2.02019, 12511.8, 18.1493, 0.24718, -99999.0, -99999.0, -99999.0, -99999.0, -99999.0, -51.659075638, -5.9293550814, 1.96008080886, 422.29012744569997, -99999.0, -99999.0, 39.1, 8.43, 47.53, 20.5, 2.25, 22.75, 488.0, 386.0, 126.0, 344.0, 783.0, 367.0, 384.0, 5.61, 5.61, 0.0
4006.0, 40.78068915433333, -111.940993586, 1286.774, 0.23, 15.3, -99999.0, -99999.0, 2.02336, 12548.3, 18.3814, 0.259145, -99999.0, -99999.0, -99999.0, -99999.0, -99999.0, -51.659075638, -6.0983325037, 1.96008080886, 422.08162605174994, -99999.0, 55.0, 39.47, 8.7, 48.17, 20.5, 2.25, 22.75, 629.0, 375.0, 607.0, 552.0, 323.0, 151.0, 179.0, 5.43, 6.01, 0.0
4007.0, 40.780689169666665, -111.940993496, 1286.771, 0.13, 15.3, -99999.0, -99999.0, 2.02001, 12589.9, 18.2648, 0.257372, -99999.0, -99999.0, -99999.0, -99999.0, -99999.0, -99999.0, -99999.0, -99999.0, -99999.0, -99999.0, -99999.0, 39.77, 8.96, 48.73, 20.5, 2.25, 22.75, 488.0, 744.0, 499.0, 237.0, 618.0, 660.0, 554.0, 5.58, 6.53, 0.0
4008.0, 40.78068916433333, -111.94099341199998, 1286.763, 0.1, 15.3, -99999.0, -99999.0, 2.02094, 12572.1, 18.2357, 0.254379, -99999.0, -99999.0, -99999.0, -99999.0, -99999.0, -49.181149771, -6.267309926, 1.952217705322, 422.08083344159996, -99999.0, 55.4, 40.03, 9.22, 49.25, 20.5, 2.25, 22.75, 206.0, 494.0, 1022.0, 804.0, 528.0, 881.0, 415.0, 5.78, 5.78, 0.0
4009.0, 40.780689164500004, -111.94099333833334, 1286.759, 0.02, 15.3, -99999.0, -99999.0, 2.01934, 12518.3, 18.1588, 0.256165, -99999.0, -99999.0, -99999.0, -99999.0, -99999.0, -49.181149771, -6.267309926, 1.952217705322, 422.547462063, -99999.0, -99999.0, 40.39, 9.43, 49.82, 20.5, 2.25, 22.75, 488.0, 329.0, 625.0, 448.0, 754.0, 84.0, 467.0, 5.44, 5.44, 0.0
4010.0, 40.780689170500004, -111.94099327466665, 1286.752, 0.07, 15.3, -99999.0, -99999.0, 2.02267, 12472.3, 18.0079, 0.175219, -99999.0, -99999.0, -99999.0, -99999.0, -99999.0, -49.181149771, -7.4766208101, 1.952217705322, 423.0084057152, -99999.0, 60.2, 40.71, 9.58, 50.29, 20.5, 2.25, 22.75, 563.0, 443.0, 186.0, 224.0, 485.0, 584.0, -369.0, 5.51, 6.09, 0.0
4011.0, 40.7806891715, -111.9409932205, 1286.747, 0.21, 15.4, -99999.0, -99999.0, 2.02229, 12423.2, 18.4907, 0.238975, -99999.0, -99999.0, -99999.0, -99999.0, -99999.0, -52.794104598, -7.4766208101, 1.9563224161450001, 423.0084057152, -99999.0, -99999.0, 40.96, 9.68, 50.64, 20.5, 2.25, 22.75, 844.0, 534.0, 781.0, 369.0, 438.0, -99999.0, 672.0, 5.29, 5.29, 0.0
4012.0, 40.78068920166667, -111.94099315816666, 1286.736, 0.05, 15.4, -99999.0, -99999.0, 2.02193, 12403.8, 18.0601, 0.198284, -99999.0, -99999.0, -99999.0, -99999.0, -99999.0, -99999.0, -99999.0, -99999.0, -99999.0, -99999.0, 64.8, 41.06, 9.79, 50.85, 16.75, 6.75, 23.5, 694.0, 551.0, 385.0, 356.0, 183.0, 443.0, 297.0, 5.59, 5.59, 0.0
4013.0, 40.78068917466666, -111.9409930925, 1286.735, 0.12, 15.4, -99999.0, -99999.0, 2.02133, 12418.1, 18.2471, 0.181755, -99999.0, -99999.0, -99999.0, -99999.0, -99999.0, -52.794104598, -7.4766208101, 1.9563224161450001, 423.37782089455004, -99999.0, -99999.0, 41.18, 9.89, 51.07, 16.75, 6.75, 23.5, 704.0, 693.0, 691.0, 609.0, 345.0, 372.0, 241.0, 5.88, 16.45, 0.0
4014.0, 40.78068914316667, -111.940993027, 1286.734, 0.04, 15.4, -99999.0, -99999.0, 2.02058, 12489.0, 18.1718, 0.135937, -99999.0, -99999.0, -99999.0, -99999.0, -99999.0, -52.794104598, -7.2836467778, 1.9563224161450001, 423.7481448291, -99999.0, 65.3, 41.27, 9.98, 51.25, 16.75, 6.75, 23.5, 347.0, 761.0, 270.0, 356.0, 808.0, 509.0, 205.0, 5.77, 5.77, 0.0
4015.0, 40.78068909666667, -111.94099298533335, 1286.729, 0.19, 15.4, -99999.0, -99999.0, 2.01793, 12558.8, 18.4036, 0.101922, -99999.0, -99999.0, -99999.0, -99999.0, -99999.0, -45.551419409, -7.2836467778, 1.950589173783, 423.7481448291, -99999.0, -99999.0, 41.41, 10.08, 51.49, 16.75, 6.75, 23.5, 629.0, 511.0, 811.0, 593.0, 302.0, 292.0, 979.0, 5.89, 7.93, 0.0
4016.0, 40.7806890835, -111.94099299850001, 1286.724, 0.11, 15.4, -99999.0, -99999.0, 2.02074, 12576.6, 18.1433, 0.0686349, -99999.0, -99999.0, -99999.0, -99999.0, -99999.0, -99999.0, -99999.0, -99999.0, -99999.0, -99999.0, 63.5, 41.52, 10.15, 51.68, 16.75, 6.75, 23.5, 1051.0, 659.0, 451.0, 356.0, 510.0, 359.0, 108.0, 5.93, 6.51, 0.0
4017.0, 40.78068905316666, -111.94099299216666, 1286.721, 0.16, 15.4, -99999.0, -99999.0, 2.02093, 12557.5, 18.2372, 0.108752, -99999.0, -99999.0, -99999.0, -99999.0, -99999.0, -45.551419409, -7.2836467778, 1.950589173783, 424.23200609360003, -99999.0, -99999.0, 41.62, 10.19, 51.81, 16.75, 6.75, 23.5, 563.0, 619.0, 649.0, 41.0, 413.0, 589.0, 1318.0, 5.64, 10.91, 0.0
4018.0, 40.780689023, -111.94099298633334, 1286.714, 0.02, 15.4, -99999.0, -99999.0, 2.01959, 12520.7, 17.9989, 0.144638, -99999.0, -99999.0, -99999.0, -99999.0, -99999.0, -45.551419409, -6.5986395403, 1.950589173783, 424.7191005678, -99999.0, 61.7, 41.55, 10.26, 51.81, 16.75, 6.75, 23.5, 835.0, 818.0, 445.0, 685.0, 230.0, 297.0, 718.0, 5.75, 7.28, 0.0
4019.0, 40.78068900933333, -111.94099298666667, 1286.706, 0.05, 15.4, -99999.0, -99999.0, 2.0211, 12492.7, 18.0893, 0.138909, -99999.0, -99999.0, -99999.0, -99999.0, -99999.0, -44.343858436, -6.5986395403, 1.9495041166759999, 424.7191005678, -99999.0, -99999.0, 41.46, 10.29, 51.75, 0.346, 6.75, 7.125, 281.0, 477.0, 643.0, 448.0, 506.0, 886.0, 205.0, 5.75, 6.9, 0.0
4020.0, 40.78068899316667, -111.94099297883334, 1286.701, 0.02, 15.4, -99999.0, -99999.0, 2.02108, 12494.1, 18.0283, 0.0506165, -99999.0, -99999.0, -99999.0, -99999.0, -99999.0, -99999.0, -99999.0, -99999.0, -99999.0, -99999.0, 62.8, 41.37, 10.25, 51.61, 0.346, 6.75, 7.125, 554.0, 602.0, 787.0, 461.0, 485.0, 434.0, 205.0, 6.37, 6.37, 0.0
4021.0, 40.78068895233334, -111.94099293216665, 1286.696, 0.04, 15.5, -99999.0, -99999.0, 2.02316, 12487.0, 18.2969, 0.0984057, -99999.0, -99999.0, -99999.0, -99999.0, -99999.0, -44.343858436, -6.5986395403, 1.9495041166759999, 424.87299213675, -99999.0, -99999.0, 41.07, 10.16, 51.23, 0.346, 6.75, 7.125, 704.0, 420.0, 535.0, 461.0, 413.0, 505.0, 733.0, 5.26, 7.67, 0.0
4022.0, 40.78068889633334, -111.94099287416665, 1286.697, 0.1, 15.5, -99999.0, -99999.0, 2.01946, 12438.4, 17.917, 0.161418, -99999.0, -99999.0, -99999.0, -99999.0, -99999.0, -44.343858436, -6.3753829012, 1.9495041166759999, 425.0279382327, -99999.0, 64.5, 40.86, 10.03, 50.89, 0.346, 6.75, 7.125, 563.0, 454.0, 595.0, 505.0, 388.0, 142.0, 323.0, 5.57, 6.52, 0.0
4023.0, 40.78068886383333, -111.94099284316665, 1286.697, 0.21, 15.5, -99999.0, -99999.0, 2.01908, 12403.5, 18.192, 0.274163, -99999.0, -99999.0, -99999.0, -99999.0, -99999.0, -49.051931673, -6.3753829012, 1.9461514040499999, 425.0279382327, -99999.0, -99999.0, 40.61, 9.78, 50.39, 0.346, 6.75, 7.125, 694.0, 579.0, 271.0, 448.0, 578.0, 363.0, 379.0, 5.74, 5.74, 0.0
4024.0, 40.780688804499995, -111.94099281283334, 1286.699, 0.04, 15.5, -99999.0, -99999.0, 2.0202, 12393.7, 18.4907, 0.234333, -99999.0, -99999.0, -99999.0, -99999.0, -99999.0, -99999.0, -99999.0, -99999.0, -99999.0, -99999.0, 62.2, 40.0, 9.35, 49.35, 0.346, 6.75, 7.125, 563.0, 783.0, 307.0, 577.0, 528.0, 514.0, 205.0, 5.95, 5.95, 0.0
4025.0, 40.780688767833325, -111.94099277933334, 1286.699, 0.09, 15.5, -99999.0, -99999.0, -99999.0, -99999.0, -99999.0, -99999.0, -99999.0, -99999.0, -99999.0, -99999.0, -99999.0, -49.051931673, -6.3753829012, 1.9461514040499999, 425.6535272578, -99999.0, -99999.0, 38.99, 8.94, 47.93, 0.346, 6.75, 7.125, 629.0, 710.0, 505.0, 240.0, 370.0, 297.0, 410.0, 5.9, 5.9, 0.0
4026.0, 40.7806887495, -111.94099273266666, 1286.701, 0.03, 15.5, -99999.0, -99999.0, 2.02018, 12417.2, 18.1951, 0.267675, -99999.0, -99999.0, -99999.0, -99999.0, -99999.0, -49.051931673, -5.8845182179, 1.9461514040499999, 426.28144165090004, -99999.0, 61.1, 37.86, 8.54, 46.41, 0.346, 6.75, 7.125, 629.0, 653.0, 848.0, 237.0, 593.0, 221.0, 1102.0, 5.68, 5.68, 0.0
4027.0, 40.78068871016667, -111.94099266650001, 1286.706, 0.12, 15.5, -99999.0, -99999.0, 2.01754, 12417.5, 18.1613, 0.308739, -99999.0, -99999.0, -99999.0, -99999.0, -99999.0, -48.782167852, -5.8845182179, 1.94790440751, 426.28144165090004, -99999.0, -99999.0, 36.8, 8.23, 45.03, 0.346, 6.75, 7.125, 488.0, 477.0, 295.0, 28.0, 901.0, 213.0, 528.0, 5.44, 6.39, 0.0
4028.0, 40.780688698000006, -111.94099259566669, 1286.705, 0.1, 15.6, -99999.0, -99999.0, 2.01648, 12412.3, 17.9541, 0.478335, -99999.0, -99999.0, -99999.0, -99999.0, -99999.0, -99999.0, -99999.0, -99999.0, -99999.0, -99999.0, 64.1, 35.89, 7.96, 43.85, 0.346, 6.75, 7.125, 910.0, 375.0, 96.0, 565.0, 503.0, 886.0, 467.0, 6.18, 6.18, 0.0
4029.0, 40.78068867583333, -111.94099252683333, 1286.709, 0.07, 15.6, -99999.0, -99999.0, 2.01938, 12389.2, 17.902, 0.445856, -99999.0, -99999.0, -99999.0, -99999.0, -99999.0, -48.782167852, -5.8845182179, 1.94790440751, 426.62460499795, -99999.0, -99999.0, 35.21, 7.65, 42.86, 0.346, 6.75, 7.125, 563.0, 761.0, 174.0, 568.0, 341.0, 80.0, 584.0, 5.88, 6.46, 0.0
4030.0, 40.7806886825, -111.94099248266666, 1286.711, 0.05, 15.6, -99999.0, -99999.0, 2.01913, 12356.3, 18.3075, 0.383661, -99999.0, -99999.0, -99999.0, -99999.0, -99999.0, -48.782167852, -5.7032723636, 1.94790440751, 426.9686283414, -99999.0, 67.6, 34.66, 7.17, 41.83, 0.346, 6.75, 7.125, 629.0, 522.0, 661.0, -28.0, 388.0, 1041.0, 405.0, 6.49, 6.49, 0.0
4031.0, 40.780688678833336, -111.940992382, 1286.71, 0.08, 15.6, -99999.0, -99999.0, 2.01929, 12315.4, 18.1575, 0.367705, -99999.0, -99999.0, -99999.0, -99999.0, -99999.0, -45.886585237, -5.7032723636, 1.934946813885, 426.9686283414, -99999.0, -99999.0, 33.67, 6.7, 40.37, 1.5, 5.375, 6.875, 769.0, 727.0, 547.0, 461.0, 388.0, 367.0, 431.0, 5.66, 11.62, 0.0
4032.0, 40.78068864099999, -111.94099227466668, 1286.712, 0.04, 15.5, -99999.0, -99999.0, 2.01999, 12284.4, 18.1464, 0.268468, -99999.0, -99999.0, -99999.0, -99999.0, -99999.0, -45.886585237, -5.7032723636, 1.934946813885, 426.9686283414, -99999.0, 69.5, 32.69, 6.34, 39.03, 1.5, 5.375, 6.875, 488.0, 608.0, 523.0, 211.0, 226.0, 673.0, 528.0, 6.42, 6.42, 0.0
4033.0, 40.78068859733333, -111.94099214883333, 1286.719, 0.04, 15.5, -99999.0, -99999.0, 2.01969, 12270.6, 18.3843, 0.237105, -99999.0, -99999.0, -99999.0, -99999.0, -99999.0, -45.886585237, -5.7032723636, 1.934946813885, 427.0116779345, -99999.0, -99999.0, 31.95, 6.01, 37.97, 1.5, 5.375, 6.875, 488.0, 477.0, 427.0, 685.0, 230.0, 589.0, 256.0, 6.45, 10.01, 0.0
4034.0, 40.7806886135, -111.94099201599998, 1286.717, 0.06, 15.5, -99999.0, -99999.0, 2.01963, 12240.7, 18.1312, 0.241236, -99999.0, -99999.0, -99999.0, -99999.0, -99999.0, -45.886585237, -5.2803907709, 1.934946813885, 427.01368467460003, -99999.0, 68.8, 31.4, 5.74, 37.14, 1.5, 5.375, 6.875, 629.0, 500.0, 6.0, 846.0, 485.0, 217.0, -164.0, 5.26, 5.84, 0.0
4035.0, 40.78068860583334, -111.940991863, 1286.715, 0.01, 15.5, -99999.0, -99999.0, 2.01977, 12204.5, 18.0507, 0.18225, -99999.0, -99999.0, -99999.0, -99999.0, -99999.0, -44.967295418, -5.2803907709, 1.955212552087, 427.01368467460003, -99999.0, -99999.0, 30.97, 5.52, 36.48, 1.5, 5.375, 6.875, 488.0, 647.0, 619.0, 448.0, 136.0, 744.0, 174.0, 5.52, 5.52, 0.0
4036.0, 40.780688571333336, -111.9409917295, 1286.72, 0.04, 15.4, -99999.0, -99999.0, 2.01811, 12181.1, 18.069, 0.209, -99999.0, -99999.0, -99999.0, -99999.0, -99999.0, -44.967295418, -5.2803907709, 1.955212552087, 427.01368467460003, -99999.0, 64.2, 30.27, 5.13, 35.4, 1.5, 5.375, 6.875, 422.0, 307.0, 938.0, 565.0, 338.0, -71.0, 969.0, 7.05, 7.05, 0.0
4037.0, 40.780688573499994, -111.94099159033334, 1286.722, 0.19, 15.3, -99999.0, -99999.0, -99999.0, -99999.0, -99999.0, -99999.0, -99999.0, -99999.0, -99999.0, -99999.0, -99999.0, -44.967295418, -5.2803907709, 1.955212552087, 427.1506420929, -99999.0, -99999.0, 30.07, 4.93, 35.0, 1.5, 5.375, 6.875, 629.0, 568.0, 571.0, 565.0, 621.0, 589.0, 241.0, 5.36, 6.31, 0.0
4038.0, 40.780688532833324, -111.94099145066666, 1286.725, 0.15, 15.3, -99999.0, -99999.0, 2.01997, 12149.0, 18.1558, 0.203449, -99999.0, -99999.0, -99999.0, -99999.0, -99999.0, -44.967295418, -6.5583551406, 1.955212552087, 427.1445757024, -99999.0, 60.1, 29.78, 4.77, 34.55, 1.5, 5.375, 6.875, 563.0, 295.0, 162.0, 568.0, 370.0, 434.0, 595.0, 5.41, 5.41, 0.0
