arc_raw/USOS-ARL-Suite_ARC_20240723_RA.ict
71,1001
Xinrong Ren
NOAA Air Resources Lab
ARC-Suite
USOS: Utah Summer Ozone Study
1,1
2024,07,23,2024,07,23
1
StartTime_seconds, seconds, Start time in UTC seconds since midnight
38
1,1,1,1,1,1,1,1,1,1,1,1,1,1,1,1,1,1,1,1,1,1,1,1,1,1,1,1,1,1,1,1,1,1,1,1,1,1
-99999,-99999,-99999,-99999,-99999,-99999,-99999,-99999,-99999,-99999,-99999,-99999,-99999,-99999,-99999,-99999,-99999,-99999,-99999,-99999,-99999,-99999,-99999,-99999,-99999,-99999,-99999,-99999,-99999,-99999,-99999,-99999,-99999,-99999,-99999,-99999,-99999,-99999
lat_DGPS_deg, degrees, Latitude in decimal by Hemisphere VS1100 Differential GPS
lon_DGPS_deg, degrees, Longitude in decimal by Hemisphere VS1100 Differential GPS
alt_msl_m, meters, GPS Altitude MSL
speed_km_h, km/s, vehicle speed
RH, percent, relative humidity
true_WS_m_s, m/s, wind speed by 2D sonic sensor
true_WD_deg, degree, wind direction by 2D sonic sensor
CH4_aeris313_ppm, ppm, CH4 mixing ratio by Aeris
H2O_aeris313_ppm, ppm, H2O mixing ratio by Aeris
C2H6_aeris313_ppb, ppb, C2H6 mixing ratio by Aeris
r_aeris313, 1, relavence between CH4 and C2H6 by Aeris
C2C1_aeris313, 1, C2H6 to CH4 ratio by Aeris
CO_g2401m_ppm, ppm, CO mixing ratio by Picarro G2401m
CO2_g2401m_ppm, ppm, CO2 mixing ratio by Picarro G2401m
CH4_g2401m_ppm, ppm, CH4 mixing ratio by Picarro G2401m
H2O_g2401m, ppm, H2O mixing ratio by Picarro G2401m
delta13C_CH4_raw, permill, delta 13C of CH4 by Picarro G2201i
delta13C_CO2_raw, permill, delta 13C of CO2 by Picarro G2201i
CH4_g2201i_ppm, ppm, CH4 mixing ratio by Picarro G2201i
CO2_g2201i_ppm, ppm, CO2 mixing ratio by Picarro G2201i
NH3_g2301_ppb, ppb, NH3 mixing ratio by Picarro G2301
O3_2B_ppm, ppm, O3 mixing ratio by 2B
NO_G60_ppb, ppb, NO mixing ratio by G60
NO2_G60_ppb, ppb, NO2 mixing ratio by G60
NOx_G60_ppb, ppb, NOx mixing ratio by G60
NO_N500_ppb, ppb, NO mixing ratio by N500
NO2_N500_ppb, ppb, NO2 mixing ratio by N500
NOx_N500_ppb, ppb, NOx mixing ratio by N500
BC370_AE43_ng_m3, ng/m3, Black Carbon at 370 nm by AE43
BC470_AE43_ng_m3, ng/m3, Black Carbon at 470 nm by AE43
BC520_AE43_ng_m3, ng/m3, Black Carbon at 520 nm by AE43
BC590_AE43_ng_m3, ng/m3, Black Carbon at 590 nm by AE43
BC660_AE43_ng_m3, ng/m3, Black Carbon at 660 nm by AE43
BC880_AE43_ng_m3, ng/m3, Black Carbon at 880 nm by AE43
BC950_AE43_ng_m3, ng/m3, Black Carbon at 950 nm by AE43
PM25, ug/m3, PM2.5 by particle sensor
PM10, ug/m3, PM10 by particle sensor
Valve, boolian, indicator of valve conditions;0 is measurement; 10 is zeroing; 11 is spanning
1
SPECIAL COMMENTS, N/A
18
PI_CONTACT_INFO: xinrong.ren@noaa.gov, 301-683-1391, NOAA/ARL, 5830 University Research Court, College Park, MD 20740
PLATFORM: NOAA Air Resources Car
LOCATION: Salt Lake City
ASSOCIATED_DATA: N/A
INSTRUMENT_INFO: Hemisphere VS1100 differential GPS (Latitude, Longitude, GPS Altitude, speed), meteorological sensor (RH, WS, WD), 2B (O3), G60 CRDS (NO-NOx), Teledyne N500 (NO-NOx), Picarro G2401-m (CO2, CH4, CO, H2O), Picarro G2201i (CO2, CH4, d13C_CO2, d13C_CH4, H2O), Picarro 2301 (NH3), Aeris Ultra MIRA (CH4, C2H6, H2O, r, C2/C1), AE43 (Black Carbon), Partical sensor (PM2.5, PM10)
DATA_INFO: Records are reported at 1-second intervals. Hemisphere VS1100 differential GPS has 1-second ntervals. 2B O3 values are reported 2-second averages. G60 Cavity Rong Down NO-NO2-NO2 has 1-second average. Teledyne CAPS NO2 analyzer has 10-second time resolution. Picarro 2401m (CO2, CH4, CO, H2O) data has 2.5-second time resolution. Picarro 2201i (isotope) has ~5 second time resolution. Aeris Ultra MIRA has 1-second integration time. AE43 data are 10-second moving averages. Partical sensor has 10-second time resolution.
UNCERTAINTY: -99999, -99999, -99999, 15 m, -99999, -99999, -99999, -99999, 1 ppb, 100 ppm, 0.2 ppb, -99999, -99999, 5 ppb, 0.1 ppm, 1 ppb, 100 ppm, -99999, -99999, -99999, -99999, 2 ppb, 0.3 ppb, -99999, -99999, -99999, 0.05 ppb, 0.05 ppb, 0.05 ppb, 10 ng/m3, 10 ng/m3, 10 ng/m3, 10 ng/m3, 10 ng/m3, 10 ng/m3, 10 ng/m3, 10 ng/m3, 0
ULOD_FLAG: -77777
ULOD_VALUE: N/A
LLOD_FLAG: -88888
LLOD_VALUE: N/A
DM_CONTACT_INFO: Jiayang Sun; University of Maryland; jiayangs@umd.edu
PROJECT_INFO: USOS July - Aug 2024 https://deq.utah.gov/air-quality/utah-summer-ozone-study-usos
STIPULATIONS_ON_USE: Use of these data requires prior ok from PI.
OTHER_COMMENTS: N/A
REVISION: RA
RA: Preliminary Data for in-field use only.
StartTime_seconds, lat_DGPS_deg, lon_DGPS_deg, alt_msl_m, speed_km_h, RH, true_WS_m_s, true_WD_deg, CH4_aeris313_ppm, H2O_aeris313_ppm, C2H6_aeris313_ppb, r_aeris313, C2C1_aeris313, CO_g2401m_ppm, CO2_g2401m_ppm, CH4_g2401m_ppm, H2O_g2401m, delta13C_CH4_raw, delta13C_CO2_raw, CH4_g2201i_ppm, CO2_g2201i_ppm, NH3_g2301_ppb, O3_2B_ppm, NO_G60_ppb, NO2_G60_ppb, NOx_G60_ppb, NO_N500_ppb, NO2_N500_ppb, NOx_N500_ppb, BC370_AE43_ng_m3, BC470_AE43_ng_m3, BC520_AE43_ng_m3, BC590_AE43_ng_m3, BC660_AE43_ng_m3, BC880_AE43_ng_m3, BC950_AE43_ng_m3, PM25, PM10, Valve
[from data line 2484]
2484.0, 40.78070118783334, -111.94099476349999, 1288.811, 0.18, 14.8, -99999.0, -99999.0, 2.02588, 12474.2, 18.2576, 0.128547, -99999.0, -99999.0, -99999.0, -99999.0, -99999.0, -47.276198559, -6.0717362523, 1.944430308804, 419.9756087769, -99999.0, 69.5, 27.85, 1.05, 28.9, -0.863, 1.328, 0.465, 688.0, 355.0, 448.0, 339.0, 25.0, 441.0, 602.0, 5.46, 9.1, 0.0
2485.0, 40.78070124033333, -111.94099476733332, 1288.813, 0.08, 14.8, -99999.0, -99999.0, 2.02336, 12493.9, 17.9657, 0.190518, -99999.0, -99999.0, -99999.0, -99999.0, -99999.0, -47.276198559, -6.1044252951, 1.944430308804, 419.90107679109997, -99999.0, 68.0, 27.83, 1.09, 28.92, -0.863, 1.328, 0.465, 688.0, 625.0, 627.0, 546.0, 625.0, 657.0, 454.0, 5.9, 8.31, 0.0
2486.0, 40.780701289, -111.94099476616665, 1288.808, 0.08, 14.8, -99999.0, -99999.0, 2.02364, 12522.6, 18.1048, 0.247538, -99999.0, -99999.0, -99999.0, -99999.0, -99999.0, -46.761865976, -6.1044252951, 1.951515176527, 419.90107679109997, -99999.0, -99999.0, 27.81, 1.12, 28.93, -0.863, 1.328, 0.465, 614.0, 558.0, 358.0, 135.0, 500.0, -4.0, 720.0, 5.64, 6.8, 0.0
2487.0, 40.780701339000004, -111.94099474716668, 1288.799, 0.05, 14.9, -99999.0, -99999.0, 2.0243, 12569.0, 18.196, 0.251911, -99999.0, -99999.0, -99999.0, -99999.0, -99999.0, -99999.0, -99999.0, -99999.0, -99999.0, -99999.0, -99999.0, 27.84, 1.13, 28.97, -0.863, 1.328, 0.465, 484.0, 462.0, 209.0, 426.0, 357.0, 146.0, 332.0, 5.49, 7.02, 0.0
2488.0, 40.7807013655, -111.94099476533331, 1288.798, 0.06, 14.9, -99999.0, -99999.0, 2.02609, 12618.5, 18.5363, 0.378771, -99999.0, -99999.0, -99999.0, -99999.0, -99999.0, -46.761865976, -6.1044252951, 1.951515176527, 420.13841503979995, -99999.0, 69.0, 27.84, 1.14, 28.98, -0.863, 1.328, 0.465, 679.0, 507.0, 627.0, 458.0, 318.0, 75.0, 572.0, 5.08, 5.08, 0.0
2489.0, 40.780701369999996, -111.94099474000001, 1288.795, 0.14, 14.9, -99999.0, -99999.0, 2.0257, 12653.8, 18.5659, 0.433057, -99999.0, -99999.0, -99999.0, -99999.0, -99999.0, -46.761865976, -6.9736856026, 1.951515176527, 420.37169239089997, -99999.0, 68.3, 27.86, 1.15, 29.01, -0.863, 1.328, 0.465, 474.0, 366.0, 328.0, 546.0, 689.0, 582.0, -357.0, 5.63, 7.16, 0.0
2490.0, 40.780701402, -111.94099473683333, 1288.791, 0.07, 14.9, -99999.0, -99999.0, 2.02309, 12625.1, 18.3515, 0.392459, -99999.0, -99999.0, -99999.0, -99999.0, -99999.0, -51.756630455, -6.9736856026, 1.960026627258, 420.37169239089997, -99999.0, -99999.0, 27.8, 1.15, 28.94, -0.863, 1.328, 0.465, 409.0, 439.0, 716.0, 884.0, 343.0, 437.0, 817.0, 5.07, 5.07, 0.0
2491.0, 40.78070139816667, -111.94099470616666, 1288.79, 0.05, 14.9, -99999.0, -99999.0, 2.02307, 12580.3, 18.2145, 0.461709, -99999.0, -99999.0, -99999.0, -99999.0, -99999.0, -99999.0, -99999.0, -99999.0, -99999.0, -99999.0, -99999.0, 27.75, 1.16, 28.91, -0.863, 1.328, 0.465, 754.0, 518.0, 483.0, 546.0, 589.0, 216.0, 276.0, 5.09, 5.09, 0.0
2492.0, 40.78070140683334, -111.94099468300001, 1288.788, 0.11, 14.9, -99999.0, -99999.0, 2.0249, 12569.7, 18.083, 0.517544, -99999.0, -99999.0, -99999.0, -99999.0, -99999.0, -51.756630455, -6.9736856026, 1.960026627258, 420.53109170229993, -99999.0, 66.1, 27.74, 1.18, 28.92, -0.863, 1.328, 0.465, 614.0, 828.0, 269.0, 326.0, 268.0, 71.0, 204.0, 5.46, 10.06, 0.0
2493.0, 40.780701422, -111.94099467033332, 1288.782, 0.03, 14.9, -99999.0, -99999.0, 2.02299, 12586.1, 18.2358, 0.502847, -99999.0, -99999.0, -99999.0, -99999.0, -99999.0, -51.756630455, -6.6547961279, 1.960026627258, 420.69198188999997, -99999.0, 66.0, 27.72, 1.2, 28.92, -0.863, 1.328, 0.465, 474.0, 687.0, 507.0, 235.0, 36.0, 366.0, 87.0, 5.95, 8.36, 0.0
2494.0, 40.780701412, -111.9409946475, 1288.783, 0.23, 14.9, -99999.0, -99999.0, 2.02177, 12620.9, 18.1191, 0.491086, -99999.0, -99999.0, -99999.0, -99999.0, -99999.0, -44.461359525, -6.6547961279, 1.957985762117, 420.69198188999997, -99999.0, -99999.0, 27.69, 1.22, 28.91, -0.863, 1.328, 0.465, 474.0, 659.0, 537.0, 561.0, 268.0, 587.0, 403.0, 5.64, 5.64, 0.0
2495.0, 40.780701416666666, -111.94099462783333, 1288.781, 0.03, 14.9, -99999.0, -99999.0, 2.02322, 12660.0, 18.2721, 0.453532, -99999.0, -99999.0, -99999.0, -99999.0, -99999.0, -99999.0, -99999.0, -99999.0, -99999.0, -99999.0, -99999.0, 27.68, 1.23, 28.91, -0.863, 1.328, 0.465, 474.0, 569.0, 627.0, 430.0, 407.0, 220.0, 776.0, 6.36, 10.02, 0.0
2496.0, 40.780701414999996, -111.94099461599998, 1288.783, 0.14, 15.0, -99999.0, -99999.0, 2.02509, 12692.4, 18.4732, 0.378147, -99999.0, -99999.0, -99999.0, -99999.0, -99999.0, -44.461359525, -6.6547961279, 1.957985762117, 420.80114083175, -99999.0, 64.3, 27.64, 1.26, 28.9, -0.863, 1.328, 0.465, 279.0, 958.0, 478.0, 323.0, 564.0, 291.0, 281.0, 5.4, 6.35, 0.0
2497.0, 40.78070139933333, -111.94099460783333, 1288.782, 0.22, 15.0, -99999.0, -99999.0, 2.02627, 12703.5, 18.444, 0.411059, -99999.0, -99999.0, -99999.0, -99999.0, -99999.0, -44.461359525, -6.6534761977, 1.957985762117, 420.9103059477, -99999.0, 61.5, 27.62, 1.26, 28.88, -0.863, 1.328, 0.465, 614.0, 355.0, 627.0, 546.0, 446.0, 587.0, 1036.0, 6.21, 6.21, 0.0
2498.0, 40.78070139333333, -111.94099459833333, 1288.779, 0.03, 15.0, -99999.0, -99999.0, 2.02289, 12684.5, 18.3922, 0.359543, -99999.0, -99999.0, -99999.0, -99999.0, -99999.0, -46.443616076, -6.6534761977, 1.947142442811, 420.9103059477, -99999.0, -99999.0, 27.58, 1.29, 28.87, -0.863, 1.328, 0.465, 614.0, 485.0, 328.0, 235.0, 293.0, 291.0, 398.0, 5.12, 5.7, 0.0
2499.0, 40.780701362833334, -111.94099456350001, 1288.776, 0.14, 15.0, -99999.0, -99999.0, 2.02126, 12648.3, 18.2466, 0.319599, -99999.0, -99999.0, -99999.0, -99999.0, -99999.0, -46.443616076, -6.6534761977, 1.947142442811, 420.9103059477, -99999.0, -99999.0, 27.63, 1.29, 28.92, -0.863, 1.328, 0.465, 614.0, 355.0, 448.0, 546.0, 471.0, 291.0, 842.0, 5.44, 5.44, 0.0
2500.0, 40.78070136116666, -111.94099451916667, 1288.77, 0.14, 15.0, -99999.0, -99999.0, 2.02312, 12600.4, 18.22, 0.273827, -99999.0, -99999.0, -99999.0, -99999.0, -99999.0, -46.443616076, -6.6534761977, 1.947142442811, 420.7497976632, -99999.0, 64.3, 27.66, 1.3, 28.97, -0.863, 1.328, 0.465, 409.0, 485.0, 836.0, 577.0, 725.0, 661.0, 577.0, 5.56, 5.56, 0.0
2501.0, 40.78070129350001, -111.94099446266667, 1288.758, 0.02, 15.0, -99999.0, -99999.0, 2.02348, 12556.2, 18.3281, 0.241143, -99999.0, -99999.0, -99999.0, -99999.0, -99999.0, -46.443616076, -6.0963429092, 1.947142442811, 420.752402738, -99999.0, 67.8, 27.69, 1.33, 29.02, -0.863, 1.328, 0.465, 958.0, 293.0, 448.0, 430.0, 386.0, 586.0, 112.0, 5.62, 7.72, 0.0
2502.0, 40.78070119116667, -111.94099439583333, 1288.751, 0.09, 15.0, -99999.0, -99999.0, 2.02299, 12518.7, 18.4019, 0.250446, -99999.0, -99999.0, -99999.0, -99999.0, -99999.0, -59.60755346, -6.0963429092, 1.965591638899, 420.752402738, -99999.0, -99999.0, 27.67, 1.34, 29.01, -0.863, 1.328, 0.465, 540.0, 558.0, 478.0, 662.0, 839.0, 216.0, 526.0, 6.08, 21.86, 0.0
2503.0, 40.78070106766667, -111.94099431566669, 1288.733, 0.08, 15.0, -99999.0, -99999.0, 2.0245, 12477.7, 18.0751, 0.209002, -99999.0, -99999.0, -99999.0, -99999.0, -99999.0, -59.60755346, -6.0963429092, 1.965591638899, 420.752402738, -99999.0, -99999.0, 27.68, 1.33, 29.01, -0.863, 1.328, 0.465, 623.0, 530.0, 304.0, 223.0, 575.0, 803.0, 138.0, 5.24, 6.39, 0.0
2504.0, 40.78070094333333, -111.94099421033334, 1288.715, 0.12, 15.0, -99999.0, -99999.0, 2.02246, 12419.7, 18.3696, 0.208174, -99999.0, -99999.0, -99999.0, -99999.0, -99999.0, -59.60755346, -6.0963429092, 1.965591638899, 420.7668004354, -99999.0, 66.3, 27.68, 1.31, 28.99, -0.863, 1.328, 0.465, 744.0, 293.0, 627.0, 31.0, 460.0, 291.0, 459.0, 5.82, 6.4, 0.0
2505.0, 40.780700932500004, -111.940994188, 1288.711, 0.16, 15.0, -99999.0, -99999.0, 2.02197, 12367.2, 18.1806, 0.325021, -99999.0, -99999.0, -99999.0, -99999.0, -99999.0, -59.60755346, -6.6362113104, 1.965591638899, 420.7642760023, -99999.0, 64.9, 27.63, 1.32, 28.95, -0.863, 1.328, 0.465, 754.0, 524.0, 776.0, 473.0, 343.0, 437.0, 628.0, 5.46, 6.99, 0.0
2506.0, 40.780700888000005, -111.94099415433332, 1288.701, 0.04, 14.9, -99999.0, -99999.0, 2.02573, 12332.6, 18.3059, 0.327552, -99999.0, -99999.0, -99999.0, -99999.0, -99999.0, -53.588218371, -6.6362113104, 1.957945072188, 420.7642760023, -99999.0, -99999.0, 27.62, 1.3, 28.92, -0.805, 1.258, 0.453, 540.0, 682.0, 746.0, 135.0, 614.0, 587.0, 291.0, 5.03, 5.03, 0.0
2507.0, 40.78070085616666, -111.94099414383332, 1288.699, 0.05, 14.8, -99999.0, -99999.0, 2.02397, 12312.5, 18.0271, 0.298821, -99999.0, -99999.0, -99999.0, -99999.0, -99999.0, -53.588218371, -6.6362113104, 1.957945072188, 420.7642760023, -99999.0, -99999.0, 27.55, 1.33, 28.88, -0.805, 1.258, 0.453, 484.0, 665.0, 627.0, 577.0, 343.0, 366.0, -133.0, 5.42, 7.33, 0.0
2508.0, 40.78070088716667, -111.94099412883334, 1288.696, 0.11, 14.8, -99999.0, -99999.0, 2.02495, 12285.6, 18.4061, 0.318902, -99999.0, -99999.0, -99999.0, -99999.0, -99999.0, -53.588218371, -6.6362113104, 1.957945072188, 420.82966120559996, -99999.0, 66.1, 27.52, 1.34, 28.86, -0.805, 1.258, 0.453, 688.0, 794.0, 448.0, 354.0, 739.0, 441.0, 82.0, 5.23, 5.23, 0.0
2509.0, 40.780700855333336, -111.94099411383334, 1288.69, 0.12, 14.8, -99999.0, -99999.0, 2.02392, 12268.6, 18.5808, 0.389461, -99999.0, -99999.0, -99999.0, -99999.0, -99999.0, -53.588218371, -5.5884463809, 1.957945072188, 420.8345613322, -99999.0, 66.6, 27.5, 1.35, 28.85, -0.805, 1.258, 0.453, 409.0, 552.0, 657.0, 166.0, 396.0, 75.0, 781.0, 5.77, 6.35, 0.0
2510.0, 40.780700797, -111.94099407999998, 1288.69, 0.24, 14.7, -99999.0, -99999.0, 2.02281, 12266.1, 18.0566, 0.373764, -99999.0, -99999.0, -99999.0, -99999.0, -99999.0, -52.63573915, -5.5884463809, 1.968984068413, 420.8345613322, -99999.0, -99999.0, 27.5, 1.34, 28.84, -0.805, 1.258, 0.453, 549.0, 423.0, 687.0, 370.0, 346.0, 370.0, 424.0, 5.47, 5.47, 0.0
2511.0, 40.78070073833333, -111.94099403216666, 1288.684, 0.17, 14.7, -99999.0, -99999.0, 2.02354, 12261.0, 18.3389, 0.369406, -99999.0, -99999.0, -99999.0, -99999.0, -99999.0, -52.63573915, -5.5884463809, 1.968984068413, 420.8345613322, -99999.0, -99999.0, 27.49, 1.33, 28.82, -0.805, 1.258, 0.453, 419.0, 507.0, 358.0, 373.0, 343.0, 512.0, 317.0, 5.93, 5.93, 0.0
2512.0, 40.780700722999995, -111.94099399650001, 1288.685, 0.04, 14.6, -99999.0, -99999.0, 2.02442, 12250.5, 18.1803, 0.357497, -99999.0, -99999.0, -99999.0, -99999.0, -99999.0, -52.63573915, -5.8365618001, 1.968984068413, 420.54173103635003, -99999.0, 65.8, 27.53, 1.3, 28.83, -0.805, 1.258, 0.453, 754.0, 828.0, 627.0, 677.0, 510.0, 441.0, 602.0, 5.95, 15.94, 0.0
2513.0, 40.780700681333336, -111.94099395083335, 1288.678, 0.06, 14.6, -99999.0, -99999.0, 2.02528, 12232.1, 18.4554, 0.382573, -99999.0, -99999.0, -99999.0, -99999.0, -99999.0, -99999.0, -99999.0, -99999.0, -99999.0, -99999.0, 65.3, 27.52, 1.29, 28.81, -0.805, 1.258, 0.453, 344.0, 558.0, 60.0, 358.0, 203.0, 150.0, 133.0, 5.46, 6.04, 0.0
2514.0, 40.78070066166667, -111.94099392183334, 1288.676, 0.05, 14.6, -99999.0, -99999.0, 2.02317, 12204.2, 18.3261, 0.399371, -99999.0, -99999.0, -99999.0, -99999.0, -99999.0, -39.149447625, -6.0846772193, 1.9406280234639999, 420.5405714687, -99999.0, -99999.0, 27.53, 1.27, 28.8, -0.805, 1.258, 0.453, 837.0, 778.0, 388.0, 307.0, 382.0, 366.0, 439.0, 5.54, 5.54, 0.0
2515.0, 40.780700601333336, -111.9409938505, 1288.675, 0.02, 14.6, -99999.0, -99999.0, 2.02286, 12170.7, 18.0536, 0.422228, -99999.0, -99999.0, -99999.0, -99999.0, -99999.0, -39.149447625, -6.0846772193, 1.9406280234639999, 420.5405714687, -99999.0, -99999.0, 27.54, 1.24, 28.78, -0.805, 1.258, 0.453, 819.0, 411.0, 358.0, 151.0, 486.0, 587.0, 944.0, 5.8, 5.8, 0.0
2516.0, 40.780700553833334, -111.94099378366667, 1288.667, 0.29, 14.5, -99999.0, -99999.0, 2.0231, 12146.1, 18.2502, 0.429848, -99999.0, -99999.0, -99999.0, -99999.0, -99999.0, -39.149447625, -6.2629475179, 1.9406280234639999, 420.25694288044997, -99999.0, 67.1, 27.56, 1.23, 28.78, -0.805, 1.258, 0.453, 549.0, 214.0, 507.0, 781.0, 218.0, 291.0, 837.0, 5.04, 10.97, 0.0
2517.0, 40.78070048266666, -111.94099373133334, 1288.667, 0.11, 14.5, -99999.0, -99999.0, 2.02258, 12135.9, 18.1828, 0.454133, -99999.0, -99999.0, -99999.0, -99999.0, -99999.0, -99999.0, -99999.0, -99999.0, -99999.0, -99999.0, 70.4, 27.58, 1.21, 28.79, -0.805, 1.258, 0.453, 549.0, 406.0, 358.0, 649.0, 407.0, 657.0, 337.0, 5.24, 7.73, 0.0
2518.0, 40.780700463833334, -111.940993673, 1288.661, 0.09, 14.5, -99999.0, -99999.0, 2.02267, 12159.8, 18.167, 0.403871, -99999.0, -99999.0, -99999.0, -99999.0, -99999.0, -49.977499249, -6.4412178165, 1.965302300131, 420.25611029429996, -99999.0, -99999.0, 27.56, 1.17, 28.73, -0.805, 1.258, 0.453, 549.0, 682.0, 597.0, 442.0, 639.0, 582.0, 362.0, 5.51, 8.5, 0.0
2519.0, 40.78070039983333, -111.94099359983332, 1288.656, 0.07, 14.5, -99999.0, -99999.0, 2.02183, 12211.9, 18.0851, 0.365256, -99999.0, -99999.0, -99999.0, -99999.0, -99999.0, -49.977499249, -6.4412178165, 1.965302300131, 420.25611029429996, -99999.0, -99999.0, 27.58, 1.17, 28.75, -0.805, 1.258, 0.453, 484.0, 299.0, 776.0, 223.0, 293.0, -216.0, 225.0, 5.3, 5.3, 0.0
2520.0, 40.7807003355, -111.94099355083333, 1288.645, 0.17, 14.5, -99999.0, -99999.0, 2.02167, 12266.5, 18.2495, 0.364903, -99999.0, -99999.0, -99999.0, -99999.0, -99999.0, -49.977499249, -6.930653943399999, 1.965302300131, 420.38293844535, -99999.0, 69.2, 27.54, 1.16, 28.7, -0.805, 1.258, 0.453, 409.0, 355.0, 179.0, 593.0, 635.0, 657.0, 271.0, 5.28, 6.75, 0.0
2521.0, 40.78070029366666, -111.94099352466668, 1288.641, 0.06, 14.4, -99999.0, -99999.0, 2.02372, 12294.3, 17.9356, 0.319395, -99999.0, -99999.0, -99999.0, -99999.0, -99999.0, -99999.0, -99999.0, -99999.0, -99999.0, -99999.0, 65.0, 27.53, 1.15, 28.68, -0.805, 1.258, 0.453, 819.0, 671.0, 895.0, 561.0, 525.0, 432.0, 990.0, 5.95, 5.95, 0.0
2522.0, 40.780700179, -111.94099346966665, 1288.639, 0.06, 14.4, -99999.0, -99999.0, 2.02314, 12298.6, 18.1527, 0.381971, -99999.0, -99999.0, -99999.0, -99999.0, -99999.0, -58.396000441, -7.4200900703, 1.9670227938759999, 420.380651901, -99999.0, -99999.0, 27.59, 1.1, 28.7, -0.805, 1.258, 0.453, 344.0, 580.0, 537.0, 577.0, 253.0, 591.0, 174.0, 5.11, 5.11, 0.0
2523.0, 40.78070017066667, -111.94099344616667, 1288.639, 0.06, 14.4, -99999.0, -99999.0, 2.02123, 12280.8, 18.1942, 0.383142, -99999.0, -99999.0, -99999.0, -99999.0, -99999.0, -58.396000441, -7.4200900703, 1.9670227938759999, 420.380651901, -99999.0, -99999.0, 27.63, 1.07, 28.7, -0.805, 1.258, 0.453, 205.0, 378.0, 537.0, 546.0, 614.0, -99999.0, -174.0, 5.89, 6.84, 0.0
2524.0, 40.7807001505, -111.9409934365, 1288.633, 0.03, 14.4, -99999.0, -99999.0, 2.02387, 12252.4, 18.2033, 0.354728, -99999.0, -99999.0, -99999.0, -99999.0, -99999.0, -58.396000441, -6.8555386496, 1.9670227938759999, 420.32782456395, -99999.0, 65.0, 27.66, 1.07, 28.73, -0.805, 1.258, 0.453, 475.0, 1178.0, 597.0, 442.0, 228.0, 441.0, 342.0, 5.11, 6.57, 0.0
2525.0, 40.780700141666664, -111.94099342899999, 1288.632, 0.11, 14.4, -99999.0, -99999.0, 2.02195, 12195.3, 18.6618, 0.220681, -99999.0, -99999.0, -99999.0, -99999.0, -99999.0, -99999.0, -99999.0, -99999.0, -99999.0, -99999.0, 68.1, 27.7, 1.06, 28.76, -0.805, 1.258, 0.453, 828.0, 547.0, 298.0, 207.0, 700.0, 216.0, 424.0, 5.37, 30.13, 0.0
2526.0, 40.78070018583334, -111.94099344183333, 1288.632, 0.11, 14.4, -99999.0, -99999.0, 2.02287, 12130.1, 18.2309, 0.172768, -99999.0, -99999.0, -99999.0, -99999.0, -99999.0, -48.285191085, -6.2909872289, 1.9560749484220001, 420.33046168339996, -99999.0, -99999.0, 27.71, 1.05, 28.76, -0.805, 1.258, 0.453, 819.0, 282.0, 484.0, 900.0, 268.0, -99999.0, 781.0, 5.6, 10.2, 0.0
