arc_raw/USOS-ARL-Suite_ARC_20240728_RA.ict
71,1001
Xinrong Ren
NOAA Air Resources Lab
ARC-Suite
USOS: Utah Summer Ozone Study
1,1
2024,07,28,2024,07,28
1
StartTime_seconds, seconds, Start time in UTC seconds since midnight
38
1,1,1,1,1,1,1,1,1,1,1,1,1,1,1,1,1,1,1,1,1,1,1,1,1,1,1,1,1,1,1,1,1,1,1,1,1,1
-99999,-99999,-99999,-99999,-99999,-99999,-99999,-99999,-99999,-99999,-99999,-99999,-99999,-99999,-99999,-99999,-99999,-99999,-99999,-99999,-99999,-99999,-99999,-99999,-99999,-99999,-99999,-99999,-99999,-99999,-99999,-99999,-99999,-99999,-99999,-99999,-99999,-99999
lat_DGPS_deg, degrees, Latitude in decimal by Hemisphere VS1100 Differential GPS
lon_DGPS_deg, degrees, Longitude in decimal by Hemisphere VS1100 Differential GPS
alt_msl_m, meters, GPS Altitude MSL
speed_km_h, km/s, vehicle speed
RH, percent, relative humidity
true_WS_m_s, m/s, wind speed by 2D sonic sensor
true_WD_deg, degree, wind direction by 2D sonic sensor
CH4_aeris313_ppm, ppm, CH4 mixing ratio by Aeris
H2O_aeris313_ppm, ppm, H2O mixing ratio by Aeris
C2H6_aeris313_ppb, ppb, C2H6 mixing ratio by Aeris
r_aeris313, 1, relavence between CH4 and C2H6 by Aeris
C2C1_aeris313, 1, C2H6 to CH4 ratio by Aeris
CO_g2401m_ppm, ppm, CO mixing ratio by Picarro G2401m
CO2_g2401m_ppm, ppm, CO2 mixing ratio by Picarro G2401m
CH4_g2401m_ppm, ppm, CH4 mixing ratio by Picarro G2401m
H2O_g2401m, ppm, H2O mixing ratio by Picarro G2401m
delta13C_CH4_raw, permill, delta 13C of CH4 by Picarro G2201i
delta13C_CO2_raw, permill, delta 13C of CO2 by Picarro G2201i
CH4_g2201i_ppm, ppm, CH4 mixing ratio by Picarro G2201i
CO2_g2201i_ppm, ppm, CO2 mixing ratio by Picarro G2201i
NH3_g2301_ppb, ppb, NH3 mixing ratio by Picarro G2301
O3_2B_ppm, ppm, O3 mixing ratio by 2B
NO_G60_ppb, ppb, NO mixing ratio by G60
NO2_G60_ppb, ppb, NO2 mixing ratio by G60
NOx_G60_ppb, ppb, NOx mixing ratio by G60
NO_N500_ppb, ppb, NO mixing ratio by N500
NO2_N500_ppb, ppb, NO2 mixing ratio by N500
NOx_N500_ppb, ppb, NOx mixing ratio by N500
BC370_AE43_ng_m3, ng/m3, Black Carbon at 370 nm by AE43
BC470_AE43_ng_m3, ng/m3, Black Carbon at 470 nm by AE43
BC520_AE43_ng_m3, ng/m3, Black Carbon at 520 nm by AE43
BC590_AE43_ng_m3, ng/m3, Black Carbon at 590 nm by AE43
BC660_AE43_ng_m3, ng/m3, Black Carbon at 660 nm by AE43
BC880_AE43_ng_m3, ng/m3, Black Carbon at 880 nm by AE43
BC950_AE43_ng_m3, ng/m3, Black Carbon at 950 nm by AE43
PM25, ug/m3, PM2.5 by particle sensor
PM10, ug/m3, PM10 by particle sensor
Valve, boolian, indicator of valve conditions;0 is measurement; 10 is zeroing; 11 is spanning
1
SPECIAL COMMENTS, N/A
18
PI_CONTACT_INFO: xinrong.ren@noaa.gov, 301-683-1391, NOAA/ARL, 5830 University Research Court, College Park, MD 20740
PLATFORM: NOAA Air Resources Car
LOCATION: Salt Lake City
ASSOCIATED_DATA: N/A
INSTRUMENT_INFO: Hemisphere VS1100 differential GPS (Latitude, Longitude, GPS Altitude, speed), meteorological sensor (RH, WS, WD), 2B (O3), G60 CRDS (NO-NOx), Teledyne N500 (NO-NOx), Picarro G2401-m (CO2, CH4, CO, H2O), Picarro G2201i (CO2, CH4, d13C_CO2, d13C_CH4, H2O), Picarro 2301 (NH3), Aeris Ultra MIRA (CH4, C2H6, H2O, r, C2/C1), AE43 (Black Carbon), Partical sensor (PM2.5, PM10)
DATA_INFO: Records are reported at 1-second intervals. Hemisphere VS1100 differential GPS has 1-second ntervals. 2B O3 values are reported 2-second averages. G60 Cavity Rong Down NO-NO2-NO2 has 1-second average. Teledyne CAPS NO2 analyzer has 10-second time resolution. Picarro 2401m (CO2, CH4, CO, H2O) data has 2.5-second time resolution. Picarro 2201i (isotope) has ~5 second time resolution. Aeris Ultra MIRA has 1-second integration time. AE43 data are 10-second moving averages. Partical sensor has 10-second time resolution.
UNCERTAINTY: -99999, -99999, -99999, 15 m, -99999, -99999, -99999, -99999, 1 ppb, 100 ppm, 0.2 ppb, -99999, -99999, 5 ppb, 0.1 ppm, 1 ppb, 100 ppm, -99999, -99999, -99999, -99999, 2 ppb, 0.3 ppb, -99999, -99999, -99999, 0.05 ppb, 0.05 ppb, 0.05 ppb, 10 ng/m3, 10 ng/m3, 10 ng/m3, 10 ng/m3, 10 ng/m3, 10 ng/m3, 10 ng/m3, 10 ng/m3, 0
ULOD_FLAG: -77777
ULOD_VALUE: N/A
LLOD_FLAG: -88888
LLOD_VALUE: N/A
DM_CONTACT_INFO: Jiayang Sun; University of Maryland; jiayangs@umd.edu
PROJECT_INFO: USOS July - Aug 2024 https://deq.utah.gov/air-quality/utah-summer-ozone-study-usos
STIPULATIONS_ON_USE: Use of these data requires prior ok from PI.
OTHER_COMMENTS: N/A
REVISION: RA
RA: Preliminary Data for in-field use only.
StartTime_seconds, lat_DGPS_deg, lon_DGPS_deg, alt_msl_m, speed_km_h, RH, true_WS_m_s, true_WD_deg, CH4_aeris313_ppm, H2O_aeris313_ppm, C2H6_aeris313_ppb, r_aeris313, C2C1_aeris313, CO_g2401m_ppm, CO2_g2401m_ppm, CH4_g2401m_ppm, H2O_g2401m, delta13C_CH4_raw, delta13C_CO2_raw, CH4_g2201i_ppm, CO2_g2201i_ppm, NH3_g2301_ppb, O3_2B_ppm, NO_G60_ppb, NO2_G60_ppb, NOx_G60_ppb, NO_N500_ppb, NO2_N500_ppb, NOx_N500_ppb, BC370_AE43_ng_m3, BC470_AE43_ng_m3, BC520_AE43_ng_m3, BC590_AE43_ng_m3, BC660_AE43_ng_m3, BC880_AE43_ng_m3, BC950_AE43_ng_m3, PM25, PM10, Valve
[from data line 3620]
3620.0, 40.78068064333333, -111.94097886266667, 1290.624, 0.06, 35.5, -99999.0, -99999.0, -99999.0, -99999.0, -99999.0, -99999.0, -99999.0, 0.16226340821500002, 431.74291974, 1.998086533, 1.4580270163, -51.048099807, -6.4929833275, 1.945319607029, 432.1959578547, -99999.0, 56.6, 26.26, 2.59, 28.84, -1.102, 3.109, 2.016, 55.0, 292.0, 163.0, 349.0, 95.0, 142.0, 147.0, -99999.0, -99999.0, 0.0
3621.0, 40.78068043683333, -111.94097912266668, 1290.684, 0.14, 35.5, -99999.0, -99999.0, -99999.0, -99999.0, -99999.0, -99999.0, -99999.0, 0.166409058525, 431.44446275, 1.998086533, 1.4580270163, -51.048099807, -6.4929833275, 1.945319607029, 432.1959578547, -99999.0, -99999.0, 26.3, 2.57, 28.88, -1.102, 3.109, 2.016, 680.0, 360.0, 366.0, 7.0, 353.0, 783.0, 135.0, -99999.0, -99999.0, 0.0
3622.0, 40.780680376999996, -111.94097940566665, 1290.729, 0.07, 35.4, -99999.0, -99999.0, -99999.0, -99999.0, -99999.0, -99999.0, -99999.0, 0.1705557002, 431.43405271, 1.9977735001, 1.4580196856, -51.048099807, -6.4929833275, 1.945319607029, 432.0490446197, -99999.0, 53.5, 26.32, 2.57, 28.89, -1.102, 3.109, 2.016, 444.0, 584.0, 360.0, 449.0, 41.0, 67.0, 163.0, -99999.0, -99999.0, 0.0
3623.0, 40.78068038616667, -111.94097963800002, 1290.765, 0.22, 35.4, -99999.0, -99999.0, -99999.0, -99999.0, -99999.0, -99999.0, -99999.0, 0.17055164554, 431.19685603, 1.9977735001, 1.4580196856, -51.048099807, -8.851031552, 1.945319607029, 432.03772264599996, -99999.0, -99999.0, 26.42, 2.5, 28.92, -1.102, 3.109, 2.016, 222.0, 95.0, 373.0, 268.0, 109.0, 401.0, -53.0, -99999.0, -99999.0, 0.0
3624.0, 40.780680468, -111.94098003449999, 1290.747, 0.1, 35.4, -99999.0, -99999.0, -99999.0, -99999.0, -99999.0, -99999.0, -99999.0, 0.15544760292, 430.95965935, 1.9977735001, 1.4580196856, -50.618098174, -8.851031552, 1.952710212805, 432.03772264599996, -99999.0, 51.9, 26.41, 2.5, 28.91, -1.102, 3.109, 2.016, 610.0, 244.0, 268.0, 268.0, 407.0, 571.0, 478.0, -99999.0, -99999.0, 0.0
3625.0, 40.78068026466666, -111.94098031983334, 1290.788, 0.34, 35.4, -99999.0, -99999.0, -99999.0, -99999.0, -99999.0, -99999.0, -99999.0, 0.155446133105, 430.91479689, 1.9982709031, 1.4448063793, -50.618098174, -8.851031552, 1.952710212805, 432.03772264599996, -99999.0, -99999.0, 26.4, 2.52, 28.92, -1.102, 3.109, 2.016, 583.0, 746.0, 745.0, 362.0, 597.0, 209.0, -139.0, -99999.0, -99999.0, 0.0
3626.0, 40.780680653500006, -111.94098141266667, 1290.69, 0.71, 35.4, -99999.0, -99999.0, -99999.0, -99999.0, -99999.0, -99999.0, -99999.0, 0.15544466329, 430.48562279, 1.9982709031, 1.4448063793, -50.618098174, -8.851031552, 1.952710212805, 431.8252443557, -99999.0, 53.8, 26.39, 2.49, 28.88, -1.102, 3.109, 2.016, -99999.0, 237.0, 567.0, 528.0, 439.0, 153.0, 41.0, -99999.0, -99999.0, 0.0
3627.0, 40.780680819833336, -111.94098242699998, 1290.682, 0.58, 35.4, -99999.0, -99999.0, -99999.0, -99999.0, -99999.0, -99999.0, -99999.0, 0.15969994895, 430.48238117999995, 1.9982810645, 1.4504562135, -50.618098174, -7.8367649136, 1.952710212805, 431.8301118781, -99999.0, -99999.0, 26.42, 2.47, 28.89, -1.102, 3.109, 2.016, 569.0, 434.0, 660.0, 362.0, 136.0, 24.0, 461.0, -99999.0, -99999.0, 0.0
3628.0, 40.78068176899999, -111.94098392533333, 1290.636, 1.97, 35.4, -99999.0, -99999.0, -99999.0, -99999.0, -99999.0, -99999.0, -99999.0, 0.15969976631, 430.50858784499997, 1.9982912259, 1.4561060477, -51.433691541, -7.8367649136, 1.941518308139, 431.8301118781, -99999.0, 57.4, 26.4, 2.46, 28.86, -1.102, 3.109, 2.016, 680.0, 434.0, 503.0, 261.0, 387.0, 134.0, 204.0, -99999.0, -99999.0, 0.0
3629.0, 40.780682124833326, -111.94098389650001, 1290.614, 1.67, 35.4, -99999.0, -99999.0, -99999.0, -99999.0, -99999.0, -99999.0, -99999.0, 0.15635996823, 430.53803612, 1.9982912259, 1.4561060477, -51.433691541, -7.8367649136, 1.941518308139, 431.8301118781, -99999.0, -99999.0, 26.37, 2.45, 28.83, -1.102, 3.109, 2.016, 472.0, 170.0, 425.0, 530.0, 190.0, 169.0, 90.0, -99999.0, -99999.0, 0.0
3630.0, 40.78068190450001, -111.94098360266668, 1290.537, 0.43, 35.3, -99999.0, -99999.0, -99999.0, -99999.0, -99999.0, -99999.0, -99999.0, 0.15635565776, 430.49985918, 1.9982427713, 1.4335474068, -51.433691541, -7.8367649136, 1.941518308139, 430.9027785112, -99999.0, 57.8, 26.39, 2.44, 28.83, -1.102, 3.109, 2.016, 791.0, 190.0, 425.0, 181.0, 339.0, 350.0, 416.0, -99999.0, -99999.0, 0.0
3631.0, 40.78068153433333, -111.94098373249999, 1290.524, 0.26, 35.3, -99999.0, -99999.0, -99999.0, -99999.0, -99999.0, -99999.0, -99999.0, 0.15635134729, 429.33969731, 1.9982427713, 1.4335474068, -51.433691541, -7.0715505327, 1.941518308139, 430.90644293180003, -99999.0, -99999.0, 26.41, 2.4, 28.81, -1.102, 3.109, 2.016, 860.0, 699.0, 412.0, 268.0, 149.0, -67.0, 131.0, -99999.0, -99999.0, 0.0
3632.0, 40.78068104483334, -111.94098351733334, 1290.605, 0.05, 35.3, -99999.0, -99999.0, -99999.0, -99999.0, -99999.0, -99999.0, -99999.0, 0.14113098915, 429.275723415, 1.9975276062499998, 1.4258922255500002, -48.860475887, -7.0715505327, 1.9465566247289998, 430.90644293180003, -99999.0, 55.6, 26.43, 2.35, 28.79, -1.102, 3.109, 2.016, 264.0, 482.0, 327.0, 449.0, 258.0, 268.0, 53.0, -99999.0, -99999.0, 0.0
3633.0, 40.780681457, -111.94098395533335, 1290.586, 0.28, 35.2, -99999.0, -99999.0, -99999.0, -99999.0, -99999.0, -99999.0, -99999.0, 0.14112806545, 429.079444865, 1.9968124412, 1.4182370443, -48.860475887, -7.0715505327, 1.9465566247289998, 430.90644293180003, -99999.0, -99999.0, 26.39, 2.34, 28.73, -1.102, 3.109, 2.016, 791.0, 197.0, 320.0, 355.0, 7.0, 102.0, 229.0, -99999.0, -99999.0, 0.0
3634.0, 40.78068134166666, -111.94098467683334, 1290.608, 0.09, 35.2, -99999.0, -99999.0, -99999.0, -99999.0, -99999.0, -99999.0, -99999.0, 0.15112161966, 428.94714021, 1.9968124412, 1.4182370443, -48.860475887, -7.0436642852, 1.9465566247289998, 430.63158045275, -99999.0, 55.0, 26.37, 2.34, 28.7, -1.305, 3.109, 1.805, 513.0, 360.0, 451.0, -168.0, -197.0, 102.0, 8.0, -99999.0, -99999.0, 0.0
3635.0, 40.78068140800001, -111.94098527466667, 1290.633, 0.19, 35.1, -99999.0, -99999.0, -99999.0, -99999.0, -99999.0, -99999.0, -99999.0, 0.15112354894000002, 428.9345365, 1.9968597682, 1.4298127545, -99999.0, -99999.0, -99999.0, -99999.0, -99999.0, -99999.0, 26.37, 2.33, 28.69, -1.305, 3.109, 1.805, 569.0, 604.0, -78.0, 181.0, 298.0, 555.0, 159.0, -99999.0, -99999.0, 0.0
3636.0, 40.78068159733333, -111.94098576316668, 1290.58, 0.2, 35.0, -99999.0, -99999.0, -99999.0, -99999.0, -99999.0, -99999.0, -99999.0, 0.15112547822, 429.31413261, 1.9968597682, 1.4298127545, -52.158810779, -7.0157780377, 1.952551773391, 430.6317139078, -99999.0, 55.5, 26.37, 2.3, 28.66, -1.305, 3.109, 1.805, 319.0, 387.0, 333.0, 94.0, -68.0, 291.0, -261.0, -99999.0, -99999.0, 0.0
3637.0, 40.780681857666664, -111.94098587516667, 1290.529, 0.28, 35.0, -99999.0, -99999.0, -99999.0, -99999.0, -99999.0, -99999.0, -99999.0, 0.160775898, 429.31413261, 1.9968597682, 1.4298127545, -52.158810779, -7.0157780377, 1.952551773391, 430.6317139078, -99999.0, -99999.0, 26.38, 2.24, 28.62, -1.305, 3.109, 1.805, 735.0, 774.0, 33.0, 94.0, 597.0, 386.0, -8.0, -99999.0, -99999.0, 0.0
3638.0, 40.780682503666675, -111.94098570383333, 1290.517, 0.2, 35.0, -99999.0, -99999.0, -99999.0, -99999.0, -99999.0, -99999.0, -99999.0, 0.16077513139333333, 429.3218133533333, 1.9962385485, 1.4237544794, -52.158810779, -7.05898361905, 1.952551773391, 430.7550980037, -99999.0, 55.9, 26.37, 2.19, 28.56, -1.305, 3.109, 1.805, 388.0, 821.0, -59.0, -94.0, 332.0, -28.0, -8.0, -99999.0, -99999.0, 0.0
3639.0, 40.780683114999995, -111.94098584033333, 1290.479, 0.17, 35.0, -99999.0, -99999.0, -99999.0, -99999.0, -99999.0, -99999.0, -99999.0, 0.16019489435, 429.29987808, 1.9962385485, 1.4237544794, -99999.0, -99999.0, -99999.0, -99999.0, -99999.0, -99999.0, 26.3, 2.14, 28.45, -1.305, 3.109, 1.805, 28.0, 216.0, 599.0, 180.0, 270.0, 118.0, 334.0, -99999.0, -99999.0, 0.0
3640.0, 40.78068369866667, -111.94098588533333, 1290.461, 0.3, 35.0, -99999.0, -99999.0, -99999.0, -99999.0, -99999.0, -99999.0, -99999.0, 0.16019489435, 429.26925123, 1.9958445076, 1.4207478039, -52.761009654, -7.1021892004, 1.943165514651, 430.75489117570004, -99999.0, 56.6, 26.26, 2.12, 28.38, -1.305, 3.109, 1.805, 555.0, 122.0, 281.0, -87.0, 14.0, -35.0, -12.0, -99999.0, -99999.0, 0.0
3641.0, 40.780684240833324, -111.94098605100001, 1290.411, 0.37, 34.9, -99999.0, -99999.0, -99999.0, -99999.0, -99999.0, -99999.0, -99999.0, 0.16019648174, 429.36680329, 1.9958445076, 1.4207478039, -52.761009654, -7.1021892004, 1.943165514651, 430.75489117570004, -99999.0, -99999.0, 26.18, 2.11, 28.29, -1.305, 3.109, 1.805, 69.0, 285.0, 7.0, 181.0, 54.0, 189.0, -114.0, -99999.0, -99999.0, 0.0
3642.0, 40.78068469266667, -111.94098612583333, 1290.354, 0.36, 34.9, -99999.0, -99999.0, -99999.0, -99999.0, -99999.0, -99999.0, -99999.0, 0.14263940703, 429.46435535, 1.9958445076, 1.4207478039, -52.761009654, -7.98275186385, 1.943165514651, 430.17752929110003, -99999.0, 57.5, 26.16, 2.09, 28.24, -1.305, 3.109, 1.805, 664.0, 460.0, 332.0, 274.0, 284.0, 59.0, 415.0, -99999.0, -99999.0, 0.0
3643.0, 40.78068544966667, -111.94098627833334, 1290.282, 0.21, 34.9, -99999.0, -99999.0, -99999.0, -99999.0, -99999.0, -99999.0, -99999.0, 0.14263818775499998, 429.46774751, 1.9952715768, 1.4247581422, -99999.0, -99999.0, -99999.0, -99999.0, -99999.0, -99999.0, 26.11, 2.06, 28.17, -1.305, 3.109, 1.805, 539.0, -338.0, 235.0, 441.0, 162.0, -110.0, -252.0, -99999.0, -99999.0, 0.0
3644.0, 40.78068591216667, -111.94098626466666, 1290.216, 0.17, 34.9, -99999.0, -99999.0, -99999.0, -99999.0, -99999.0, -99999.0, -99999.0, 0.14263696848, 429.12987045, 1.9952715768, 1.4247581422, -58.93855323, -8.8633145273, 1.955241175067, 430.1733195868, -99999.0, 56.3, 26.07, 2.02, 28.09, -1.305, 3.109, 1.805, -55.0, 217.0, 39.0, 275.0, 217.0, -142.0, 478.0, -99999.0, -99999.0, 0.0
3645.0, 40.78068637833333, -111.94098641483333, 1290.14, 0.1, 34.9, -99999.0, -99999.0, -99999.0, -99999.0, -99999.0, -99999.0, -99999.0, 0.1534402342, 429.15735653499996, 1.99596338365, 1.4308911298, -58.93855323, -8.8633145273, 1.955241175067, 430.1733195868, -99999.0, -99999.0, 26.07, 1.97, 28.04, -1.305, 3.109, 1.805, -166.0, 387.0, 575.0, 181.0, 122.0, -205.0, 159.0, -99999.0, -99999.0, 0.0
3646.0, 40.78068666983333, -111.94098652333332, 1290.076, 0.05, 34.9, -99999.0, -99999.0, -99999.0, -99999.0, -99999.0, -99999.0, -99999.0, 0.15344049425, 429.2068055, 1.9966551905, 1.4370241174, -58.93855323, -7.86191024495, 1.955241175067, 429.89248710415, -99999.0, 54.6, 25.97, 1.93, 27.9, -1.305, 3.109, 1.805, 319.0, -47.0, 301.0, 623.0, 41.0, 189.0, 29.0, -99999.0, -99999.0, 0.0
3647.0, 40.78068691083333, -111.94098662583335, 1290.027, 0.13, 34.9, -99999.0, -99999.0, -99999.0, -99999.0, -99999.0, -99999.0, -99999.0, 0.14897377176, 429.22876838, 1.9966551905, 1.4370241174, -99999.0, -99999.0, -99999.0, -99999.0, -99999.0, -99999.0, 25.94, 1.89, 27.83, -1.305, 3.109, 1.805, 318.0, 433.0, -72.0, 180.0, -61.0, 286.0, 138.0, -99999.0, -99999.0, 0.0
3648.0, 40.78068715933334, -111.9409867565, 1289.982, 0.07, 34.9, -99999.0, -99999.0, -99999.0, -99999.0, -99999.0, -99999.0, -99999.0, 0.14897255457000003, 429.22652667, 1.9962622699, 1.4240948505, -54.570584197, -6.8605059626, 1.943735660258, 429.8972713371, -99999.0, 55.9, 26.0, 1.85, 27.85, -1.305, 3.109, 1.805, 444.0, 95.0, 190.0, 536.0, 278.0, 212.0, 180.0, -99999.0, -99999.0, 0.0
3649.0, 40.78068719216667, -111.940986664, 1289.943, 0.27, 34.9, -99999.0, -99999.0, -99999.0, -99999.0, -99999.0, -99999.0, -99999.0, 0.14897133738, 428.91806323, 1.9962622699, 1.4240948505, -54.570584197, -6.8605059626, 1.943735660258, 429.8972713371, -99999.0, -99999.0, 25.99, 1.83, 27.82, -1.305, 3.109, 1.805, 28.0, 169.0, 300.0, 180.0, 351.0, 86.0, 53.0, -99999.0, -99999.0, 0.0
3650.0, 40.780687339166676, -111.94098670999999, 1289.898, 0.24, 34.9, -99999.0, -99999.0, -99999.0, -99999.0, -99999.0, -99999.0, -99999.0, 0.14680164103, 428.89830352, 1.99636440345, 1.424705012, -54.570584197, -7.17121116565, 1.943735660258, 429.4557070861, -99999.0, 56.2, 25.98, 1.82, 27.8, -1.305, 3.109, 1.805, -99999.0, 358.0, 143.0, 434.0, 81.0, -314.0, -151.0, -99999.0, -99999.0, 0.0
3651.0, 40.78068744133333, -111.94098674033333, 1289.856, 0.09, 34.9, -99999.0, -99999.0, -99999.0, -99999.0, -99999.0, -99999.0, -99999.0, 0.14680150611, 428.82699146, 1.996466537, 1.4253151735, -99999.0, -99999.0, -99999.0, -99999.0, -99999.0, -99999.0, 25.99, 1.79, 27.79, -1.305, 3.109, 1.805, 387.0, 358.0, 52.0, 94.0, 189.0, -176.0, 195.0, -99999.0, -99999.0, 0.0
3652.0, 40.780687543333336, -111.94098675983332, 1289.815, 0.05, 34.9, -99999.0, -99999.0, -99999.0, -99999.0, -99999.0, -99999.0, -99999.0, 0.14917073841, 428.77543911, 1.996466537, 1.4253151735, -52.027604736, -7.4819163687, 1.9468222412060001, 429.4542242041, -99999.0, 54.2, 25.99, 1.78, 27.78, -1.305, 3.109, 1.805, 860.0, 170.0, 163.0, 268.0, 285.0, -114.0, 33.0, -99999.0, -99999.0, 0.0
3653.0, 40.78068771733333, -111.94098694483334, 1289.752, 0.49, 34.9, -99999.0, -99999.0, -99999.0, -99999.0, -99999.0, -99999.0, -99999.0, 0.14916637951, 428.70352342, 1.9969593311, 1.4027889618, -52.027604736, -7.4819163687, 1.9468222412060001, 429.1879824752, -99999.0, -99999.0, 25.99, 1.78, 27.77, -1.305, 3.109, 1.805, 541.0, 414.0, -39.0, 94.0, 271.0, 94.0, 86.0, -99999.0, -99999.0, 0.0
3654.0, 40.78068780266667, -111.94098687749998, 1289.704, 0.12, 34.9, -99999.0, -99999.0, -99999.0, -99999.0, -99999.0, -99999.0, -99999.0, 0.14916202061, 427.6614479, 1.9969593311, 1.4027889618, -52.027604736, -7.5946418257, 1.9468222412060001, 428.92120341609996, -99999.0, 55.0, 26.03, 1.74, 27.77, -1.305, 3.109, 1.805, 387.0, 216.0, -20.0, 94.0, -14.0, 4.0, 159.0, -99999.0, -99999.0, 0.0
3655.0, 40.780687977166664, -111.94098700016666, 1289.678, 0.11, 34.9, -99999.0, -99999.0, -99999.0, -99999.0, -99999.0, -99999.0, -99999.0, 0.15212401848, 427.61155853, 1.9978468893999999, 1.3992229109, -49.630894474, -7.5946418257, 1.94231492691, 428.92120341609996, -99999.0, -99999.0, 26.03, 1.69, 27.73, -1.305, 3.109, 1.805, 664.0, 507.0, 222.0, 361.0, 122.0, -63.0, 53.0, -99999.0, -99999.0, 0.0
3656.0, 40.78068796983333, -111.94098701833333, 1289.676, 0.02, 34.9, -99999.0, -99999.0, -99999.0, -99999.0, -99999.0, -99999.0, -99999.0, 0.15212321763, 427.51515495, 1.9987344477, 1.39565686, -99999.0, -99999.0, -99999.0, -99999.0, -99999.0, 58.8, 26.09, 1.61, 27.71, -1.305, 3.109, 1.805, 388.0, 434.0, 229.0, 87.0, 251.0, 51.0, 122.0, -99999.0, -99999.0, 0.0
3657.0, 40.780688299666664, -111.94098704566667, 1289.659, 0.16, 34.9, -99999.0, -99999.0, -99999.0, -99999.0, -99999.0, -99999.0, -99999.0, 0.1386712203, 427.46864074, 1.9987344477, 1.39565686, -49.630894474, -7.5946418257, 1.94231492691, 428.79353250074996, -99999.0, -99999.0, 26.11, 1.58, 27.69, -0.871, 2.594, 1.719, 539.0, 216.0, 117.0, 267.0, 182.0, 173.0, 277.0, -99999.0, -99999.0, 0.0
3658.0, 40.78068862283333, -111.94098698266667, 1289.658, 0.07, 34.8, -99999.0, -99999.0, -99999.0, -99999.0, -99999.0, -99999.0, -99999.0, 0.138670517835, 427.43428235, 1.9998242724, 1.3925730313, -49.630894474, -7.7751651538, 1.94231492691, 428.6650015943, -99999.0, 61.3, 26.12, 1.53, 27.65, -0.871, 2.594, 1.719, 264.0, -102.0, 314.0, 536.0, 176.0, 315.0, 69.0, -99999.0, -99999.0, 0.0
3659.0, 40.78068875766667, -111.94098703466668, 1289.675, 0.04, 34.8, -99999.0, -99999.0, -99999.0, -99999.0, -99999.0, -99999.0, -99999.0, 0.13866981537, 427.27767314, 1.9998242724, 1.3925730313, -47.015372734, -7.7751651538, 1.947632073446, 428.6650015943, -99999.0, -99999.0, 26.06, 1.49, 27.55, -0.871, 2.594, 1.719, -166.0, 536.0, 431.0, 87.0, 122.0, 283.0, 220.0, -99999.0, -99999.0, 0.0
