arc_raw/USOS-ARL-Suite_ARC_20240802_RA.ict
71,1001
Xinrong Ren
NOAA Air Resources Lab
ARC-Suite
USOS: Utah Summer Ozone Study
1,1
2024,08,02,2024,08,02
1
StartTime_seconds, seconds, Start time in UTC seconds since midnight
38
1,1,1,1,1,1,1,1,1,1,1,1,1,1,1,1,1,1,1,1,1,1,1,1,1,1,1,1,1,1,1,1,1,1,1,1,1,1
-99999,-99999,-99999,-99999,-99999,-99999,-99999,-99999,-99999,-99999,-99999,-99999,-99999,-99999,-99999,-99999,-99999,-99999,-99999,-99999,-99999,-99999,-99999,-99999,-99999,-99999,-99999,-99999,-99999,-99999,-99999,-99999,-99999,-99999,-99999,-99999,-99999,-99999
lat_DGPS_deg, degrees, Latitude in decimal by Hemisphere VS1100 Differential GPS
lon_DGPS_deg, degrees, Longitude in decimal by Hemisphere VS1100 Differential GPS
alt_msl_m, meters, GPS Altitude MSL
speed_km_h, km/s, vehicle speed
RH, percent, relative humidity
true_WS_m_s, m/s, wind speed by 2D sonic sensor
true_WD_deg, degree, wind direction by 2D sonic sensor
CH4_aeris313_ppm, ppm, CH4 mixing ratio by Aeris
H2O_aeris313_ppm, ppm, H2O mixing ratio by Aeris
C2H6_aeris313_ppb, ppb, C2H6 mixing ratio by Aeris
r_aeris313, 1, relavence between CH4 and C2H6 by Aeris
C2C1_aeris313, 1, C2H6 to CH4 ratio by Aeris
CO_g2401m_ppm, ppm, CO mixing ratio by Picarro G2401m
CO2_g2401m_ppm, ppm, CO2 mixing ratio by Picarro G2401m
CH4_g2401m_ppm, ppm, CH4 mixing ratio by Picarro G2401m
H2O_g2401m, ppm, H2O mixing ratio by Picarro G2401m
delta13C_CH4_raw, permill, delta 13C of CH4 by Picarro G2201i
delta13C_CO2_raw, permill, delta 13C of CO2 by Picarro G2201i
CH4_g2201i_ppm, ppm, CH4 mixing ratio by Picarro G2201i
CO2_g2201i_ppm, ppm, CO2 mixing ratio by Picarro G2201i
NH3_g2301_ppb, ppb, NH3 mixing ratio by Picarro G2301
O3_2B_ppm, ppm, O3 mixing ratio by 2B
NO_G60_ppb, ppb, NO mixing ratio by G60
NO2_G60_ppb, ppb, NO2 mixing ratio by G60
NOx_G60_ppb, ppb, NOx mixing ratio by G60
NO_N500_ppb, ppb, NO mixing ratio by N500
NO2_N500_ppb, ppb, NO2 mixing ratio by N500
NOx_N500_ppb, ppb, NOx mixing ratio by N500
BC370_AE43_ng_m3, ng/m3, Black Carbon at 370 nm by AE43
BC470_AE43_ng_m3, ng/m3, Black Carbon at 470 nm by AE43
BC520_AE43_ng_m3, ng/m3, Black Carbon at 520 nm by AE43
BC590_AE43_ng_m3, ng/m3, Black Carbon at 590 nm by AE43
BC660_AE43_ng_m3, ng/m3, Black Carbon at 660 nm by AE43
BC880_AE43_ng_m3, ng/m3, Black Carbon at 880 nm by AE43
BC950_AE43_ng_m3, ng/m3, Black Carbon at 950 nm by AE43
PM25, ug/m3, PM2.5 by particle sensor
PM10, ug/m3, PM10 by particle sensor
Valve, boolian, indicator of valve conditions;0 is measurement; 10 is zeroing; 11 is spanning
1
SPECIAL COMMENTS, N/A
18
PI_CONTACT_INFO: xinrong.ren@noaa.gov, 301-683-1391, NOAA/ARL, 5830 University Research Court, College Park, MD 20740
PLATFORM: NOAA Air Resources Car
LOCATION: Salt Lake City
ASSOCIATED_DATA: N/A
INSTRUMENT_INFO: Hemisphere VS1100 differential GPS (Latitude, Longitude, GPS Altitude, speed), meteorological sensor (RH, WS, WD), 2B (O3), G60 CRDS (NO-NOx), Teledyne N500 (NO-NOx), Picarro G2401-m (CO2, CH4, CO, H2O), Picarro G2201i (CO2, CH4, d13C_CO2, d13C_CH4, H2O), Picarro 2301 (NH3), Aeris Ultra MIRA (CH4, C2H6, H2O, r, C2/C1), AE43 (Black Carbon), Partical sensor (PM2.5, PM10)
DATA_INFO: Records are reported at 1-second intervals. Hemisphere VS1100 differential GPS has 1-second ntervals. 2B O3 values are reported 2-second averages. G60 Cavity Rong Down NO-NO2-NO2 has 1-second average. Teledyne CAPS NO2 analyzer has 10-second time resolution. Picarro 2401m (CO2, CH4, CO, H2O) data has 2.5-second time resolution. Picarro 2201i (isotope) has ~5 second time resolution. Aeris Ultra MIRA has 1-second integration time. AE43 data are 10-second moving averages. Partical sensor has 10-second time resolution.
UNCERTAINTY: -99999, -99999, -99999, 15 m, -99999, -99999, -99999, -99999, 1 ppb, 100 ppm, 0.2 ppb, -99999, -99999, 5 ppb, 0.1 ppm, 1 ppb, 100 ppm, -99999, -99999, -99999, -99999, 2 ppb, 0.3 ppb, -99999, -99999, -99999, 0.05 ppb, 0.05 ppb, 0.05 ppb, 10 ng/m3, 10 ng/m3, 10 ng/m3, 10 ng/m3, 10 ng/m3, 10 ng/m3, 10 ng/m3, 10 ng/m3, 0
ULOD_FLAG: -77777
ULOD_VALUE: N/A
LLOD_FLAG: -88888
LLOD_VALUE: N/A
DM_CONTACT_INFO: Jiayang Sun; University of Maryland; jiayangs@umd.edu
PROJECT_INFO: USOS July - Aug 2024 https://deq.utah.gov/air-quality/utah-summer-ozone-study-usos
STIPULATIONS_ON_USE: Use of these data requires prior ok from PI.
OTHER_COMMENTS: N/A
REVISION: RA
RA: Preliminary Data for in-field use only.
StartTime_seconds, lat_DGPS_deg, lon_DGPS_deg, alt_msl_m, speed_km_h, RH, true_WS_m_s, true_WD_deg, CH4_aeris313_ppm, H2O_aeris313_ppm, C2H6_aeris313_ppb, r_aeris313, C2C1_aeris313, CO_g2401m_ppm, CO2_g2401m_ppm, CH4_g2401m_ppm, H2O_g2401m, delta13C_CH4_raw, delta13C_CO2_raw, CH4_g2201i_ppm, CO2_g2201i_ppm, NH3_g2301_ppb, O3_2B_ppm, NO_G60_ppb, NO2_G60_ppb, NOx_G60_ppb, NO_N500_ppb, NO2_N500_ppb, NOx_N500_ppb, BC370_AE43_ng_m3, BC470_AE43_ng_m3, BC520_AE43_ng_m3, BC590_AE43_ng_m3, BC660_AE43_ng_m3, BC880_AE43_ng_m3, BC950_AE43_ng_m3, PM25, PM10, Valve
[from data line 929]
929.0, 40.780678152499995, -111.9409834475, 1289.474, 0.13, 12.7, 1.11, 248.66, 2.0336, 11186.8, -1.46298, 0.17539, -99999.0, -99999.0, -99999.0, -99999.0, -99999.0, -99999.0, -99999.0, -99999.0, -99999.0, -99999.0, -99999.0, 7.98, 0.31, 8.29, -1.055, 4.062, 3.0, 795.0, 554.0, 473.0, 521.0, 693.0, 497.0, 464.0, -99999.0, -99999.0, 0.0
930.0, 40.780678000500004, -111.94098325133334, 1289.497, 0.06, 12.7, 0.53, 180.57, 2.03528, 11188.0, -1.72377, 0.145773, -99999.0, -99999.0, -99999.0, -99999.0, -99999.0, -99999.0, -99999.0, -99999.0, -99999.0, -99999.0, 68.8, 8.0, 0.28, 8.28, -1.055, 4.062, 3.0, 846.0, 813.0, 710.0, 307.0, 630.0, 369.0, 30.0, -99999.0, -99999.0, 0.0
931.0, 40.78067797083334, -111.94098314366666, 1289.522, 0.14, 12.7, 0.7, 233.7, 2.03395, 11141.1, -1.54167, 0.149161, -99999.0, -99999.0, -99999.0, -99999.0, -99999.0, -99999.0, -99999.0, -99999.0, -99999.0, -99999.0, -99999.0, 7.94, 0.26, 8.2, -1.055, 4.062, 3.0, 785.0, 471.0, 486.0, 421.0, 552.0, 506.0, 137.0, -99999.0, -99999.0, 0.0
932.0, 40.78067789066667, -111.94098301300001, 1289.541, 0.14, 12.7, 0.52, 223.92, 2.03437, 11083.0, -1.66894, 0.161322, -99999.0, -99999.0, -99999.0, -99999.0, -99999.0, -99999.0, -99999.0, -99999.0, -99999.0, -99999.0, 72.3, 7.91, 0.25, 8.16, -1.055, 4.062, 3.0, 759.0, 1285.0, 1027.0, 648.0, 511.0, 169.0, 317.0, -99999.0, -99999.0, 0.0
933.0, 40.780677935499995, -111.9409829825, 1289.539, 0.02, 12.7, 0.8, 179.35, 2.035, 11044.0, -1.26182, 0.175502, -99999.0, -99999.0, -99999.0, -99999.0, -99999.0, -99999.0, -99999.0, -99999.0, -99999.0, -99999.0, -99999.0, 7.9, 0.23, 8.13, -1.055, 4.062, 3.0, 892.0, 713.0, 847.0, 622.0, 548.0, 602.0, 317.0, -99999.0, -99999.0, 0.0
934.0, 40.78067796516667, -111.94098289, 1289.548, 0.08, 12.7, 0.45, 190.34, 2.0353, 11038.4, -1.66286, 0.158937, -99999.0, -99999.0, -99999.0, -99999.0, -99999.0, -99999.0, -99999.0, -99999.0, -99999.0, -99999.0, 74.2, 7.83, 0.21, 8.04, -1.055, 4.062, 3.0, 550.0, 813.0, 436.0, 755.0, 141.0, 137.0, 170.0, -99999.0, -99999.0, 0.0
935.0, 40.7806780115, -111.940982778, 1289.548, 0.08, 12.7, 0.31, 183.31, 2.0349, 11040.7, -1.54522, 0.248228, -99999.0, -99999.0, -99999.0, -99999.0, -99999.0, -99999.0, -99999.0, -99999.0, -99999.0, -99999.0, -99999.0, 7.78, 0.21, 7.98, 0.73, 1.922, 2.641, 897.0, 536.0, 286.0, 575.0, 626.0, 711.0, 325.0, -99999.0, -99999.0, 0.0
936.0, 40.78067801533333, -111.94098269316667, 1289.559, 0.03, 12.7, 0.33, 235.33, 2.03506, 11019.2, -1.23405, 0.231615, -99999.0, -99999.0, -99999.0, -99999.0, -99999.0, -99999.0, -99999.0, -99999.0, -99999.0, -99999.0, 71.4, 7.75, 0.21, 7.96, 0.73, 1.922, 2.641, 917.0, 725.0, 623.0, 521.0, 589.0, 442.0, 424.0, -99999.0, -99999.0, 0.0
937.0, 40.78067806883334, -111.94098261633332, 1289.561, 0.14, 12.8, 0.3, 11.43, 2.03354, 10992.4, -1.3805, 0.210458, -99999.0, -99999.0, -99999.0, -99999.0, -99999.0, -99999.0, -99999.0, -99999.0, -99999.0, -99999.0, -99999.0, 7.7, 0.2, 7.9, 0.73, 1.922, 2.641, 759.0, 560.0, 510.0, 468.0, 145.0, 424.0, 363.0, -99999.0, -99999.0, 0.0
938.0, 40.780678135833334, -111.94098257083333, 1289.568, 0.05, 12.8, 0.48, 195.81, 2.0346, 10974.5, -1.11178, 0.23201, -99999.0, -99999.0, -99999.0, -99999.0, -99999.0, -99999.0, -99999.0, -99999.0, -99999.0, -99999.0, 67.1, 7.71, 0.2, 7.91, 0.73, 1.922, 2.641, 769.0, 301.0, 498.0, 541.0, 767.0, 501.0, 523.0, -99999.0, -99999.0, 0.0
939.0, 40.780678133833334, -111.94098248133332, 1289.584, 0.2, 12.8, 0.0, 0.0, 2.03426, 10976.8, -1.12716, 0.299184, -99999.0, -99999.0, -99999.0, -99999.0, -99999.0, -99999.0, -99999.0, -99999.0, -99999.0, -99999.0, -99999.0, 7.69, 0.21, 7.9, 0.73, 1.922, 2.641, 943.0, 684.0, 168.0, 916.0, 404.0, 223.0, 465.0, -99999.0, -99999.0, 0.0
940.0, 40.78067821316667, -111.9409824125, 1289.587, 0.03, 12.8, 0.36, 124.55, 2.03287, 10988.9, -1.00025, 0.180655, -99999.0, -99999.0, -99999.0, -99999.0, -99999.0, -99999.0, -99999.0, -99999.0, -99999.0, -99999.0, 64.7, 7.68, 0.23, 7.9, 0.73, 1.922, 2.641, 917.0, 395.0, 255.0, 207.0, 508.0, 561.0, 556.0, -99999.0, -99999.0, 0.0
941.0, 40.78067823333333, -111.9409823215, 1289.595, 0.11, 12.8, 0.0, 0.0, 2.03447, 11016.8, -1.28921, 0.177447, -99999.0, -99999.0, -99999.0, -99999.0, -99999.0, -99999.0, -99999.0, -99999.0, -99999.0, -99999.0, -99999.0, 7.68, 0.23, 7.91, 0.73, 1.922, 2.641, 836.0, 554.0, 243.0, 515.0, 734.0, 419.0, 833.0, -99999.0, -99999.0, 0.0
942.0, 40.78067825716667, -111.94098225199998, 1289.604, 0.11, 12.8, 0.0, 0.0, 2.0352, 11047.0, -1.09228, 0.235453, -99999.0, -99999.0, -99999.0, -99999.0, -99999.0, -99999.0, -99999.0, -99999.0, -99999.0, -99999.0, 63.2, 7.73, 0.24, 7.98, 0.73, 1.922, 2.641, 1050.0, 837.0, 847.0, 80.0, 845.0, 488.0, 399.0, -99999.0, -99999.0, 0.0
943.0, 40.78067824666667, -111.94098216649999, 1289.615, 0.01, 12.8, 0.0, 0.0, 2.03711, 11078.2, -0.997268, 0.325583, -99999.0, -99999.0, -99999.0, -99999.0, -99999.0, -99999.0, -99999.0, -99999.0, -99999.0, -99999.0, -99999.0, 7.69, 0.27, 7.96, 0.73, 1.922, 2.641, 713.0, 578.0, 697.0, 287.0, 441.0, 511.0, 366.0, -99999.0, -99999.0, 0.0
944.0, 40.78067822083334, -111.94098203216666, 1289.625, 0.15, 12.8, 0.36, 227.33, 2.03337, 11093.8, -1.13484, 0.114835, -99999.0, -99999.0, -99999.0, -99999.0, -99999.0, -99999.0, -99999.0, -99999.0, -99999.0, -99999.0, 61.5, 7.64, 0.31, 7.96, 0.73, 1.922, 2.641, 438.0, 625.0, 666.0, 388.0, 689.0, 219.0, 581.0, -99999.0, -99999.0, 0.0
945.0, 40.780678135333325, -111.94098186983335, 1289.643, 0.16, 12.8, 0.33, 217.52, 2.03498, 11098.6, -1.58555, 0.123982, -99999.0, -99999.0, -99999.0, -99999.0, -99999.0, -99999.0, -99999.0, -99999.0, -99999.0, -99999.0, -99999.0, 7.65, 0.35, 8.01, 0.73, 1.922, 2.641, 978.0, 878.0, 604.0, 314.0, 774.0, 406.0, 350.0, -99999.0, -99999.0, 0.0
946.0, 40.78067817216667, -111.940981813, 1289.653, 0.07, 12.8, 0.59, 200.25, 2.0364, 11133.6, -0.97595, 0.25914, -99999.0, -99999.0, -99999.0, -99999.0, -99999.0, -99999.0, -99999.0, -99999.0, -99999.0, -99999.0, 61.5, 7.65, 0.37, 8.03, 0.73, 1.922, 2.641, 836.0, 943.0, 62.0, 414.0, 359.0, 365.0, 305.0, -99999.0, -99999.0, 0.0
947.0, 40.78067816533333, -111.94098172666666, 1289.664, 0.08, 12.8, 0.7, 195.56, 2.03657, 11174.5, -1.55705, 0.183923, -99999.0, -99999.0, -99999.0, -99999.0, -99999.0, -99999.0, -99999.0, -99999.0, -99999.0, -99999.0, -99999.0, 7.67, 0.4, 8.06, 0.73, 1.922, 2.641, 907.0, 707.0, 921.0, 107.0, 548.0, 406.0, 718.0, -99999.0, -99999.0, 0.0
948.0, 40.78067815233334, -111.94098167149998, 1289.673, 0.1, 12.8, 1.1, 190.2, 2.03586, 11203.5, -1.2751, 0.180304, -99999.0, -99999.0, -99999.0, -99999.0, -99999.0, -99999.0, -99999.0, -99999.0, -99999.0, -99999.0, 64.1, 7.6, 0.42, 8.02, 0.73, 1.922, 2.641, 759.0, 860.0, 442.0, 361.0, 185.0, 337.0, 160.0, -99999.0, -99999.0, 0.0
949.0, 40.780678171999995, -111.94098161750001, 1289.679, 0.06, 12.8, 0.4, 155.2, 2.03479, 11231.5, -1.53401, 0.170784, -99999.0, -99999.0, -99999.0, -99999.0, -99999.0, -99999.0, -99999.0, -99999.0, -99999.0, -99999.0, -99999.0, 7.65, 0.42, 8.07, 0.73, 1.922, 2.641, 367.0, 619.0, 560.0, 709.0, 404.0, 556.0, 249.0, -99999.0, -99999.0, 0.0
950.0, 40.7806781615, -111.9409815525, 1289.692, 0.11, 12.8, 0.0, 0.0, 2.03547, 11243.1, -1.42259, 0.141895, -99999.0, -99999.0, -99999.0, -99999.0, -99999.0, -99999.0, -99999.0, -99999.0, -99999.0, -99999.0, 66.3, 7.61, 0.44, 8.05, 0.73, 1.922, 2.641, 831.0, 359.0, 392.0, 515.0, -41.0, 273.0, 564.0, -99999.0, -99999.0, 0.0
951.0, 40.78067816083333, -111.94098149266668, 1289.705, 0.05, 12.8, 0.42, 293.03, 2.0337, 11230.6, -0.9842, 0.0803661, -99999.0, -99999.0, -99999.0, -99999.0, -99999.0, -99999.0, -99999.0, -99999.0, -99999.0, -99999.0, -99999.0, 7.57, 0.46, 8.03, 0.73, 1.922, 2.641, 489.0, 878.0, 548.0, 521.0, 626.0, 87.0, 178.0, -99999.0, -99999.0, 0.0
952.0, 40.78067816933333, -111.94098146983333, 1289.72, 0.07, 12.7, 0.51, 236.44, 2.03493, 11172.6, -1.54878, 0.0677521, -99999.0, -99999.0, -99999.0, -99999.0, -99999.0, -99999.0, -99999.0, -99999.0, -99999.0, -99999.0, 65.9, 7.62, 0.43, 8.06, 0.73, 1.922, 2.641, 882.0, 837.0, 635.0, 521.0, 330.0, 570.0, 642.0, -99999.0, -99999.0, 0.0
953.0, 40.78067818966667, -111.94098144433335, 1289.729, 0.09, 12.6, 0.52, 131.37, 2.03307, 11099.2, -1.40408, 0.0925359, -99999.0, -99999.0, -99999.0, -99999.0, -99999.0, -99999.0, -99999.0, -99999.0, -99999.0, -99999.0, -99999.0, 7.68, 0.45, 8.13, 0.73, 1.922, 2.641, 418.0, 754.0, 436.0, 568.0, 185.0, 474.0, 442.0, -99999.0, -99999.0, 0.0
954.0, 40.7806782305, -111.94098142716666, 1289.74, 0.12, 12.5, 0.38, 184.06, 2.03546, 11034.0, -1.26064, 0.06174, -99999.0, -99999.0, -99999.0, -99999.0, -99999.0, -99999.0, -99999.0, -99999.0, -99999.0, -99999.0, 63.8, 7.64, 0.47, 8.11, 0.73, 1.922, 2.641, 683.0, 365.0, 467.0, 729.0, 478.0, 675.0, 487.0, -99999.0, -99999.0, 0.0
955.0, 40.78067822416666, -111.94098138899999, 1289.755, 0.09, 12.5, 0.47, 234.84, 2.03327, 10989.6, -1.19883, 0.0294773, -99999.0, -99999.0, -99999.0, -99999.0, -99999.0, -99999.0, -99999.0, -99999.0, -99999.0, -99999.0, -99999.0, 7.67, 0.48, 8.15, 0.73, 1.922, 2.641, 428.0, 407.0, 760.0, 421.0, 367.0, 77.0, 272.0, -99999.0, -99999.0, 0.0
956.0, 40.780678273666666, -111.94098137033333, 1289.762, 0.09, 12.4, 0.0, 0.0, 2.03424, 10954.2, -1.81127, 0.0241975, -99999.0, -99999.0, -99999.0, -99999.0, -99999.0, -99999.0, -99999.0, -99999.0, -99999.0, -99999.0, 63.0, 7.62, 0.51, 8.12, 0.73, 1.922, 2.641, 785.0, 106.0, 548.0, 414.0, 912.0, 611.0, 553.0, -99999.0, -99999.0, 0.0
957.0, 40.780678298666665, -111.9409813405, 1289.775, 0.04, 12.4, 0.0, 0.0, 2.03499, 10923.9, -1.65527, 0.00332935, -99999.0, -99999.0, -99999.0, -99999.0, -99999.0, -99999.0, -99999.0, -99999.0, -99999.0, -99999.0, -99999.0, 7.61, 0.53, 8.14, -0.715, 1.922, 1.203, 907.0, 860.0, 921.0, -99999.0, 222.0, -128.0, 670.0, -99999.0, -99999.0, 0.0
958.0, 40.78067834766667, -111.94098133883332, 1289.784, 0.05, 12.3, 0.83, 157.8, 2.03597, 10913.4, -1.12756, 0.0112003, -99999.0, -99999.0, -99999.0, -99999.0, -99999.0, -99999.0, -99999.0, -99999.0, -99999.0, -99999.0, 63.9, 7.61, 0.56, 8.17, -0.715, 1.922, 1.203, 489.0, 383.0, 697.0, 622.0, 552.0, 588.0, 561.0, -99999.0, -99999.0, 0.0
959.0, 40.780678416166666, -111.94098135966667, 1289.787, 0.09, 12.3, 0.44, 170.34, 2.03489, 10949.4, -1.44378, -0.00766989, -99999.0, -99999.0, -99999.0, -99999.0, -99999.0, -99999.0, -99999.0, -99999.0, -99999.0, -99999.0, -99999.0, 7.6, 0.58, 8.17, -0.715, 1.922, 1.203, 821.0, 436.0, 498.0, 394.0, 689.0, 542.0, 355.0, -99999.0, -99999.0, 0.0
960.0, 40.78067847883334, -111.9409813835, 1289.794, 0.12, 12.3, 0.72, 166.51, 2.03492, 11023.6, -1.57103, 0.0140081, -99999.0, -99999.0, -99999.0, -99999.0, -99999.0, -99999.0, -99999.0, -99999.0, -99999.0, -99999.0, 62.4, 7.59, 0.62, 8.21, -0.715, 1.922, 1.203, 907.0, 648.0, 560.0, 515.0, 330.0, 510.0, 378.0, -99999.0, -99999.0, 0.0
961.0, 40.78067860583334, -111.94098142583334, 1289.803, 0.02, 12.3, 0.37, 162.74, 2.03285, 11094.8, -1.35251, -0.00602221, -99999.0, -99999.0, -99999.0, -99999.0, -99999.0, -99999.0, -99999.0, -99999.0, -99999.0, -99999.0, -99999.0, 7.61, 0.67, 8.27, -0.715, 1.922, 1.203, 907.0, 489.0, 486.0, 441.0, 548.0, -50.0, 289.0, -99999.0, -99999.0, 0.0
962.0, 40.78067874733333, -111.94098150149999, 1289.812, 0.08, 12.3, 0.73, 160.82, 2.0359, 11134.3, -1.28226, -0.0167435, -99999.0, -99999.0, -99999.0, -99999.0, -99999.0, -99999.0, -99999.0, -99999.0, -99999.0, -99999.0, 57.7, 7.61, 0.7, 8.32, -0.715, 1.922, 1.203, 917.0, 625.0, 411.0, 368.0, 437.0, 100.0, 558.0, -99999.0, -99999.0, 0.0
963.0, 40.78067888066666, -111.94098157366668, 1289.823, 0.03, 12.4, 0.92, 164.34, 2.03604, 11151.0, -1.65713, -0.0693193, -99999.0, -99999.0, -99999.0, -99999.0, -99999.0, -99999.0, -99999.0, -99999.0, -99999.0, -99999.0, -99999.0, 7.62, 0.77, 8.39, -0.715, 1.922, 1.203, 1203.0, 731.0, 511.0, 361.0, 552.0, 761.0, 294.0, -99999.0, -99999.0, 0.0
964.0, 40.780679010666674, -111.94098166366666, 1289.831, 0.05, 12.5, 0.46, 154.97, 2.03725, 11172.0, -1.66967, -0.142628, -99999.0, -99999.0, -99999.0, -99999.0, -99999.0, -99999.0, -99999.0, -99999.0, -99999.0, -99999.0, 56.7, 7.68, 0.82, 8.5, -0.715, 1.922, 1.203, 770.0, 943.0, 498.0, 682.0, 367.0, 214.0, 678.0, -99999.0, -99999.0, 0.0
965.0, 40.78067910950001, -111.94098172133333, 1289.842, 0.08, 12.6, 0.36, 166.69, 2.0327, 11186.9, -1.78733, -0.0232601, -99999.0, -99999.0, -99999.0, -99999.0, -99999.0, -99999.0, -99999.0, -99999.0, -99999.0, -99999.0, -99999.0, 7.72, 0.86, 8.58, -0.715, 1.922, 1.203, 734.0, 625.0, 517.0, 702.0, 548.0, 775.0, 581.0, -99999.0, -99999.0, 0.0
966.0, 40.78067924966666, -111.94098180816667, 1289.851, 0.16, 12.6, 0.76, 200.7, 2.03304, 11217.5, -1.28071, -0.0388331, -99999.0, -99999.0, -99999.0, -99999.0, -99999.0, -99999.0, -99999.0, -99999.0, -99999.0, -99999.0, 58.9, 7.75, 0.93, 8.68, -0.715, 1.922, 1.203, 1040.0, 796.0, 610.0, 468.0, 693.0, 602.0, 368.0, -99999.0, -99999.0, 0.0
967.0, 40.780679324833336, -111.94098185033333, 1289.865, 0.03, 12.7, 0.73, 227.22, 2.03531, 11212.8, -1.45423, -0.0489179, -99999.0, -99999.0, -99999.0, -99999.0, -99999.0, -99999.0, -99999.0, -99999.0, -99999.0, -99999.0, -99999.0, 7.66, 1.03, 8.68, -0.715, 1.922, 1.203, 922.0, 625.0, 243.0, 495.0, 697.0, 433.0, 315.0, -99999.0, -99999.0, 0.0
968.0, 40.78067941966667, -111.94098190166666, 1289.873, 0.17, 12.7, 0.92, 188.31, 2.03478, 11179.5, -1.69378, -0.040854, -99999.0, -99999.0, -99999.0, -99999.0, -99999.0, -99999.0, -99999.0, -99999.0, -99999.0, -99999.0, 61.1, 7.71, 1.11, 8.82, -0.715, 1.922, 1.203, 968.0, 477.0, 436.0, 287.0, 693.0, 852.0, 523.0, -99999.0, -99999.0, 0.0
969.0, 40.78067948933333, -111.940981947, 1289.882, 0.09, 12.7, 0.74, 189.79, 2.03475, 11164.5, -0.766724, -0.0290345, -99999.0, -99999.0, -99999.0, -99999.0, -99999.0, -99999.0, -99999.0, -99999.0, -99999.0, -99999.0, -99999.0, 7.73, 1.19, 8.92, -0.715, 1.922, 1.203, 612.0, 601.0, 741.0, 648.0, 404.0, 287.0, 599.0, -99999.0, -99999.0, 0.0
970.0, 40.780679563499994, -111.94098198383332, 1289.887, 0.08, 12.7, 0.9, 193.6, 2.03521, 11181.2, -1.12476, 0.0540779, -99999.0, -99999.0, -99999.0, -99999.0, -99999.0, -99999.0, -99999.0, -99999.0, -99999.0, -99999.0, 64.7, 7.72, 1.25, 8.97, -0.715, 1.922, 1.203, 907.0, 790.0, 940.0, 495.0, 734.0, 766.0, 360.0, -99999.0, -99999.0, 0.0
971.0, 40.78067964616666, -111.94098202933334, 1289.891, 0.04, 12.7, 1.05, 234.8, 2.03547, 11240.3, -0.998625, 0.0757404, -99999.0, -99999.0, -99999.0, -99999.0, -99999.0, -99999.0, -99999.0, -99999.0, -99999.0, -99999.0, -99999.0, 7.67, 1.35, 9.01, -0.715, 1.922, 1.203, 683.0, 542.0, 847.0, 749.0, 841.0, 77.0, 401.0, -99999.0, -99999.0, 0.0
972.0, 40.78067970933334, -111.94098202766666, 1289.9, 0.04, 12.7, 1.65, 244.68, 2.03423, 11307.1, -1.48781, 0.0782407, -99999.0, -99999.0, -99999.0, -99999.0, -99999.0, -99999.0, -99999.0, -99999.0, -99999.0, -99999.0, 64.0, 7.71, 1.41, 9.12, -0.715, 1.922, 1.203, 673.0, 324.0, 784.0, 468.0, -4.0, 757.0, 185.0, -99999.0, -99999.0, 0.0
973.0, 40.780679758333335, -111.94098204816667, 1289.912, 0.09, 12.7, 1.43, 247.24, 2.03459, 11356.3, -1.51231, -0.0060006, -99999.0, -99999.0, -99999.0, -99999.0, -99999.0, -99999.0, -99999.0, -99999.0, -99999.0, -99999.0, -99999.0, 7.72, 1.44, 9.16, -0.715, 1.922, 1.203, 917.0, 748.0, 560.0, 448.0, 993.0, 442.0, 452.0, -99999.0, -99999.0, 0.0
974.0, 40.78067982983333, -111.94098206883334, 1289.925, 0.06, 12.7, 1.5, 242.95, 2.03403, 11389.5, -1.26806, 0.0260808, -99999.0, -99999.0, -99999.0, -99999.0, -99999.0, -99999.0, -99999.0, -99999.0, -99999.0, -99999.0, 58.7, 7.69, 1.49, 9.18, -0.715, 1.922, 1.203, 861.0, 301.0, 604.0, 414.0, 400.0, -73.0, 604.0, -99999.0, -99999.0, 0.0
