arc_raw/USOS-ARL-Suite_ARC_20240730_RA.ict
71,1001
Xinrong Ren
NOAA Air Resources Lab
ARC-Suite
USOS: Utah Summer Ozone Study
1,1
2024,07,30,2024,07,30
1
StartTime_seconds, seconds, Start time in UTC seconds since midnight
38
1,1,1,1,1,1,1,1,1,1,1,1,1,1,1,1,1,1,1,1,1,1,1,1,1,1,1,1,1,1,1,1,1,1,1,1,1,1
-99999,-99999,-99999,-99999,-99999,-99999,-99999,-99999,-99999,-99999,-99999,-99999,-99999,-99999,-99999,-99999,-99999,-99999,-99999,-99999,-99999,-99999,-99999,-99999,-99999,-99999,-99999,-99999,-99999,-99999,-99999,-99999,-99999,-99999,-99999,-99999,-99999,-99999
lat_DGPS_deg, degrees, Latitude in decimal by Hemisphere VS1100 Differential GPS
lon_DGPS_deg, degrees, Longitude in decimal by Hemisphere VS1100 Differential GPS
alt_msl_m, meters, GPS Altitude MSL
speed_km_h, km/s, vehicle speed
RH, percent, relative humidity
true_WS_m_s, m/s, wind speed by 2D sonic sensor
true_WD_deg, degree, wind direction by 2D sonic sensor
CH4_aeris313_ppm, ppm, CH4 mixing ratio by Aeris
H2O_aeris313_ppm, ppm, H2O mixing ratio by Aeris
C2H6_aeris313_ppb, ppb, C2H6 mixing ratio by Aeris
r_aeris313, 1, relavence between CH4 and C2H6 by Aeris
C2C1_aeris313, 1, C2H6 to CH4 ratio by Aeris
CO_g2401m_ppm, ppm, CO mixing ratio by Picarro G2401m
CO2_g2401m_ppm, ppm, CO2 mixing ratio by Picarro G2401m
CH4_g2401m_ppm, ppm, CH4 mixing ratio by Picarro G2401m
H2O_g2401m, ppm, H2O mixing ratio by Picarro G2401m
delta13C_CH4_raw, permill, delta 13C of CH4 by Picarro G2201i
delta13C_CO2_raw, permill, delta 13C of CO2 by Picarro G2201i
CH4_g2201i_ppm, ppm, CH4 mixing ratio by Picarro G2201i
CO2_g2201i_ppm, ppm, CO2 mixing ratio by Picarro G2201i
NH3_g2301_ppb, ppb, NH3 mixing ratio by Picarro G2301
O3_2B_ppm, ppm, O3 mixing ratio by 2B
NO_G60_ppb, ppb, NO mixing ratio by G60
NO2_G60_ppb, ppb, NO2 mixing ratio by G60
NOx_G60_ppb, ppb, NOx mixing ratio by G60
NO_N500_ppb, ppb, NO mixing ratio by N500
NO2_N500_ppb, ppb, NO2 mixing ratio by N500
NOx_N500_ppb, ppb, NOx mixing ratio by N500
BC370_AE43_ng_m3, ng/m3, Black Carbon at 370 nm by AE43
BC470_AE43_ng_m3, ng/m3, Black Carbon at 470 nm by AE43
BC520_AE43_ng_m3, ng/m3, Black Carbon at 520 nm by AE43
BC590_AE43_ng_m3, ng/m3, Black Carbon at 590 nm by AE43
BC660_AE43_ng_m3, ng/m3, Black Carbon at 660 nm by AE43
BC880_AE43_ng_m3, ng/m3, Black Carbon at 880 nm by AE43
BC950_AE43_ng_m3, ng/m3, Black Carbon at 950 nm by AE43
PM25, ug/m3, PM2.5 by particle sensor
PM10, ug/m3, PM10 by particle sensor
Valve, boolian, indicator of valve conditions;0 is measurement; 10 is zeroing; 11 is spanning
1
SPECIAL COMMENTS, N/A
18
PI_CONTACT_INFO: xinrong.ren@noaa.gov, 301-683-1391, NOAA/ARL, 5830 University Research Court, College Park, MD 20740
PLATFORM: NOAA Air Resources Car
LOCATION: Salt Lake City
ASSOCIATED_DATA: N/A
INSTRUMENT_INFO: Hemisphere VS1100 differential GPS (Latitude, Longitude, GPS Altitude, speed), meteorological sensor (RH, WS, WD), 2B (O3), G60 CRDS (NO-NOx), Teledyne N500 (NO-NOx), Picarro G2401-m (CO2, CH4, CO, H2O), Picarro G2201i (CO2, CH4, d13C_CO2, d13C_CH4, H2O), Picarro 2301 (NH3), Aeris Ultra MIRA (CH4, C2H6, H2O, r, C2/C1), AE43 (Black Carbon), Partical sensor (PM2.5, PM10)
DATA_INFO: Records are reported at 1-second intervals. Hemisphere VS1100 differential GPS has 1-second ntervals. 2B O3 values are reported 2-second averages. G60 Cavity Rong Down NO-NO2-NO2 has 1-second average. Teledyne CAPS NO2 analyzer has 10-second time resolution. Picarro 2401m (CO2, CH4, CO, H2O) data has 2.5-second time resolution. Picarro 2201i (isotope) has ~5 second time resolution. Aeris Ultra MIRA has 1-second integration time. AE43 data are 10-second moving averages. Partical sensor has 10-second time resolution.
UNCERTAINTY: -99999, -99999, -99999, 15 m, -99999, -99999, -99999, -99999, 1 ppb, 100 ppm, 0.2 ppb, -99999, -99999, 5 ppb, 0.1 ppm, 1 ppb, 100 ppm, -99999, -99999, -99999, -99999, 2 ppb, 0.3 ppb, -99999, -99999, -99999, 0.05 ppb, 0.05 ppb, 0.05 ppb, 10 ng/m3, 10 ng/m3, 10 ng/m3, 10 ng/m3, 10 ng/m3, 10 ng/m3, 10 ng/m3, 10 ng/m3, 0
ULOD_FLAG: -77777
ULOD_VALUE: N/A
LLOD_FLAG: -88888
LLOD_VALUE: N/A
DM_CONTACT_INFO: Jiayang Sun; University of Maryland; jiayangs@umd.edu
PROJECT_INFO: USOS July - Aug 2024 https://deq.utah.gov/air-quality/utah-summer-ozone-study-usos
STIPULATIONS_ON_USE: Use of these data requires prior ok from PI.
OTHER_COMMENTS: N/A
REVISION: RA
RA: Preliminary Data for in-field use only.
StartTime_seconds, lat_DGPS_deg, lon_DGPS_deg, alt_msl_m, speed_km_h, RH, true_WS_m_s, true_WD_deg, CH4_aeris313_ppm, H2O_aeris313_ppm, C2H6_aeris313_ppb, r_aeris313, C2C1_aeris313, CO_g2401m_ppm, CO2_g2401m_ppm, CH4_g2401m_ppm, H2O_g2401m, delta13C_CH4_raw, delta13C_CO2_raw, CH4_g2201i_ppm, CO2_g2201i_ppm, NH3_g2301_ppb, O3_2B_ppm, NO_G60_ppb, NO2_G60_ppb, NOx_G60_ppb, NO_N500_ppb, NO2_N500_ppb, NOx_N500_ppb, BC370_AE43_ng_m3, BC470_AE43_ng_m3, BC520_AE43_ng_m3, BC590_AE43_ng_m3, BC660_AE43_ng_m3, BC880_AE43_ng_m3, BC950_AE43_ng_m3, PM25, PM10, Valve
[from data line 4082]
4082.0, 40.780675603999995, -111.94097910549999, 1294.338, 0.12, 10.8, 0.64, 258.03, -99999.0, -99999.0, -99999.0, -99999.0, -99999.0, -0.38910087624, 413.95844784, 1.9270898995, 0.67887537196, 158.86126161, -565.12539101, 1.9269518859239998, 426.2429975964, -99999.0, 58.4, -99999.0, -99999.0, -99999.0, 0.441, 1.578, 2.016, 728.0, 297.0, 327.0, 554.0, 950.0, 13.0, 508.0, -99999.0, -99999.0, 0.0
4083.0, 40.78067566716667, -111.94097920199998, 1294.348, 0.12, 10.8, 0.52, 220.28, -99999.0, -99999.0, -99999.0, -99999.0, -99999.0, -0.38910087624, 413.83908901, 1.9270898995, 0.67887537196, 158.86126161, -565.12539101, 1.9269518859239998, 426.2011429669, -99999.0, -99999.0, -99999.0, -99999.0, -99999.0, 0.441, 1.578, 2.016, 513.0, 105.0, 665.0, 126.0, 596.0, 178.0, 281.0, -99999.0, -99999.0, 0.0
4084.0, 40.7806757575, -111.94097929050001, 1294.349, 0.1, 10.8, 0.67, 244.6, -99999.0, -99999.0, -99999.0, -99999.0, -99999.0, -0.38556054449, 413.83908901, 1.9270898995, 0.67887537196, 158.86126161, -560.9890885, 1.9269518859239998, 426.2208566552, -99999.0, 59.1, -99999.0, -99999.0, -99999.0, 0.441, 1.578, 2.016, 1238.0, 981.0, 421.0, 546.0, 41.0, 347.0, 478.0, -99999.0, -99999.0, 0.0
4085.0, 40.780675917500005, -111.940979433, 1294.34, 0.05, 10.8, 0.44, 35.57, -99999.0, -99999.0, -99999.0, -99999.0, -99999.0, -0.38556054449, 413.83908901, 1.9259081865, 0.67887537196, 153.66434787, -560.9890885, 1.937354091567, 426.2208566552, -99999.0, -99999.0, -99999.0, -99999.0, -99999.0, 0.441, 1.578, 2.016, 538.0, 310.0, 448.0, 259.0, 481.0, -62.0, 940.0, -99999.0, -99999.0, 0.0
4086.0, 40.78067599516667, -111.940979611, 1294.333, 0.03, 10.8, 0.45, 73.47, -99999.0, -99999.0, -99999.0, -99999.0, -99999.0, -0.38556160406, 413.679809035, 1.9259081865, 0.67887537196, 153.66434787, -560.9890885, 1.937354091567, 426.2208566552, -99999.0, 59.4, -99999.0, -99999.0, -99999.0, 0.441, 1.578, 2.016, 1213.0, 375.0, -54.0, 273.0, 204.0, 276.0, 417.0, -99999.0, -99999.0, 0.0
4087.0, 40.78067608883334, -111.94097971183334, 1294.328, 0.19, 10.8, 0.27, 345.47, -99999.0, -99999.0, -99999.0, -99999.0, -99999.0, -0.3977724305, 413.52052906, 1.9259081865, 0.67887537196, 153.66434787, -560.9890885, 1.937354091567, 426.2078585772, -99999.0, -99999.0, -99999.0, -99999.0, -99999.0, 0.441, 1.578, 2.016, 600.0, 566.0, 95.0, 546.0, 579.0, 392.0, 141.0, -99999.0, -99999.0, 0.0
4088.0, 40.780676164499994, -111.94097976133335, 1294.327, 0.09, 10.8, 0.0, 0.0, -99999.0, -99999.0, -99999.0, -99999.0, -99999.0, -0.3977724305, 413.52052906, 1.927679755, 0.67887537196, 153.66434787, -564.69366845, 1.937354091567, 426.19020302449997, -99999.0, 59.2, -99999.0, -99999.0, -99999.0, 0.441, 1.578, 2.016, 850.0, 922.0, 488.0, 259.0, -90.0, 169.0, 17.0, -99999.0, -99999.0, 0.0
4089.0, 40.780676283999995, -111.9409798305, 1294.312, 0.05, 10.8, 0.35, 289.18, -99999.0, -99999.0, -99999.0, -99999.0, -99999.0, -0.39777206348, 413.52052906, 1.927679755, 0.67887537196, 147.67429867, -564.69366845, 1.980369861369, 426.19020302449997, -99999.0, -99999.0, -99999.0, -99999.0, -99999.0, 0.441, 1.578, 2.016, 1054.0, 456.0, 231.0, 134.0, 254.0, -192.0, -254.0, -99999.0, -99999.0, 0.0
4090.0, 40.78067632216667, -111.94097984950001, 1294.331, 0.07, 10.9, 0.0, 0.0, -99999.0, -99999.0, -99999.0, -99999.0, -99999.0, -0.39777206348, 413.4933264, 1.927679755, 0.67887537196, 147.67429867, -564.69366845, 1.980369861369, 426.19020302449997, -99999.0, 58.0, -99999.0, -99999.0, -99999.0, 0.441, 1.578, 2.016, 925.0, 757.0, 109.0, -146.0, 82.0, 561.0, 749.0, -99999.0, -99999.0, 0.0
4091.0, 40.78067642483333, -111.94097982466668, 1294.344, 0.15, 10.9, 0.0, 0.0, -99999.0, -99999.0, -99999.0, -99999.0, -99999.0, -0.4178432238, 413.4933264, 1.927679755, 0.67887537196, 147.67429867, -564.69366845, 1.980369861369, 426.99478317, -99999.0, -99999.0, -99999.0, -99999.0, -99999.0, 0.441, 1.578, 2.016, 825.0, 619.0, 461.0, 412.0, 367.0, 191.0, -163.0, -99999.0, -99999.0, 0.0
4092.0, 40.78067654383334, -111.940979829, 1294.37, 0.13, 11.0, 0.0, 0.0, -99999.0, -99999.0, -99999.0, -99999.0, -99999.0, -0.4178432238, 413.4933264, 1.9240710756, 0.67887537196, 147.67429867, -563.65944989, 1.980369861369, 426.999721428, -99999.0, 57.5, -99999.0, -99999.0, -99999.0, 0.441, 1.578, 2.016, 600.0, 296.0, 570.0, -140.0, 180.0, 120.0, 343.0, -99999.0, -99999.0, 0.0
4093.0, 40.7806766395, -111.94097985566665, 1294.38, 0.21, 11.1, 0.32, 317.73, -99999.0, -99999.0, -99999.0, -99999.0, -99999.0, -0.41784316177, 413.4933264, 1.9240710756, 0.67887537196, 150.04679548, -563.65944989, 1.9585519735180001, 426.999721428, -99999.0, -99999.0, -99999.0, -99999.0, -99999.0, 0.441, 1.578, 2.016, 1113.0, 454.0, 421.0, 552.0, 522.0, -62.0, -73.0, -99999.0, -99999.0, 0.0
4094.0, 40.78067669083334, -111.94097988533333, 1294.383, 0.12, 11.1, 0.36, 101.84, -99999.0, -99999.0, -99999.0, -99999.0, -99999.0, -0.407636654885, 413.55986105, 1.9240710756, 0.67887537196, 150.04679548, -563.65944989, 1.9585519735180001, 426.999721428, -99999.0, 60.6, -99999.0, -99999.0, -99999.0, 0.441, 1.578, 2.016, 325.0, 698.0, 502.0, -99999.0, 522.0, -99999.0, 51.0, -99999.0, -99999.0, 0.0
4095.0, 40.78067672383334, -111.94097991433334, 1294.409, 0.04, 11.2, 0.33, 94.11, -99999.0, -99999.0, -99999.0, -99999.0, -99999.0, -99999.0, -99999.0, -99999.0, -99999.0, 150.04679548, -564.270171915, 1.9585519735180001, 426.5899703065, -99999.0, -99999.0, -99999.0, -99999.0, -99999.0, 0.441, 1.578, 2.016, 1142.0, 615.0, 939.0, -99999.0, 115.0, 215.0, 667.0, -99999.0, -99999.0, 0.0
4096.0, 40.78067682583333, -111.94097992883331, 1294.442, 0.16, 11.2, 0.46, 125.69, -99999.0, -99999.0, -99999.0, -99999.0, -99999.0, -0.397430284035, 413.55986105, 1.9246930197, 0.67887537196, -99999.0, -99999.0, -99999.0, -99999.0, -99999.0, 64.1, -99999.0, -99999.0, -99999.0, 0.441, 1.578, 2.016, 725.0, 468.0, 502.0, 286.0, 73.0, 539.0, 208.0, -99999.0, -99999.0, 0.0
4097.0, 40.78067697183334, -111.94097988316668, 1294.467, 0.15, 11.2, 0.25, 207.5, -99999.0, -99999.0, -99999.0, -99999.0, -99999.0, -0.39743042007, 413.84891551, 1.9246930197, 0.67887537196, 149.20476672, -564.88089394, 1.953644587948, 426.5870569673, -99999.0, -99999.0, -99999.0, -99999.0, -99999.0, 0.441, 1.578, 2.016, 577.0, 615.0, 735.0, 561.0, 1016.0, 576.0, 780.0, -99999.0, -99999.0, 0.0
4098.0, 40.78067708700001, -111.94097985616666, 1294.495, 0.06, 11.3, 0.57, 252.61, -99999.0, -99999.0, -99999.0, -99999.0, -99999.0, -0.40483008564, 413.84891551, 1.9246930197, 0.67887537196, 149.20476672, -564.88089394, 1.953644587948, 426.5870569673, -99999.0, 64.0, -99999.0, -99999.0, -99999.0, 0.441, 1.578, 2.016, 703.0, 145.0, 735.0, 554.0, -98.0, -241.0, 73.0, -99999.0, -99999.0, 0.0
4099.0, 40.780677196666666, -111.94097988783332, 1294.498, 0.06, 11.3, 0.36, 195.41, -99999.0, -99999.0, -99999.0, -99999.0, -99999.0, -0.40483008564, 413.84891551, 1.9256963205, 0.67887537196, 149.20476672, -565.5751876449999, 1.953644587948, 426.17329343975007, -99999.0, -99999.0, -99999.0, -99999.0, -99999.0, 0.441, 1.578, 2.016, 538.0, 501.0, 14.0, 279.0, 522.0, 517.0, 253.0, -99999.0, -99999.0, 0.0
4100.0, 40.780677300166666, -111.94097997133333, 1294.47, 0.23, 11.3, 0.0, 0.0, -99999.0, -99999.0, -99999.0, -99999.0, -99999.0, -0.40483050475, 413.449081835, 1.9256963205, 0.67887537196, -99999.0, -99999.0, -99999.0, -99999.0, -99999.0, 61.5, -99999.0, -99999.0, -99999.0, 0.441, 1.578, 2.016, 413.0, 494.0, 380.0, 559.0, 555.0, 512.0, 51.0, -99999.0, -99999.0, 0.0
4101.0, 40.78067736733333, -111.94098004983334, 1294.449, 0.05, 11.3, 0.0, 0.0, -99999.0, -99999.0, -99999.0, -99999.0, -99999.0, -0.41270570659, 413.04924816, 1.9256963205, 0.67887537196, 149.79753275, -566.26948135, 1.918530524572, 426.16998462370003, -99999.0, -99999.0, -99999.0, -99999.0, -99999.0, 0.496, 1.508, 2.0, 925.0, 533.0, 692.0, 126.0, 180.0, 236.0, -180.0, -99999.0, -99999.0, 0.0
4102.0, 40.780677472499995, -111.94098013083334, 1294.429, 0.11, 11.3, 1.02, 247.42, -99999.0, -99999.0, -99999.0, -99999.0, -99999.0, -99999.0, -99999.0, -99999.0, -99999.0, 149.79753275, -566.26948135, 1.918530524572, 426.16998462370003, -99999.0, 61.0, -99999.0, -99999.0, -99999.0, 0.496, 1.508, 2.0, 1368.0, 720.0, 463.0, 841.0, 524.0, 567.0, 525.0, -99999.0, -99999.0, 0.0
4103.0, 40.78067751666667, -111.94098020166666, 1294.431, 0.13, 11.3, 0.4, 223.11, -99999.0, -99999.0, -99999.0, -99999.0, -99999.0, -0.412705741125, 413.04924816, 1.9251012251, 0.67887537196, 149.79753275, -564.913962615, 1.918530524572, 424.4325801384, -99999.0, -99999.0, -99999.0, -99999.0, -99999.0, 0.496, 1.508, 2.0, 825.0, 540.0, 68.0, 545.0, 57.0, -98.0, 180.0, -99999.0, -99999.0, 0.0
4104.0, 40.7806776115, -111.94098023549999, 1294.427, 0.06, 11.3, 0.53, 246.69, -99999.0, -99999.0, -99999.0, -99999.0, -99999.0, -0.41270577566, 412.78372654, 1.9251012251, 0.67887537196, -99999.0, -99999.0, -99999.0, -99999.0, -99999.0, 64.5, -99999.0, -99999.0, -99999.0, 0.496, 1.508, 2.0, -163.0, 362.0, 936.0, 545.0, 890.0, 285.0, -276.0, -99999.0, -99999.0, 0.0
4105.0, 40.78067771399999, -111.94098024033335, 1294.45, 0.14, 11.3, 0.46, 268.91, -99999.0, -99999.0, -99999.0, -99999.0, -99999.0, -0.41183560852, 412.78372654, 1.9251012251, 0.67887537196, 145.71007962, -563.55844388, 1.9504019869759999, 424.4390137404, -99999.0, -99999.0, -99999.0, -99999.0, -99999.0, 0.496, 1.508, 2.0, 1150.0, 244.0, 407.0, 273.0, -82.0, 36.0, 608.0, -99999.0, -99999.0, 0.0
4106.0, 40.780677769166665, -111.94098023016667, 1294.495, 0.27, 11.3, 0.28, 170.0, -99999.0, -99999.0, -99999.0, -99999.0, -99999.0, -0.41183560852, 412.78372654, 1.9253279282, 0.67887537196, 145.71007962, -563.55844388, 1.9504019869759999, 424.4390137404, -99999.0, 65.9, -99999.0, -99999.0, -99999.0, 0.496, 1.508, 2.0, 925.0, 1106.0, 719.0, 426.0, 759.0, 957.0, 270.0, -99999.0, -99999.0, 0.0
4107.0, 40.78067781416666, -111.94098017833333, 1294.541, 0.09, 11.3, 0.43, 182.01, -99999.0, -99999.0, -99999.0, -99999.0, -99999.0, -0.41183592641, 412.76168624, 1.9253279282, 0.67887537196, 145.71007962, -563.5405847449999, 1.9504019869759999, 425.67603859844996, -99999.0, -99999.0, -99999.0, -99999.0, -99999.0, 0.496, 1.508, 2.0, 690.0, 363.0, 980.0, 274.0, -41.0, 156.0, 68.0, -99999.0, -99999.0, 0.0
4108.0, 40.780677821333335, -111.94098017333333, 1294.607, 0.14, 11.2, 0.51, 248.99, -99999.0, -99999.0, -99999.0, -99999.0, -99999.0, -0.40740450357, 412.73964594, 1.9253279282, 0.67887537196, -99999.0, -99999.0, -99999.0, -99999.0, -99999.0, 64.3, -99999.0, -99999.0, -99999.0, 0.496, 1.508, 2.0, 963.0, 336.0, 271.0, -153.0, 335.0, -71.0, 811.0, -99999.0, -99999.0, 0.0
4109.0, 40.780677847499994, -111.940980176, 1294.693, 0.04, 11.1, 0.71, 247.58, -99999.0, -99999.0, -99999.0, -99999.0, -99999.0, -99999.0, -99999.0, -99999.0, -99999.0, 159.21777963, -563.52272561, 1.933737410569, 425.676123609, -99999.0, -99999.0, -99999.0, -99999.0, -99999.0, 0.496, 1.508, 2.0, 725.0, 751.0, 258.0, 426.0, 865.0, 405.0, 608.0, -99999.0, -99999.0, 0.0
4110.0, 40.78067786449999, -111.94098018983335, 1294.797, 0.05, 11.1, 0.47, 214.7, -99999.0, -99999.0, -99999.0, -99999.0, -99999.0, -0.407404444425, 412.73964594, 1.9252046162, 0.67887537196, 159.21777963, -563.52272561, 1.933737410569, 425.676123609, -99999.0, 63.7, -99999.0, -99999.0, -99999.0, 0.496, 1.508, 2.0, 513.0, 211.0, 570.0, 279.0, 139.0, 22.0, 422.0, -99999.0, -99999.0, 0.0
4111.0, 40.78067783516667, -111.94098024833332, 1294.896, 0.19, 11.0, 0.82, 179.3, -99999.0, -99999.0, -99999.0, -99999.0, -99999.0, -0.40740438528, 412.57567977, 1.9252046162, 0.67887537196, 159.21777963, -563.788200015, 1.933737410569, 425.2105140472, -99999.0, -99999.0, -99999.0, -99999.0, -99999.0, 0.496, 1.508, 2.0, 665.0, 383.0, 340.0, 127.0, 156.0, 527.0, 215.0, -99999.0, -99999.0, 0.0
4112.0, 40.780677863, -111.94098031216666, 1294.996, 0.1, 11.0, 0.58, 184.58, -99999.0, -99999.0, -99999.0, -99999.0, -99999.0, -0.41725481758, 412.57567977, 1.9252046162, 0.67887537196, -99999.0, -99999.0, -99999.0, -99999.0, -99999.0, 62.7, -99999.0, -99999.0, -99999.0, 0.496, 1.508, 2.0, 1425.0, 942.0, -99999.0, -7.0, 473.0, 143.0, 524.0, -99999.0, -99999.0, 0.0
4113.0, 40.78067785716667, -111.94098036383333, 1295.097, 0.13, 10.8, 0.33, 203.6, -99999.0, -99999.0, -99999.0, -99999.0, -99999.0, -0.41725481758, 412.57567977, 1.924292294, 0.67887537196, 158.87393939, -564.05367442, 1.965366957846, 425.20925175139996, -99999.0, -99999.0, -99999.0, -99999.0, -99999.0, 0.496, 1.508, 2.0, 638.0, 487.0, 312.0, 392.0, 890.0, 574.0, 552.0, -99999.0, -99999.0, 0.0
4114.0, 40.78067784916667, -111.94098036666668, 1295.21, 0.09, 10.8, 0.43, 211.22, -99999.0, -99999.0, -99999.0, -99999.0, -99999.0, -0.41725480558, 412.57567977, 1.924292294, 0.67887537196, 158.87393939, -564.05367442, 1.965366957846, 425.20925175139996, -99999.0, 62.1, -99999.0, -99999.0, -99999.0, 0.496, 1.508, 2.0, 763.0, 356.0, 203.0, 539.0, 326.0, 129.0, 236.0, -99999.0, -99999.0, 0.0
4115.0, 40.7806778125, -111.94098045500002, 1295.341, 0.09, 10.7, 0.71, 240.49, -99999.0, -99999.0, -99999.0, -99999.0, -99999.0, -0.41725480558, 412.68928175, 1.924292294, 0.67887537196, 158.87393939, -564.3781416950001, 1.965366957846, 426.23824756975, -99999.0, -99999.0, -99999.0, -99999.0, -99999.0, 0.496, 1.508, 2.0, 975.0, 501.0, 312.0, 545.0, 604.0, 325.0, 946.0, -99999.0, -99999.0, 0.0
4116.0, 40.78067786016666, -111.94098055600001, 1295.476, 0.12, 10.6, 0.6, 245.8, -99999.0, -99999.0, -99999.0, -99999.0, -99999.0, -0.41419757379, 412.68928175, 1.924292294, 0.67887537196, -99999.0, -99999.0, -99999.0, -99999.0, -99999.0, 63.7, -99999.0, -99999.0, -99999.0, 0.496, 1.508, 2.0, 288.0, 1054.0, 502.0, 133.0, 82.0, 187.0, -242.0, -99999.0, -99999.0, 0.0
4117.0, 40.78067789166667, -111.94098065316666, 1295.626, 0.09, 10.6, 0.75, 254.92, -99999.0, -99999.0, -99999.0, -99999.0, -99999.0, -0.414197544205, 412.68928175, 1.9228129763, 0.67887537196, 146.32668594, -564.70260897, 1.987201996736, 426.23670103150005, -99999.0, -99999.0, -99999.0, -99999.0, -99999.0, 0.496, 1.508, 2.0, 325.0, 468.0, 190.0, 678.0, 318.0, 637.0, 417.0, -99999.0, -99999.0, 0.0
4118.0, 40.78067785033333, -111.94098069283334, 1295.735, 0.16, 10.5, 0.61, 249.52, -99999.0, -99999.0, -99999.0, -99999.0, -99999.0, -0.41419751462, 412.80360344, 1.9228129763, 0.67887537196, 146.32668594, -564.70260897, 1.987201996736, 426.23670103150005, -99999.0, 64.0, -99999.0, -99999.0, -99999.0, 0.496, 1.508, 2.0, 1016.0, 509.0, 898.0, 541.0, -41.0, 237.0, -99999.0, -99999.0, -99999.0, 0.0
4119.0, 40.78067774466666, -111.9409807015, 1295.819, 0.19, 10.5, 0.79, 254.93, -99999.0, -99999.0, -99999.0, -99999.0, -99999.0, -0.41114380059, 412.80360344, 1.9228129763, 0.67887537196, 146.32668594, -565.23445974, 1.987201996736, 425.4289722251, -99999.0, -99999.0, -99999.0, -99999.0, -99999.0, 0.496, 1.508, 2.0, 800.0, 606.0, 624.0, 7.0, 816.0, 583.0, 918.0, -99999.0, -99999.0, 0.0
4120.0, 40.78067759816667, -111.94098069766666, 1295.926, 0.06, 10.4, 0.41, 295.63, -99999.0, -99999.0, -99999.0, -99999.0, -99999.0, -0.41114380059, 412.80360344, 1.9236203753, 0.67887537196, -99999.0, -99999.0, -99999.0, -99999.0, -99999.0, 64.6, -99999.0, -99999.0, -99999.0, 0.496, 1.508, 2.0, 414.0, 311.0, 381.0, 420.0, 229.0, 147.0, 441.0, -99999.0, -99999.0, 0.0
4121.0, 40.780677512833336, -111.94098078866666, 1296.071, 0.12, 10.4, 0.39, 309.55, -99999.0, -99999.0, -99999.0, -99999.0, -99999.0, -0.4111440563, 412.80360344, 1.9236203753, 0.67887537196, 152.17131017, -565.76631051, 1.924971985441, 425.42644200459995, -99999.0, -99999.0, -99999.0, -99999.0, -99999.0, 0.496, 1.508, 2.0, 1113.0, 724.0, 502.0, 279.0, 180.0, 165.0, -293.0, -99999.0, -99999.0, 0.0
