arc_raw/USOS-ARL-Suite_ARC_20240718_RA.ict
71,1001
Xinrong Ren
NOAA Air Resources Lab
ARC-Suite
USOS: Utah Summer Ozone Study
1,1
2024,07,18,2024,07,18
1
StartTime_seconds, seconds, Start time in UTC seconds since midnight
38
1,1,1,1,1,1,1,1,1,1,1,1,1,1,1,1,1,1,1,1,1,1,1,1,1,1,1,1,1,1,1,1,1,1,1,1,1,1
-99999,-99999,-99999,-99999,-99999,-99999,-99999,-99999,-99999,-99999,-99999,-99999,-99999,-99999,-99999,-99999,-99999,-99999,-99999,-99999,-99999,-99999,-99999,-99999,-99999,-99999,-99999,-99999,-99999,-99999,-99999,-99999,-99999,-99999,-99999,-99999,-99999,-99999
lat_DGPS_deg, degrees, Latitude in decimal by Hemisphere VS1100 Differential GPS
lon_DGPS_deg, degrees, Longitude in decimal by Hemisphere VS1100 Differential GPS
alt_msl_m, meters, GPS Altitude MSL
speed_km_h, km/s, vehicle speed
RH, percent, relative humidity
true_WS_m_s, m/s, wind speed by 2D sonic sensor
true_WD_deg, degree, wind direction by 2D sonic sensor
CH4_aeris313_ppm, ppm, CH4 mixing ratio by Aeris
H2O_aeris313_ppm, ppm, H2O mixing ratio by Aeris
C2H6_aeris313_ppb, ppb, C2H6 mixing ratio by Aeris
r_aeris313, 1, relavence between CH4 and C2H6 by Aeris
C2C1_aeris313, 1, C2H6 to CH4 ratio by Aeris
CO_g2401m_ppm, ppm, CO mixing ratio by Picarro G2401m
CO2_g2401m_ppm, ppm, CO2 mixing ratio by Picarro G2401m
CH4_g2401m_ppm, ppm, CH4 mixing ratio by Picarro G2401m
H2O_g2401m, ppm, H2O mixing ratio by Picarro G2401m
delta13C_CH4_raw, permill, delta 13C of CH4 by Picarro G2201i
delta13C_CO2_raw, permill, delta 13C of CO2 by Picarro G2201i
CH4_g2201i_ppm, ppm, CH4 mixing ratio by Picarro G2201i
CO2_g2201i_ppm, ppm, CO2 mixing ratio by Picarro G2201i
NH3_g2301_ppb, ppb, NH3 mixing ratio by Picarro G2301
O3_2B_ppm, ppm, O3 mixing ratio by 2B
NO_G60_ppb, ppb, NO mixing ratio by G60
NO2_G60_ppb, ppb, NO2 mixing ratio by G60
NOx_G60_ppb, ppb, NOx mixing ratio by G60
NO_N500_ppb, ppb, NO mixing ratio by N500
NO2_N500_ppb, ppb, NO2 mixing ratio by N500
NOx_N500_ppb, ppb, NOx mixing ratio by N500
BC370_AE43_ng_m3, ng/m3, Black Carbon at 370 nm by AE43
BC470_AE43_ng_m3, ng/m3, Black Carbon at 470 nm by AE43
BC520_AE43_ng_m3, ng/m3, Black Carbon at 520 nm by AE43
BC590_AE43_ng_m3, ng/m3, Black Carbon at 590 nm by AE43
BC660_AE43_ng_m3, ng/m3, Black Carbon at 660 nm by AE43
BC880_AE43_ng_m3, ng/m3, Black Carbon at 880 nm by AE43
BC950_AE43_ng_m3, ng/m3, Black Carbon at 950 nm by AE43
PM25, ug/m3, PM2.5 by particle sensor
PM10, ug/m3, PM10 by particle sensor
Valve, boolian, indicator of valve conditions;0 is measurement; 10 is zeroing; 11 is spanning
1
SPECIAL COMMENTS, N/A
18
PI_CONTACT_INFO: xinrong.ren@noaa.gov, 301-683-1391, NOAA/ARL, 5830 University Research Court, College Park, MD 20740
PLATFORM: NOAA Air Resources Car
LOCATION: Salt Lake City
ASSOCIATED_DATA: N/A
INSTRUMENT_INFO: Hemisphere VS1100 differential GPS (Latitude, Longitude, GPS Altitude, speed), meteorological sensor (RH, WS, WD), 2B (O3), G60 CRDS (NO-NOx), Teledyne N500 (NO-NOx), Picarro G2401-m (CO2, CH4, CO, H2O), Picarro G2201i (CO2, CH4, d13C_CO2, d13C_CH4, H2O), Picarro 2301 (NH3), Aeris Ultra MIRA (CH4, C2H6, H2O, r, C2/C1), AE43 (Black Carbon), Partical sensor (PM2.5, PM10)
DATA_INFO: Records are reported at 1-second intervals. Hemisphere VS1100 differential GPS has 1-second ntervals. 2B O3 values are reported 2-second averages. G60 Cavity Rong Down NO-NO2-NO2 has 1-second average. Teledyne CAPS NO2 analyzer has 10-second time resolution. Picarro 2401m (CO2, CH4, CO, H2O) data has 2.5-second time resolution. Picarro 2201i (isotope) has ~5 second time resolution. Aeris Ultra MIRA has 1-second integration time. AE43 data are 10-second moving averages. Partical sensor has 10-second time resolution.
UNCERTAINTY: -99999, -99999, -99999, 15 m, -99999, -99999, -99999, -99999, 1 ppb, 100 ppm, 0.2 ppb, -99999, -99999, 5 ppb, 0.1 ppm, 1 ppb, 100 ppm, -99999, -99999, -99999, -99999, 2 ppb, 0.3 ppb, -99999, -99999, -99999, 0.05 ppb, 0.05 ppb, 0.05 ppb, 10 ng/m3, 10 ng/m3, 10 ng/m3, 10 ng/m3, 10 ng/m3, 10 ng/m3, 10 ng/m3, 10 ng/m3, 0
ULOD_FLAG: -77777
ULOD_VALUE: N/A
LLOD_FLAG: -88888
LLOD_VALUE: N/A
DM_CONTACT_INFO: Jiayang Sun; University of Maryland; jiayangs@umd.edu
PROJECT_INFO: USOS July - Aug 2024 https://deq.utah.gov/air-quality/utah-summer-ozone-study-usos
STIPULATIONS_ON_USE: Use of these data requires prior ok from PI.
OTHER_COMMENTS: N/A
REVISION: RA
RA: Preliminary Data for in-field use only.
StartTime_seconds, lat_DGPS_deg, lon_DGPS_deg, alt_msl_m, speed_km_h, RH, true_WS_m_s, true_WD_deg, CH4_aeris313_ppm, H2O_aeris313_ppm, C2H6_aeris313_ppb, r_aeris313, C2C1_aeris313, CO_g2401m_ppm, CO2_g2401m_ppm, CH4_g2401m_ppm, H2O_g2401m, delta13C_CH4_raw, delta13C_CO2_raw, CH4_g2201i_ppm, CO2_g2201i_ppm, NH3_g2301_ppb, O3_2B_ppm, NO_G60_ppb, NO2_G60_ppb, NOx_G60_ppb, NO_N500_ppb, NO2_N500_ppb, NOx_N500_ppb, BC370_AE43_ng_m3, BC470_AE43_ng_m3, BC520_AE43_ng_m3, BC590_AE43_ng_m3, BC660_AE43_ng_m3, BC880_AE43_ng_m3, BC950_AE43_ng_m3, PM25, PM10, Valve
[from data line 3826]
3826.0, 40.780695093000006, -111.94099429416669, 1288.456, 0.11, 16.8, 0.0, 0.0, -99999.0, -99999.0, -99999.0, -99999.0, -99999.0, 0.066338234163, 421.85459093500003, 1.9664269131, 1.161375509, -37.399072894, -314.0058949, 1.975364637871, 428.2583941903, -99999.0, 66.5, 24.22, 4.52, 28.74, 0.112, 0.578, 0.691, -99999.0, -99999.0, -99999.0, -99999.0, -99999.0, -99999.0, -99999.0, 4.71, 7.64, 0.0
3827.0, 40.78069513416666, -111.940994313, 1288.461, 0.05, 16.8, 0.0, 0.0, -99999.0, -99999.0, -99999.0, -99999.0, -99999.0, 0.05532277941, 421.44586158, 1.9664269131, 1.161375509, -99999.0, -99999.0, -99999.0, -99999.0, -99999.0, 68.2, 24.19, 4.52, 28.71, 0.112, 0.578, 0.691, -99999.0, -99999.0, -99999.0, -99999.0, -99999.0, -99999.0, -99999.0, 2.93, 4.08, 0.0
3828.0, 40.78069521216667, -111.9409943695, 1288.464, 0.18, 16.8, 0.0, 0.0, -99999.0, -99999.0, -99999.0, -99999.0, -99999.0, 0.05532277941, 421.37143329, 1.9661338963, 1.1476368123, -37.399072894, -314.0058949, 1.975364637871, 425.96710221025, -99999.0, -99999.0, 24.19, 4.53, 28.72, 0.112, 0.578, 0.691, -99999.0, -99999.0, -99999.0, -99999.0, -99999.0, -99999.0, -99999.0, 4.11, 5.06, 0.0
3829.0, 40.78069526666667, -111.94099440549999, 1288.464, 0.15, 16.8, 0.0, 0.0, -99999.0, -99999.0, -99999.0, -99999.0, -99999.0, 0.055318399132, 420.91843298000003, 1.9661338963, 1.1476368123, -37.399072894, -306.47527971, 1.975364637871, 423.7113886986, -99999.0, -99999.0, 24.18, 4.53, 28.71, 0.112, 0.578, 0.691, -99999.0, -99999.0, -99999.0, -99999.0, -99999.0, -99999.0, -99999.0, -99999.0, -99999.0, 0.0
3830.0, 40.7806953295, -111.94099444716667, 1288.462, 0.06, 16.8, 0.0, 0.0, -99999.0, -99999.0, -99999.0, -99999.0, -99999.0, 0.054909258181, 420.46543267, 1.9661338963, 1.1476368123, -28.995086857, -306.47527971, 1.961045561424, 423.7113886986, -99999.0, 70.9, 24.18, 4.55, 28.73, 0.112, 0.578, 0.691, -99999.0, -99999.0, -99999.0, -99999.0, -99999.0, -99999.0, -99999.0, 3.17, 6.15, 0.0
3831.0, 40.7806953775, -111.94099445183335, 1288.462, 0.19, 16.8, 0.0, 0.0, -99999.0, -99999.0, -99999.0, -99999.0, -99999.0, 0.054909258181, 420.42986619, 1.9666695183, 1.1505970458, -99999.0, -99999.0, -99999.0, -99999.0, -99999.0, 70.6, 24.17, 4.57, 28.73, 0.112, 0.578, 0.691, -99999.0, -99999.0, -99999.0, -99999.0, -99999.0, -99999.0, -99999.0, 2.64, 2.64, 0.0
3832.0, 40.78069546333334, -111.94099449683333, 1288.462, 0.06, 16.8, 0.0, 0.0, -99999.0, -99999.0, -99999.0, -99999.0, -99999.0, 0.054914827031, 421.02213083, 1.9666695183, 1.1505970458, -28.995086857, -306.47527971, 1.961045561424, 426.19246506315, -99999.0, -99999.0, 24.1, 4.58, 28.68, 0.112, 0.578, 0.691, -99999.0, -99999.0, -99999.0, -99999.0, -99999.0, -99999.0, -99999.0, -99999.0, -99999.0, 0.0
3833.0, 40.78069555733334, -111.94099455016666, 1288.454, 0.07, 17.0, 0.0, 0.0, -99999.0, -99999.0, -99999.0, -99999.0, -99999.0, 0.056971280539, 421.61439547, 1.9666695183, 1.1505970458, -28.995086857, -313.864458, 1.961045561424, 428.63822233990004, -99999.0, -99999.0, 24.04, 4.6, 28.64, 0.112, 0.578, 0.691, -99999.0, -99999.0, -99999.0, -99999.0, -99999.0, -99999.0, -99999.0, 2.88, 6.25, 0.0
3834.0, 40.78069562633333, -111.94099458933333, 1288.45, 0.05, 17.1, 0.0, 0.0, -99999.0, -99999.0, -99999.0, -99999.0, -99999.0, 0.0569734667965, 421.66909875, 1.9662095448, 1.1641660997, -30.698628972, -313.864458, 1.956415966174, 428.63822233990004, -99999.0, 69.7, 24.07, 4.6, 28.68, 0.112, 0.578, 0.691, -99999.0, -99999.0, -99999.0, -99999.0, -99999.0, -99999.0, -99999.0, 2.2, 10.5, 0.0
3835.0, 40.780695673, -111.94099463566666, 1288.45, 0.06, 17.1, 0.28, 102.51, -99999.0, -99999.0, -99999.0, -99999.0, -99999.0, 0.056975653054, 422.53979273, 1.9662095448, 1.1641660997, -99999.0, -99999.0, -99999.0, -99999.0, -99999.0, 69.2, 24.13, 4.58, 28.71, 0.112, 0.578, 0.691, -99999.0, -99999.0, -99999.0, -99999.0, -99999.0, -99999.0, -99999.0, -99999.0, -99999.0, 0.0
3836.0, 40.780695726000005, -111.94099468516667, 1288.442, 0.09, 17.2, 0.0, 0.0, -99999.0, -99999.0, -99999.0, -99999.0, -99999.0, 0.077984127251, 422.53979273, 1.9662095448, 1.1641660997, -30.698628972, -313.864458, 1.956415966174, 428.04463252625004, -99999.0, -99999.0, 24.09, 4.58, 28.68, 0.112, 0.578, 0.691, -99999.0, -99999.0, -99999.0, -99999.0, -99999.0, -99999.0, -99999.0, 3.59, 3.59, 0.0
3837.0, 40.78069578333333, -111.94099472833335, 1288.438, 0.04, 17.2, 0.0, 0.0, -99999.0, -99999.0, -99999.0, -99999.0, -99999.0, 0.07798696365050001, 422.68602477, 1.9664931871, 1.1946790024, -30.698628972, -313.00328911, 1.956415966174, 427.4551475613, -99999.0, -99999.0, 24.11, 4.57, 28.68, 0.112, 0.578, 0.691, -99999.0, -99999.0, -99999.0, -99999.0, -99999.0, -99999.0, -99999.0, 2.35, 2.35, 0.0
3838.0, 40.780695853, -111.94099478283333, 1288.431, 0.11, 17.3, 0.0, 0.0, -99999.0, -99999.0, -99999.0, -99999.0, -99999.0, 0.07798980005, 423.80566077, 1.9664931871, 1.1946790024, -45.801022692, -313.00328911, 1.982776968746, 427.4551475613, -99999.0, 68.1, 24.18, 4.55, 28.72, 0.112, 0.578, 0.691, -99999.0, -99999.0, -99999.0, -99999.0, -99999.0, -99999.0, -99999.0, 3.46, 3.46, 0.0
3839.0, 40.78069589249999, -111.94099483766668, 1288.425, 0.1, 17.4, 0.0, 0.0, -99999.0, -99999.0, -99999.0, -99999.0, -99999.0, 0.060420436541, 423.80566077, 1.9664931871, 1.1946790024, -99999.0, -99999.0, -99999.0, -99999.0, -99999.0, 67.3, 24.16, 4.54, 28.69, 0.112, 0.578, 0.691, -99999.0, -99999.0, -99999.0, -99999.0, -99999.0, -99999.0, -99999.0, -99999.0, -99999.0, 0.0
3840.0, 40.78069595416666, -111.94099488833332, 1288.414, 0.11, 17.4, 0.0, 0.0, -99999.0, -99999.0, -99999.0, -99999.0, -99999.0, 0.060419004730500006, 423.82330106, 1.9676077075, 1.1694626519, -45.801022692, -313.00328911, 1.982776968746, 426.85513188895004, -99999.0, -99999.0, 24.2, 4.52, 28.71, 0.213, 0.578, 0.793, -99999.0, -99999.0, -99999.0, -99999.0, -99999.0, -99999.0, -99999.0, 2.95, 4.41, 0.0
3841.0, 40.78069598166666, -111.940994933, 1288.409, 0.16, 17.5, 0.0, 0.0, -99999.0, -99999.0, -99999.0, -99999.0, -99999.0, 0.06041757292, 423.19014808, 1.9676077075, 1.1694626519, -45.801022692, -310.84527646, 1.982776968746, 426.26537372440004, -99999.0, -99999.0, 24.24, 4.49, 28.73, 0.213, 0.578, 0.793, -99999.0, -99999.0, -99999.0, -99999.0, -99999.0, -99999.0, -99999.0, 4.08, 4.08, 0.0
3842.0, 40.7806960085, -111.94099500016667, 1288.404, 0.05, 17.5, 0.0, 0.0, -99999.0, -99999.0, -99999.0, -99999.0, -99999.0, 0.059593435893, 423.19014808, 1.9676077075, 1.1694626519, -37.628602439, -310.84527646, 1.9487140408269998, 426.26537372440004, -99999.0, 68.2, 24.22, 4.49, 28.71, 0.213, 0.578, 0.793, -99999.0, -99999.0, -99999.0, -99999.0, -99999.0, -99999.0, -99999.0, -99999.0, -99999.0, 0.0
3843.0, 40.780696011333326, -111.94099502933335, 1288.402, 0.11, 17.6, 0.0, 0.0, -99999.0, -99999.0, -99999.0, -99999.0, -99999.0, 0.0595932466785, 423.10606344, 1.966958521, 1.169362392, -99999.0, -99999.0, -99999.0, -99999.0, -99999.0, 69.1, 24.2, 4.48, 28.68, 0.213, 0.578, 0.793, -99999.0, -99999.0, -99999.0, -99999.0, -99999.0, -99999.0, -99999.0, 3.73, 4.88, 0.0
3844.0, 40.78069602083334, -111.9409950585, 1288.405, 0.11, 17.7, 0.0, 0.0, -99999.0, -99999.0, -99999.0, -99999.0, -99999.0, 0.059593057464, 423.01086369, 1.966958521, 1.169362392, -37.628602439, -310.84527646, 1.9487140408269998, 426.33470158025, -99999.0, -99999.0, 24.14, 4.49, 28.63, 0.213, 0.578, 0.793, -99999.0, -99999.0, -99999.0, -99999.0, -99999.0, -99999.0, -99999.0, -99999.0, -99999.0, 0.0
3845.0, 40.780696023833336, -111.94099510533333, 1288.408, 0.1, 17.8, 0.32, 268.52, -99999.0, -99999.0, -99999.0, -99999.0, -99999.0, 0.054787745575, 423.01501419, 1.96673100035, 1.1706622382, -37.628602439, -310.76668636, 1.9487140408269998, 426.4044031136, -99999.0, -99999.0, 24.18, 4.47, 28.65, 0.213, 0.578, 0.793, -99999.0, -99999.0, -99999.0, -99999.0, -99999.0, -99999.0, -99999.0, 2.46, 2.46, 0.0
3846.0, 40.780696052500005, -111.94099515383331, 1288.409, 0.17, 17.8, 0.0, 0.0, -99999.0, -99999.0, -99999.0, -99999.0, -99999.0, 0.054786971873, 422.95497721000004, 1.9665034797, 1.1719620844, -34.713600943, -310.76668636, 1.966533403693, 426.4044031136, -99999.0, 68.6, 24.19, 4.43, 28.63, 0.213, 0.578, 0.793, -99999.0, -99999.0, -99999.0, -99999.0, -99999.0, -99999.0, -99999.0, 3.16, 7.09, 0.0
3847.0, 40.78069606716666, -111.94099518816665, 1288.414, 0.08, 17.8, 0.31, 261.21, -99999.0, -99999.0, -99999.0, -99999.0, -99999.0, 0.060718247614, 422.89078973, 1.9665034797, 1.1719620844, -99999.0, -99999.0, -99999.0, -99999.0, -99999.0, 69.4, 24.18, 4.46, 28.64, 0.213, 0.578, 0.793, -99999.0, -99999.0, -99999.0, -99999.0, -99999.0, -99999.0, -99999.0, 2.26, 9.62, 0.0
3848.0, 40.780696103333334, -111.94099522816666, 1288.414, 0.07, 17.8, 0.64, 246.02, -99999.0, -99999.0, -99999.0, -99999.0, -99999.0, 0.060718247614, 422.8500429, 1.9666678261, 1.1570925479, -34.713600943, -310.76668636, 1.966533403693, 426.08969509135, -99999.0, -99999.0, 24.15, 4.5, 28.65, 0.213, 0.578, 0.793, -99999.0, -99999.0, -99999.0, -99999.0, -99999.0, -99999.0, -99999.0, 2.82, 2.82, 0.0
3849.0, 40.7806961565, -111.94099527516667, 1288.414, 0.04, 17.9, 0.78, 245.1, -99999.0, -99999.0, -99999.0, -99999.0, -99999.0, 0.060720569113, 423.09349937, 1.9666678261, 1.1570925479, -34.713600943, -309.94449387, 1.966533403693, 425.7788906311, -99999.0, -99999.0, 24.16, 4.52, 28.68, 0.213, 0.578, 0.793, -99999.0, -99999.0, -99999.0, -99999.0, -99999.0, -99999.0, -99999.0, -99999.0, -99999.0, 0.0
3850.0, 40.780696176333336, -111.940995325, 1288.419, 0.1, 17.9, 0.57, 234.3, -99999.0, -99999.0, -99999.0, -99999.0, -99999.0, 0.064542311882, 423.33695584, 1.9666678261, 1.1570925479, -28.120683699, -309.94449387, 1.9305524678069999, 425.7788906311, -99999.0, 70.3, 24.22, 4.55, 28.77, 0.213, 0.578, 0.793, -99999.0, -99999.0, -99999.0, -99999.0, -99999.0, -99999.0, -99999.0, 2.37, 3.9, 0.0
3851.0, 40.78069615483333, -111.94099534083334, 1288.43, 0.12, 17.9, 0.55, 311.41, -99999.0, -99999.0, -99999.0, -99999.0, -99999.0, 0.064542311882, 423.36507702, 1.9670572305, 1.1804271902, -28.120683699, -309.94449387, 1.9305524678069999, 425.7788906311, -99999.0, 69.9, 24.21, 4.56, 28.77, 0.213, 0.578, 0.793, -99999.0, -99999.0, -99999.0, -99999.0, -99999.0, -99999.0, -99999.0, 3.3, 17.74, 0.0
3852.0, 40.780696199000005, -111.94099541400001, 1288.435, 0.05, 17.9, 0.31, 39.69, -99999.0, -99999.0, -99999.0, -99999.0, -99999.0, 0.064534685192, 422.62054489, 1.9670572305, 1.1804271902, -28.120683699, -309.94449387, 1.9305524678069999, 426.2151862122, -99999.0, -99999.0, 24.13, 4.6, 28.73, 0.213, 0.578, 0.793, -99999.0, -99999.0, -99999.0, -99999.0, -99999.0, -99999.0, -99999.0, -99999.0, -99999.0, 0.0
3853.0, 40.7806962385, -111.940995441, 1288.441, 0.13, 17.9, 0.0, 0.0, -99999.0, -99999.0, -99999.0, -99999.0, -99999.0, 0.059297867663, 421.87601276, 1.9670572305, 1.1804271902, -28.120683699, -311.83491909, 1.9305524678069999, 426.20620175429997, -99999.0, -99999.0, 24.13, 4.6, 28.73, 0.213, 0.578, 0.793, -99999.0, -99999.0, -99999.0, -99999.0, -99999.0, -99999.0, -99999.0, 2.32, 3.85, 0.0
3854.0, 40.78069624816667, -111.94099549299999, 1288.446, 0.08, 17.9, 0.0, 0.0, -99999.0, -99999.0, -99999.0, -99999.0, -99999.0, 0.059297867663, 421.94997864, 1.9670888256, 1.1794123868, -33.892780153, -311.83491909, 1.953505054648, 426.20620175429997, -99999.0, 69.2, 24.15, 4.65, 28.8, 0.213, 0.578, 0.793, -99999.0, -99999.0, -99999.0, -99999.0, -99999.0, -99999.0, -99999.0, 2.83, 3.41, 0.0
3855.0, 40.78069624716667, -111.94099552716668, 1288.454, 0.12, 17.9, 0.0, 0.0, -99999.0, -99999.0, -99999.0, -99999.0, -99999.0, 0.059300959364, 422.22974372, 1.9670888256, 1.1794123868, -33.892780153, -311.83491909, 1.953505054648, 426.20620175429997, -99999.0, 68.3, 24.15, 4.65, 28.8, 0.213, 0.578, 0.793, -99999.0, -99999.0, -99999.0, -99999.0, -99999.0, -99999.0, -99999.0, -99999.0, -99999.0, 0.0
3856.0, 40.780696279333334, -111.94099555583334, 1288.452, 0.1, 17.9, 0.0, 0.0, -99999.0, -99999.0, -99999.0, -99999.0, -99999.0, 0.055797110327, 422.5095088, 1.9670888256, 1.1794123868, -33.892780153, -311.83491909, 1.953505054648, 428.74554922410005, -99999.0, -99999.0, 24.24, 4.67, 28.92, 0.213, 0.578, 0.793, -99999.0, -99999.0, -99999.0, -99999.0, -99999.0, -99999.0, -99999.0, 2.52, 3.68, 0.0
3857.0, 40.78069630416666, -111.94099557583334, 1288.451, 0.1, 17.8, 0.0, 0.0, -99999.0, -99999.0, -99999.0, -99999.0, -99999.0, 0.055797110327, 422.4269297, 1.9671478481, 1.155540314, -33.892780153, -312.76212633, 1.953505054648, 428.7411163126, -99999.0, -99999.0, 24.26, 4.67, 28.93, 0.213, 0.578, 0.793, -99999.0, -99999.0, -99999.0, -99999.0, -99999.0, -99999.0, -99999.0, 3.44, 4.39, 0.0
3858.0, 40.78069633983334, -111.94099561766667, 1288.449, 0.09, 17.8, 0.39, 164.61, -99999.0, -99999.0, -99999.0, -99999.0, -99999.0, 0.055798000349, 422.53475639, 1.9671478481, 1.155540314, -37.826984759, -312.76212633, 1.966843617616, 428.7411163126, -99999.0, 67.8, 24.33, 4.69, 29.02, 0.213, 0.578, 0.793, -99999.0, -99999.0, -99999.0, -99999.0, -99999.0, -99999.0, -99999.0, 3.0, 3.0, 0.0
3859.0, 40.78069635166667, -111.9409956515, 1288.447, 0.04, 17.8, 0.36, 237.52, -99999.0, -99999.0, -99999.0, -99999.0, -99999.0, 0.055694699172, 422.64258308, 1.9671478481, 1.155540314, -37.826984759, -312.76212633, 1.966843617616, 428.7411163126, -99999.0, 67.6, 24.33, 4.69, 29.02, 0.213, 0.578, 0.793, -99999.0, -99999.0, -99999.0, -99999.0, -99999.0, -99999.0, -99999.0, 3.32, 4.85, 0.0
3860.0, 40.78069634516666, -111.94099567916668, 1288.447, 0.09, 17.8, 0.0, 0.0, -99999.0, -99999.0, -99999.0, -99999.0, -99999.0, 0.055694699172, 422.61221492, 1.9672628091, 1.1702550634, -37.826984759, -312.76212633, 1.966843617616, 431.91077895579997, -99999.0, -99999.0, 24.35, 4.71, 29.06, 0.213, 0.578, 0.793, -99999.0, -99999.0, -99999.0, -99999.0, -99999.0, -99999.0, -99999.0, -99999.0, -99999.0, 0.0
3861.0, 40.780696360166665, -111.94099569433335, 1288.451, 0.09, 17.8, 0.0, 0.0, -99999.0, -99999.0, -99999.0, -99999.0, -99999.0, 0.055694079932, 422.4955308, 1.9672628091, 1.1702550634, -37.826984759, -319.77179562, 1.966843617616, 431.8770184713, -99999.0, -99999.0, 24.38, 4.74, 29.12, 0.213, 0.578, 0.793, -99999.0, -99999.0, -99999.0, -99999.0, -99999.0, -99999.0, -99999.0, 2.3, 2.3, 0.0
3862.0, 40.780696402833335, -111.94099571883335, 1288.452, 0.04, 17.7, 0.0, 0.0, -99999.0, -99999.0, -99999.0, -99999.0, -99999.0, 0.066725909146, 422.37884668, 1.9672628091, 1.1702550634, -27.800653706, -319.77179562, 1.959101358978, 431.8770184713, -99999.0, 66.9, 24.38, 4.74, 29.12, 0.213, 0.578, 0.793, -99999.0, -99999.0, -99999.0, -99999.0, -99999.0, -99999.0, -99999.0, 4.06, 4.06, 0.0
3863.0, 40.780696431500004, -111.94099576133334, 1288.451, 0.19, 17.7, 0.0, 0.0, -99999.0, -99999.0, -99999.0, -99999.0, -99999.0, 0.0667286119495, 422.36678008, 1.969073113, 1.1519031054, -27.800653706, -319.77179562, 1.959101358978, 431.8770184713, -99999.0, 66.9, 24.37, 4.75, 29.12, 0.049, 0.777, 0.824, -99999.0, -99999.0, -99999.0, -99999.0, -99999.0, -99999.0, -99999.0, 2.02, 2.6, 0.0
3864.0, 40.780696453, -111.9409957685, 1288.449, 0.1, 17.6, 0.0, 0.0, -99999.0, -99999.0, -99999.0, -99999.0, -99999.0, 0.066731314753, 423.53319765, 1.969073113, 1.1519031054, -27.800653706, -319.77179562, 1.959101358978, 424.0726392964, -99999.0, -99999.0, 24.37, 4.76, 29.13, 0.049, 0.777, 0.824, -99999.0, -99999.0, -99999.0, -99999.0, -99999.0, -99999.0, -99999.0, -99999.0, -99999.0, 0.0
