arc_raw/USOS-ARL-Suite_ARC_20240725_RA.ict
71,1001
Xinrong Ren
NOAA Air Resources Lab
ARC-Suite
USOS: Utah Summer Ozone Study
1,1
2024,07,25,2024,07,25
1
StartTime_seconds, seconds, Start time in UTC seconds since midnight
38
1,1,1,1,1,1,1,1,1,1,1,1,1,1,1,1,1,1,1,1,1,1,1,1,1,1,1,1,1,1,1,1,1,1,1,1,1,1
-99999,-99999,-99999,-99999,-99999,-99999,-99999,-99999,-99999,-99999,-99999,-99999,-99999,-99999,-99999,-99999,-99999,-99999,-99999,-99999,-99999,-99999,-99999,-99999,-99999,-99999,-99999,-99999,-99999,-99999,-99999,-99999,-99999,-99999,-99999,-99999,-99999,-99999
lat_DGPS_deg, degrees, Latitude in decimal by Hemisphere VS1100 Differential GPS
lon_DGPS_deg, degrees, Longitude in decimal by Hemisphere VS1100 Differential GPS
alt_msl_m, meters, GPS Altitude MSL
speed_km_h, km/s, vehicle speed
RH, percent, relative humidity
true_WS_m_s, m/s, wind speed by 2D sonic sensor
true_WD_deg, degree, wind direction by 2D sonic sensor
CH4_aeris313_ppm, ppm, CH4 mixing ratio by Aeris
H2O_aeris313_ppm, ppm, H2O mixing ratio by Aeris
C2H6_aeris313_ppb, ppb, C2H6 mixing ratio by Aeris
r_aeris313, 1, relavence between CH4 and C2H6 by Aeris
C2C1_aeris313, 1, C2H6 to CH4 ratio by Aeris
CO_g2401m_ppm, ppm, CO mixing ratio by Picarro G2401m
CO2_g2401m_ppm, ppm, CO2 mixing ratio by Picarro G2401m
CH4_g2401m_ppm, ppm, CH4 mixing ratio by Picarro G2401m
H2O_g2401m, ppm, H2O mixing ratio by Picarro G2401m
delta13C_CH4_raw, permill, delta 13C of CH4 by Picarro G2201i
delta13C_CO2_raw, permill, delta 13C of CO2 by Picarro G2201i
CH4_g2201i_ppm, ppm, CH4 mixing ratio by Picarro G2201i
CO2_g2201i_ppm, ppm, CO2 mixing ratio by Picarro G2201i
NH3_g2301_ppb, ppb, NH3 mixing ratio by Picarro G2301
O3_2B_ppm, ppm, O3 mixing ratio by 2B
NO_G60_ppb, ppb, NO mixing ratio by G60
NO2_G60_ppb, ppb, NO2 mixing ratio by G60
NOx_G60_ppb, ppb, NOx mixing ratio by G60
NO_N500_ppb, ppb, NO mixing ratio by N500
NO2_N500_ppb, ppb, NO2 mixing ratio by N500
NOx_N500_ppb, ppb, NOx mixing ratio by N500
BC370_AE43_ng_m3, ng/m3, Black Carbon at 370 nm by AE43
BC470_AE43_ng_m3, ng/m3, Black Carbon at 470 nm by AE43
BC520_AE43_ng_m3, ng/m3, Black Carbon at 520 nm by AE43
BC590_AE43_ng_m3, ng/m3, Black Carbon at 590 nm by AE43
BC660_AE43_ng_m3, ng/m3, Black Carbon at 660 nm by AE43
BC880_AE43_ng_m3, ng/m3, Black Carbon at 880 nm by AE43
BC950_AE43_ng_m3, ng/m3, Black Carbon at 950 nm by AE43
PM25, ug/m3, PM2.5 by particle sensor
PM10, ug/m3, PM10 by particle sensor
Valve, boolian, indicator of valve conditions;0 is measurement; 10 is zeroing; 11 is spanning
1
SPECIAL COMMENTS, N/A
18
PI_CONTACT_INFO: xinrong.ren@noaa.gov, 301-683-1391, NOAA/ARL, 5830 University Research Court, College Park, MD 20740
PLATFORM: NOAA Air Resources Car
LOCATION: Salt Lake City
ASSOCIATED_DATA: N/A
INSTRUMENT_INFO: Hemisphere VS1100 differential GPS (Latitude, Longitude, GPS Altitude, speed), meteorological sensor (RH, WS, WD), 2B (O3), G60 CRDS (NO-NOx), Teledyne N500 (NO-NOx), Picarro G2401-m (CO2, CH4, CO, H2O), Picarro G2201i (CO2, CH4, d13C_CO2, d13C_CH4, H2O), Picarro 2301 (NH3), Aeris Ultra MIRA (CH4, C2H6, H2O, r, C2/C1), AE43 (Black Carbon), Partical sensor (PM2.5, PM10)
DATA_INFO: Records are reported at 1-second intervals. Hemisphere VS1100 differential GPS has 1-second ntervals. 2B O3 values are reported 2-second averages. G60 Cavity Rong Down NO-NO2-NO2 has 1-second average. Teledyne CAPS NO2 analyzer has 10-second time resolution. Picarro 2401m (CO2, CH4, CO, H2O) data has 2.5-second time resolution. Picarro 2201i (isotope) has ~5 second time resolution. Aeris Ultra MIRA has 1-second integration time. AE43 data are 10-second moving averages. Partical sensor has 10-second time resolution.
UNCERTAINTY: -99999, -99999, -99999, 15 m, -99999, -99999, -99999, -99999, 1 ppb, 100 ppm, 0.2 ppb, -99999, -99999, 5 ppb, 0.1 ppm, 1 ppb, 100 ppm, -99999, -99999, -99999, -99999, 2 ppb, 0.3 ppb, -99999, -99999, -99999, 0.05 ppb, 0.05 ppb, 0.05 ppb, 10 ng/m3, 10 ng/m3, 10 ng/m3, 10 ng/m3, 10 ng/m3, 10 ng/m3, 10 ng/m3, 10 ng/m3, 0
ULOD_FLAG: -77777
ULOD_VALUE: N/A
LLOD_FLAG: -88888
LLOD_VALUE: N/A
DM_CONTACT_INFO: Jiayang Sun; University of Maryland; jiayangs@umd.edu
PROJECT_INFO: USOS July - Aug 2024 https://deq.utah.gov/air-quality/utah-summer-ozone-study-usos
STIPULATIONS_ON_USE: Use of these data requires prior ok from PI.
OTHER_COMMENTS: N/A
REVISION: RA
RA: Preliminary Data for in-field use only.
StartTime_seconds, lat_DGPS_deg, lon_DGPS_deg, alt_msl_m, speed_km_h, RH, true_WS_m_s, true_WD_deg, CH4_aeris313_ppm, H2O_aeris313_ppm, C2H6_aeris313_ppb, r_aeris313, C2C1_aeris313, CO_g2401m_ppm, CO2_g2401m_ppm, CH4_g2401m_ppm, H2O_g2401m, delta13C_CH4_raw, delta13C_CO2_raw, CH4_g2201i_ppm, CO2_g2201i_ppm, NH3_g2301_ppb, O3_2B_ppm, NO_G60_ppb, NO2_G60_ppb, NOx_G60_ppb, NO_N500_ppb, NO2_N500_ppb, NOx_N500_ppb, BC370_AE43_ng_m3, BC470_AE43_ng_m3, BC520_AE43_ng_m3, BC590_AE43_ng_m3, BC660_AE43_ng_m3, BC880_AE43_ng_m3, BC950_AE43_ng_m3, PM25, PM10, Valve
[from data line 3120]
10658.0, 40.78070431966667, -111.94098545816665, 1287.859, 0.1, 23.7, -99999.0, -99999.0, -3.70128, 9613.54, -50.0962, 1.0, 0.0099102, 0.25673035937, 455.144663075, 2.1590886717, 1.3926406511, -99999.0, -99999.0, -99999.0, -99999.0, -99999.0, 42.6, 26.44, 10.3, 36.75, -0.43, 9.688, 9.25, 854.0, 851.0, 886.0, 472.0, 482.0, 888.0, 801.0, 8.9, 12.46, 0.0
10659.0, 40.780704276499996, -111.94098553650001, 1287.861, 0.14, 23.5, -99999.0, -99999.0, -3.70127, 9613.54, -50.0962, 1.0, 0.0099102, 0.26403745049, 455.10069536, 2.1590886717, 1.3926406511, -53.362684756, -7.0603580867, 2.115458165811, 457.8443381344, -99999.0, -99999.0, 26.43, 10.34, 36.77, -0.43, 9.688, 9.25, 802.0, 712.0, 483.0, 680.0, 669.0, 355.0, 615.0, 7.92, 9.07, 0.0
10660.0, 40.78070423, -111.940985637, 1287.871, 0.07, 23.4, -99999.0, -99999.0, -3.70129, 9613.54, -50.0963, 1.0, 0.0099102, 0.264040963425, 455.08826008, 2.1587938572, 1.3937335038, -53.362684756, -7.0603580867, 2.115458165811, 457.8443381344, -99999.0, 43.1, 26.43, 10.34, 36.77, -0.43, 9.688, 9.25, 816.0, 800.0, 855.0, 707.0, 830.0, 892.0, 620.0, 9.49, 11.53, 0.0
10661.0, 40.78070419266666, -111.94098569083332, 1287.882, 0.21, 23.3, -99999.0, -99999.0, -3.70127, 9613.54, -50.0962, 1.0, 0.0099102, 0.26404447636, 456.01103638, 2.1587938572, 1.3937335038, -53.362684756, -7.0603580867, 2.115458165811, 458.69733718490005, -99999.0, -99999.0, 26.39, 10.43, 36.82, -0.43, 9.688, 9.25, 975.0, 787.0, 758.0, 929.0, 910.0, 787.0, 663.0, 9.73, 20.88, 0.0
10662.0, 40.78070416733334, -111.94098572883334, 1287.891, 0.17, 23.2, -99999.0, -99999.0, -3.7013, 9613.54, -50.0964, 1.0, 0.00991019, 0.25695821395, 456.01103638, 2.1587938572, 1.3937335038, -53.362684756, -7.347315492, 2.115458165811, 458.69587439210005, -99999.0, 42.4, 26.45, 10.48, 36.92, -0.361, 9.688, 9.312, 937.0, 936.0, 684.0, 735.0, 1018.0, 771.0, 475.0, 10.34, 15.94, 0.0
10663.0, 40.780704126333326, -111.94098577649999, 1287.899, 0.14, 23.1, -99999.0, -99999.0, -3.70131, 9613.54, -50.0965, 1.0, 0.00991017, 0.25696219440333334, 456.30373206666667, 2.1591772148, 1.4059076451, -56.5679585, -7.347315492, 2.1176161498429997, 458.69587439210005, -99999.0, -99999.0, 26.45, 10.48, 36.92, -0.361, 9.688, 9.312, 930.0, 880.0, 836.0, 541.0, 723.0, 820.0, 371.0, 10.24, 17.35, 0.0
10664.0, 40.78070411866667, -111.94098586483332, 1287.901, 0.18, 23.0, -99999.0, -99999.0, -3.70131, 9613.54, -50.0965, 1.0, 0.00991015, 0.25963106395, 456.7939259, 2.1591772148, 1.4059076451, -56.5679585, -7.347315492, 2.1176161498429997, 458.69587439210005, -99999.0, 42.9, 26.4, 10.55, 36.95, -0.361, 9.688, 9.312, 906.0, 842.0, 762.0, 486.0, 602.0, 732.0, 664.0, 9.55, 14.29, 0.0
10665.0, 40.78070412566666, -111.94098592549999, 1287.905, 0.07, 22.9, -99999.0, -99999.0, -3.70131, 9613.54, -50.0966, 1.0, 0.00991014, 0.259630908065, 456.77645156, 2.1597298013, 1.3888737676, -56.5679585, -7.347315492, 2.1176161498429997, 459.8478794116, -99999.0, -99999.0, 26.37, 10.61, 36.99, -0.361, 9.688, 9.312, 1012.0, 684.0, 782.0, 680.0, 1018.0, 729.0, 816.0, 9.22, 10.37, 0.0
10666.0, 40.78070415133334, -111.94098600766665, 1287.916, 0.05, 22.9, -99999.0, -99999.0, -3.70132, 9613.54, -50.0966, 1.0, 0.00991013, 0.25963075218, 456.74903075, 2.1597298013, 1.3888737676, -56.5679585, -9.7475593345, 2.1176161498429997, 459.83561321039997, -99999.0, 44.1, 26.26, 10.74, 36.99, -0.361, 9.688, 9.312, 885.0, 757.0, 757.0, 693.0, 830.0, 446.0, 254.0, 9.0, 29.44, 0.0
10667.0, 40.78070420066666, -111.94098608766666, 1287.922, 0.23, 22.8, -99999.0, -99999.0, -3.70133, 9613.54, -50.0967, 1.0, 0.00991011, 0.25877658409, 456.74903075, 2.1597298013, 1.3888737676, -56.416330946, -9.7475593345, 2.1195079067669997, 459.83561321039997, -99999.0, -99999.0, 26.26, 10.74, 36.99, -0.361, 9.688, 9.312, 953.0, 969.0, 788.0, 638.0, 749.0, 826.0, 916.0, 8.9, 13.99, 0.0
10668.0, 40.78070420783334, -111.94098617766667, 1287.921, 0.22, 22.8, -99999.0, -99999.0, -3.70133, 9613.54, -50.0967, 1.0, 0.00991011, 0.25877932713499996, 456.68843177, 2.1602965119, 1.3890404789, -56.416330946, -9.7475593345, 2.1195079067669997, 459.83561321039997, -99999.0, 44.1, 26.25, 10.79, 37.04, -0.361, 9.688, 9.312, 1004.0, 770.0, 782.0, 749.0, 656.0, 859.0, 622.0, 9.52, 12.0, 0.0
10669.0, 40.78070424033333, -111.940986221, 1287.925, 0.23, 22.8, -99999.0, -99999.0, -3.70133, 9613.54, -50.0967, 1.0, 0.0099101, 0.25878207018, 457.43790289, 2.1602965119, 1.3890404789, -56.416330946, -9.7475593345, 2.1195079067669997, 460.284891054, -99999.0, -99999.0, 26.18, 10.86, 37.04, -0.361, 9.688, 9.312, 923.0, 783.0, 734.0, 846.0, 736.0, 631.0, 648.0, 9.13, 13.35, 0.0
10670.0, 40.78070427983333, -111.9409862505, 1287.924, 0.03, 22.8, -99999.0, -99999.0, -3.70134, 9613.54, -50.0968, 1.0, 0.00991009, 0.26035985551, 457.54428321, 2.1605580151, 1.41852760755, -56.416330946, -8.4727028075, 2.1195079067669997, 460.2914124436, -99999.0, 42.4, 26.15, 10.91, 37.06, -0.361, 9.688, 9.312, 914.0, 770.0, 754.0, 763.0, 575.0, 583.0, 415.0, 8.5, 10.54, 0.0
10671.0, 40.78070434883333, -111.94098629950001, 1287.926, 0.2, 22.8, -99999.0, -99999.0, -3.70133, 9613.54, -50.0967, 1.0, 0.00991009, 0.26035973579, 457.64365406, 2.1608195183, 1.4480147362, -51.752958338, -8.4727028075, 2.101381985533, 460.2914124436, -99999.0, -99999.0, 26.14, 10.97, 37.11, -0.361, 9.688, 9.312, 878.0, 842.0, 877.0, 1054.0, 575.0, 615.0, 854.0, 10.11, 11.64, 0.0
10672.0, 40.780704329833334, -111.94098635083334, 1287.925, 0.14, 22.9, -99999.0, -99999.0, -3.70133, 9613.54, -50.0967, 1.0, 0.00991009, 0.25260636758, 457.63664459, 2.1608195183, 1.4480147362, -51.752958338, -8.4727028075, 2.101381985533, 460.2914124436, -99999.0, 40.3, 26.11, 11.07, 37.18, -0.361, 9.688, 9.312, 1020.0, 845.0, 707.0, 832.0, 683.0, 648.0, 471.0, 10.72, 26.63, 0.0
10673.0, 40.780704319, -111.9409863115, 1287.928, 0.16, 22.9, -99999.0, -99999.0, -3.70134, 9613.54, -50.0968, 1.0, 0.00991009, 0.252609536365, 458.04729786, 2.1589899861, 1.5029682273, -51.752958338, -8.4727028075, 2.101381985533, 461.26166348810006, -99999.0, -99999.0, 26.12, 11.13, 37.24, -0.361, 9.688, 9.312, 931.0, 895.0, 782.0, 832.0, 776.0, 608.0, 1040.0, 10.33, 17.36, 0.0
10674.0, 40.78070432383333, -111.94098629366665, 1287.931, 0.12, 23.0, -99999.0, -99999.0, -3.70133, 9613.54, -50.0967, 1.0, 0.00991009, 0.25261270515, 458.76644432, 2.1589899861, 1.5029682273, -51.752958338, -8.9047063097, 2.101381985533, 461.25944896310006, -99999.0, 38.6, 26.1, 11.19, 37.29, -0.361, 9.688, 9.312, 944.0, 855.0, 783.0, 1152.0, 508.0, 530.0, 890.0, 8.32, 14.39, 0.0
10675.0, 40.780704387666674, -111.94098627983334, 1287.931, 0.12, 23.0, -99999.0, -99999.0, -3.70133, 9613.54, -50.0967, 1.0, 0.00991009, 0.25366285196, 458.891076855, 2.159072279, 1.5099564976000002, -54.587382081, -8.9047063097, 2.108456780425, 461.25944896310006, -99999.0, -99999.0, 26.07, 11.24, 37.3, -0.361, 9.688, 9.312, 885.0, 673.0, 831.0, 638.0, 777.0, 693.0, 461.0, 9.7, 33.24, 0.0
10676.0, 40.78070444816666, -111.940986282, 1287.936, 0.39, 23.0, -99999.0, -99999.0, -3.70133, 9613.54, -50.0967, 1.0, 0.00991009, 0.25367473178, 459.69839387499997, 2.1591545719, 1.5169447679, -54.587382081, -8.9047063097, 2.108456780425, 461.25944896310006, -99999.0, 36.4, 26.11, 11.32, 37.43, -0.361, 9.688, 9.312, 916.0, 855.0, 714.0, 735.0, 749.0, 528.0, 917.0, 8.53, 16.96, 0.0
10677.0, 40.78070449533333, -111.9409862975, 1287.942, 0.11, 23.1, -99999.0, -99999.0, -3.70134, 9613.54, -50.0968, 1.0, 0.00991008, 0.25859151704, 460.38107836, 2.1591545719, 1.5169447679, -54.587382081, -8.4956826011, 2.108456780425, 461.1950493086, -99999.0, -99999.0, 26.07, 11.37, 37.44, -0.361, 9.688, 9.312, 817.0, 756.0, 835.0, 499.0, 563.0, 634.0, 583.0, -99999.0, -99999.0, 0.0
10678.0, 40.78070457133334, -111.94098628533332, 1287.941, 0.13, 23.1, -99999.0, -99999.0, -3.70134, 9613.54, -50.0968, 1.0, 0.00991008, 0.25859665301, 460.28933659, 2.1587312533, 1.4776850936, -99999.0, -99999.0, -99999.0, -99999.0, -99999.0, 35.4, 26.08, 11.41, 37.49, -0.361, 9.688, 9.312, 930.0, 895.0, 900.0, 846.0, 736.0, 589.0, 805.0, 9.14, 12.7, 0.0
10679.0, 40.78070463416667, -111.94098630949999, 1287.948, 0.1, 23.1, -99999.0, -99999.0, -3.70134, 9613.54, -50.0968, 1.0, 0.00991008, 0.25860178898, 461.46685499, 2.1587312533, 1.4776850936, -54.058381097, -8.0866588925, 2.1120279075, 461.1971457329, -99999.0, -99999.0, 26.1, 11.45, 37.54, -0.361, 9.688, 9.312, 1072.0, 789.0, 681.0, 638.0, 843.0, 723.0, 386.0, 9.16, 13.3, 0.0
10680.0, 40.780704729499995, -111.94098637216666, 1287.952, 0.18, 23.1, -99999.0, -99999.0, -3.70134, 9613.54, -50.0969, 1.0, 0.00991007, 0.25456917635, 461.46685499, 2.1587312533, 1.4776850936, -54.058381097, -8.0866588925, 2.1120279075, 461.1971457329, -99999.0, 37.3, 26.09, 11.48, 37.57, -0.361, 9.688, 9.312, 1004.0, 606.0, 712.0, 610.0, 736.0, 881.0, 573.0, 8.41, 17.92, 0.0
10681.0, 40.7807047765, -111.94098637999998, 1287.966, 0.06, 23.0, -99999.0, -99999.0, -3.70135, 9613.54, -50.0969, 1.0, 0.00991006, 0.254573627995, 461.34673803, 2.1590542083, 1.4838692595, -54.058381097, -9.06720638075, 2.1120279075, 461.66990469075, -99999.0, -99999.0, 26.12, 11.5, 37.61, -0.361, 9.688, 9.312, 967.0, 855.0, 782.0, 597.0, 656.0, 325.0, 414.0, 9.1, 12.09, 0.0
10682.0, 40.780704853833335, -111.94098644183332, 1287.969, 0.25, 23.0, -99999.0, -99999.0, -3.70135, 9613.54, -50.0969, 1.0, 0.00991006, 0.25777552394000003, 462.43801892, 2.1590542083, 1.4838692595, -99999.0, -99999.0, -99999.0, -99999.0, -99999.0, 39.7, 26.17, 11.52, 37.7, -0.361, 9.688, 9.312, 900.0, 822.0, 704.0, 486.0, 696.0, 967.0, 609.0, 9.66, 11.57, 0.0
10683.0, 40.780704880833326, -111.9409865055, 1287.981, 0.13, 23.0, -99999.0, -99999.0, -3.70135, 9613.54, -50.0969, 1.0, 0.00991005, 0.26097296824, 462.63159717, 2.1575656999, 1.5308529414, -57.922822363, -10.047753869, 2.116782402654, 461.664873752, -99999.0, -99999.0, 26.12, 11.6, 37.72, -0.361, 9.688, 9.312, 922.0, 806.0, 777.0, 680.0, 749.0, 459.0, 615.0, 7.99, 14.07, 0.0
10684.0, 40.7807049355, -111.94098655233331, 1287.996, 0.2, 23.0, -99999.0, -99999.0, -3.70135, 9613.54, -50.0969, 1.0, 0.00991004, 0.26098406553, 463.26751541500005, 2.1575656999, 1.5308529414, -57.922822363, -10.047753869, 2.116782402654, 461.664873752, -99999.0, 40.3, 26.11, 11.63, 37.74, -0.361, 9.688, 9.312, 885.0, 858.0, 629.0, 652.0, 763.0, 361.0, 498.0, 9.06, 16.74, 0.0
10685.0, 40.78070500833333, -111.940986593, 1288.005, 0.1, 22.9, -99999.0, -99999.0, -3.70135, 9613.54, -50.0969, 1.0, 0.00991003, 0.24128769566, 463.90343366, 2.1575656999, 1.5308529414, -57.922822363, -9.67087770795, 2.116782402654, 461.60036009519996, -99999.0, -99999.0, 26.14, 11.62, 37.76, -0.559, 9.938, 9.375, 923.0, 1033.0, 629.0, 763.0, 630.0, 775.0, 788.0, 9.77, 14.31, 0.0
10686.0, 40.78070506400001, -111.940986583, 1288.011, 0.07, 22.9, -99999.0, -99999.0, -3.70136, 9613.54, -50.097, 1.0, 0.00991002, 0.24128254933999999, 464.05828122, 2.1559605366, 1.5262034333, -99999.0, -99999.0, -99999.0, -99999.0, -99999.0, 39.9, 26.14, 11.62, 37.76, -0.559, 9.938, 9.375, 938.0, 672.0, 858.0, 416.0, 549.0, 667.0, 432.0, 8.77, 20.07, 0.0
10687.0, 40.78070513016667, -111.94098662233334, 1288.014, 0.1, 22.9, -99999.0, -99999.0, -3.70136, 9613.54, -50.097, 1.0, 0.00991001, 0.24127740302, 462.83131478, 2.1559605366, 1.5262034333, -53.899404388, -9.2940015469, 2.1125863772030002, 461.60229347219996, -99999.0, -99999.0, 26.11, 11.62, 37.73, -0.559, 9.938, 9.375, 675.0, 948.0, 626.0, 499.0, 669.0, 388.0, 885.0, 8.83, 9.98, 0.0
10688.0, 40.78070521483333, -111.94098667566668, 1288.021, 0.22, 22.8, -99999.0, -99999.0, -3.70136, 9613.54, -50.097, 1.0, 0.00991, 0.25636613906, 462.79379346999997, 2.15567401195, 1.51823870935, -53.899404388, -9.2940015469, 2.1125863772030002, 461.60229347219996, -99999.0, 40.3, 26.1, 11.61, 37.72, -0.559, 9.938, 9.375, 939.0, 872.0, 557.0, 722.0, 441.0, 300.0, 855.0, 8.73, 14.015, 0.0
10689.0, 40.7807052365, -111.94098667766666, 1288.02, 0.02, 22.8, -99999.0, -99999.0, -3.70136, 9613.54, -50.097, 1.0, 0.00990999, 0.25636194632, 462.51568636, 2.1553874873, 1.5102739854, -53.899404388, -8.735614209200001, 2.1125863772030002, 462.02984786425, -99999.0, -99999.0, 26.08, 11.61, 37.69, -0.559, 9.938, 9.375, 900.0, 779.0, 852.0, 860.0, 616.0, 820.0, 572.0, -99999.0, -99999.0, 0.0
10690.0, 40.78070533916667, -111.94098666800001, 1288.019, 0.09, 22.8, -99999.0, -99999.0, -3.70136, 9613.54, -50.097, 1.0, 0.00990995, 0.25211881175, 462.27510056, 2.1553874873, 1.5102739854, -99999.0, -99999.0, -99999.0, -99999.0, -99999.0, 40.0, 26.03, 11.61, 37.63, -0.559, 9.938, 9.375, 961.0, 739.0, 758.0, 833.0, 736.0, 608.0, 54.0, 8.74, 15.85, 0.0
10691.0, 40.78070538466667, -111.94098667766666, 1288.019, 0.1, 22.8, -99999.0, -99999.0, -3.70137, 9613.54, -50.0971, 1.0, 0.00990993, 0.252124244225, 462.19217031, 2.1555642031, 1.5034251383, -54.431758996, -8.1772268715, 2.116807646143, 462.0327150302, -99999.0, -99999.0, 26.06, 11.59, 37.64, -0.559, 9.938, 9.375, 878.0, 1050.0, 736.0, 860.0, 536.0, 781.0, 706.0, 9.9, 13.76, 0.0
10692.0, 40.78070548933333, -111.94098669016667, 1288.017, 0.04, 22.8, -99999.0, -99999.0, -3.70137, 9613.54, -50.0971, 1.0, 0.00990991, 0.2521296767, 463.44861081, 2.1555642031, 1.5034251383, -54.431758996, -8.1772268715, 2.116807646143, 462.0327150302, -99999.0, 38.4, 25.97, 11.57, 37.54, -0.559, 9.938, 9.375, 908.0, 779.0, 736.0, 791.0, 723.0, 384.0, 648.0, 8.88, 23.83, 0.0
10693.0, 40.78070558533334, -111.94098666099998, 1288.01, 0.18, 22.8, -99999.0, -99999.0, -3.70136, 9613.54, -50.097, 1.0, 0.0099099, 0.25355364327, 463.44861081, 2.1555642031, 1.5034251383, -54.431758996, -8.3817973906, 2.116807646143, 463.20013038909997, -99999.0, -99999.0, 25.98, 11.51, 37.49, -0.559, 9.938, 9.375, 968.0, 789.0, 808.0, 582.0, 697.0, 507.0, 717.0, 9.37, 14.82, 0.0
10694.0, 40.78070564316667, -111.94098664666666, 1288.006, 0.12, 22.7, -99999.0, -99999.0, -3.70136, 9613.54, -50.097, 1.0, 0.00990989, 0.25353955367000003, 462.4745242466667, 2.1561154553, 1.4717393105, -99999.0, -99999.0, -99999.0, -99999.0, -99999.0, 37.6, 26.0, 11.47, 37.48, -0.559, 9.938, 9.375, 734.0, 783.0, 598.0, 722.0, 615.0, 589.0, 666.0, 8.28, 13.37, 0.0
10695.0, 40.78070571233333, -111.94098672666665, 1287.998, 0.28, 22.7, -99999.0, -99999.0, -3.70137, 9613.54, -50.0971, 1.0, 0.00990987, 0.25061150455, 460.80772486, 2.1561154553, 1.4717393105, -51.785496107, -8.5863679097, 2.106941068178, 463.1990773191, -99999.0, -99999.0, 25.97, 11.47, 37.44, -0.559, 9.938, 9.375, 961.0, 828.0, 767.0, 984.0, 817.0, 487.0, 399.0, 8.7, 14.35, 0.0
10696.0, 40.780705779, -111.94098676983334, 1287.995, 0.14, 22.6, -99999.0, -99999.0, -3.70137, 9613.54, -50.0971, 1.0, 0.00990987, 0.25061150455, 460.60534666, 2.1562555507, 1.4476338921, -51.785496107, -8.5863679097, 2.106941068178, 463.1990773191, -99999.0, 38.3, 25.96, 11.46, 37.41, -0.559, 9.938, 9.375, 885.0, 909.0, 913.0, 694.0, 776.0, 920.0, 635.0, 8.42, 15.05, 0.0
10697.0, 40.7807058135, -111.94098675149999, 1287.994, 0.38, 22.6, -99999.0, -99999.0, -3.70136, 9613.54, -50.097, 1.0, 0.00990987, 0.25060112693, 459.98521908, 2.1562555507, 1.4476338921, -51.785496107, -8.43214311885, 2.106941068178, 463.99572025994996, -99999.0, -99999.0, 25.9, 11.44, 37.33, -0.559, 9.938, 9.375, 744.0, 975.0, 541.0, 735.0, 723.0, 603.0, 775.0, 8.98, 10.51, 0.0
10698.0, 40.780705838333326, -111.94098675983332, 1287.999, 0.14, 22.6, -99999.0, -99999.0, -3.70136, 9613.54, -50.097, 1.0, 0.00990986, 0.25992530823, 459.3650915, 2.1562555507, 1.4476338921, -99999.0, -99999.0, -99999.0, -99999.0, -99999.0, 40.2, 25.89, 11.42, 37.31, -0.559, 9.938, 9.375, 765.0, 765.0, 686.0, 513.0, 696.0, 488.0, 713.0, 8.97, 15.95, 0.0
