arc_raw/USOS-ARL-Suite_ARC_20240726_RA.ict
71,1001
Xinrong Ren
NOAA Air Resources Lab
ARC-Suite
USOS: Utah Summer Ozone Study
1,1
2024,07,26,2024,07,26
1
StartTime_seconds, seconds, Start time in UTC seconds since midnight
38
1,1,1,1,1,1,1,1,1,1,1,1,1,1,1,1,1,1,1,1,1,1,1,1,1,1,1,1,1,1,1,1,1,1,1,1,1,1
-99999,-99999,-99999,-99999,-99999,-99999,-99999,-99999,-99999,-99999,-99999,-99999,-99999,-99999,-99999,-99999,-99999,-99999,-99999,-99999,-99999,-99999,-99999,-99999,-99999,-99999,-99999,-99999,-99999,-99999,-99999,-99999,-99999,-99999,-99999,-99999,-99999,-99999
lat_DGPS_deg, degrees, Latitude in decimal by Hemisphere VS1100 Differential GPS
lon_DGPS_deg, degrees, Longitude in decimal by Hemisphere VS1100 Differential GPS
alt_msl_m, meters, GPS Altitude MSL
speed_km_h, km/s, vehicle speed
RH, percent, relative humidity
true_WS_m_s, m/s, wind speed by 2D sonic sensor
true_WD_deg, degree, wind direction by 2D sonic sensor
CH4_aeris313_ppm, ppm, CH4 mixing ratio by Aeris
H2O_aeris313_ppm, ppm, H2O mixing ratio by Aeris
C2H6_aeris313_ppb, ppb, C2H6 mixing ratio by Aeris
r_aeris313, 1, relavence between CH4 and C2H6 by Aeris
C2C1_aeris313, 1, C2H6 to CH4 ratio by Aeris
CO_g2401m_ppm, ppm, CO mixing ratio by Picarro G2401m
CO2_g2401m_ppm, ppm, CO2 mixing ratio by Picarro G2401m
CH4_g2401m_ppm, ppm, CH4 mixing ratio by Picarro G2401m
H2O_g2401m, ppm, H2O mixing ratio by Picarro G2401m
delta13C_CH4_raw, permill, delta 13C of CH4 by Picarro G2201i
delta13C_CO2_raw, permill, delta 13C of CO2 by Picarro G2201i
CH4_g2201i_ppm, ppm, CH4 mixing ratio by Picarro G2201i
CO2_g2201i_ppm, ppm, CO2 mixing ratio by Picarro G2201i
NH3_g2301_ppb, ppb, NH3 mixing ratio by Picarro G2301
O3_2B_ppm, ppm, O3 mixing ratio by 2B
NO_G60_ppb, ppb, NO mixing ratio by G60
NO2_G60_ppb, ppb, NO2 mixing ratio by G60
NOx_G60_ppb, ppb, NOx mixing ratio by G60
NO_N500_ppb, ppb, NO mixing ratio by N500
NO2_N500_ppb, ppb, NO2 mixing ratio by N500
NOx_N500_ppb, ppb, NOx mixing ratio by N500
BC370_AE43_ng_m3, ng/m3, Black Carbon at 370 nm by AE43
BC470_AE43_ng_m3, ng/m3, Black Carbon at 470 nm by AE43
BC520_AE43_ng_m3, ng/m3, Black Carbon at 520 nm by AE43
BC590_AE43_ng_m3, ng/m3, Black Carbon at 590 nm by AE43
BC660_AE43_ng_m3, ng/m3, Black Carbon at 660 nm by AE43
BC880_AE43_ng_m3, ng/m3, Black Carbon at 880 nm by AE43
BC950_AE43_ng_m3, ng/m3, Black Carbon at 950 nm by AE43
PM25, ug/m3, PM2.5 by particle sensor
PM10, ug/m3, PM10 by particle sensor
Valve, boolian, indicator of valve conditions;0 is measurement; 10 is zeroing; 11 is spanning
1
SPECIAL COMMENTS, N/A
18
PI_CONTACT_INFO: xinrong.ren@noaa.gov, 301-683-1391, NOAA/ARL, 5830 University Research Court, College Park, MD 20740
PLATFORM: NOAA Air Resources Car
LOCATION: Salt Lake City
ASSOCIATED_DATA: N/A
INSTRUMENT_INFO: Hemisphere VS1100 differential GPS (Latitude, Longitude, GPS Altitude, speed), meteorological sensor (RH, WS, WD), 2B (O3), G60 CRDS (NO-NOx), Teledyne N500 (NO-NOx), Picarro G2401-m (CO2, CH4, CO, H2O), Picarro G2201i (CO2, CH4, d13C_CO2, d13C_CH4, H2O), Picarro 2301 (NH3), Aeris Ultra MIRA (CH4, C2H6, H2O, r, C2/C1), AE43 (Black Carbon), Partical sensor (PM2.5, PM10)
DATA_INFO: Records are reported at 1-second intervals. Hemisphere VS1100 differential GPS has 1-second ntervals. 2B O3 values are reported 2-second averages. G60 Cavity Rong Down NO-NO2-NO2 has 1-second average. Teledyne CAPS NO2 analyzer has 10-second time resolution. Picarro 2401m (CO2, CH4, CO, H2O) data has 2.5-second time resolution. Picarro 2201i (isotope) has ~5 second time resolution. Aeris Ultra MIRA has 1-second integration time. AE43 data are 10-second moving averages. Partical sensor has 10-second time resolution.
UNCERTAINTY: -99999, -99999, -99999, 15 m, -99999, -99999, -99999, -99999, 1 ppb, 100 ppm, 0.2 ppb, -99999, -99999, 5 ppb, 0.1 ppm, 1 ppb, 100 ppm, -99999, -99999, -99999, -99999, 2 ppb, 0.3 ppb, -99999, -99999, -99999, 0.05 ppb, 0.05 ppb, 0.05 ppb, 10 ng/m3, 10 ng/m3, 10 ng/m3, 10 ng/m3, 10 ng/m3, 10 ng/m3, 10 ng/m3, 10 ng/m3, 0
ULOD_FLAG: -77777
ULOD_VALUE: N/A
LLOD_FLAG: -88888
LLOD_VALUE: N/A
DM_CONTACT_INFO: Jiayang Sun; University of Maryland; jiayangs@umd.edu
PROJECT_INFO: USOS July - Aug 2024 https://deq.utah.gov/air-quality/utah-summer-ozone-study-usos
STIPULATIONS_ON_USE: Use of these data requires prior ok from PI.
OTHER_COMMENTS: N/A
REVISION: RA
RA: Preliminary Data for in-field use only.
StartTime_seconds, lat_DGPS_deg, lon_DGPS_deg, alt_msl_m, speed_km_h, RH, true_WS_m_s, true_WD_deg, CH4_aeris313_ppm, H2O_aeris313_ppm, C2H6_aeris313_ppb, r_aeris313, C2C1_aeris313, CO_g2401m_ppm, CO2_g2401m_ppm, CH4_g2401m_ppm, H2O_g2401m, delta13C_CH4_raw, delta13C_CO2_raw, CH4_g2201i_ppm, CO2_g2201i_ppm, NH3_g2301_ppb, O3_2B_ppm, NO_G60_ppb, NO2_G60_ppb, NOx_G60_ppb, NO_N500_ppb, NO2_N500_ppb, NOx_N500_ppb, BC370_AE43_ng_m3, BC470_AE43_ng_m3, BC520_AE43_ng_m3, BC590_AE43_ng_m3, BC660_AE43_ng_m3, BC880_AE43_ng_m3, BC950_AE43_ng_m3, PM25, PM10, Valve
[from data line 3443]
3443.0, 40.7807034285, -111.94098749283333, 1288.788, 0.2, 19.0, -99999.0, -99999.0, -3.70166, 9613.52, -50.0999, 1.0, 0.00990843, 0.1294419258, 427.78022628, 1.9680191587, 1.3516742748, -99999.0, -99999.0, -99999.0, -99999.0, -99999.0, 57.7, 26.59, 0.32, 26.91, -0.672, 1.055, 0.385, 215.0, 294.0, 168.0, -99.0, -19.0, -165.0, 275.0, 2.15, 5.92, 0.0
3444.0, 40.78070348083333, -111.94098744966668, 1288.793, 0.12, 19.0, -99999.0, -99999.0, -3.70166, 9613.52, -50.1, 1.0, 0.00990843, 0.12944130023, 427.770749895, 1.9680191587, 1.3516742748, -57.980779942, -7.4351060386, 1.921936126371, 428.28305796029997, -99999.0, 60.2, 26.61, 0.32, 26.93, -0.672, 1.055, 0.385, 59.0, 238.0, 11.0, 37.0, 240.0, -27.0, 102.0, -99999.0, -99999.0, 0.0
3445.0, 40.78070351583334, -111.94098739316665, 1288.802, 0.09, 19.0, -99999.0, -99999.0, -3.70166, 9613.52, -50.1, 1.0, 0.00990843, 0.13604869031, 427.76127351, 1.9680191587, 1.3516742748, -57.980779942, -7.4351060386, 1.921936126371, 428.28305796029997, -99999.0, -99999.0, 26.65, 0.33, 26.98, -0.672, 1.055, 0.385, 392.0, 289.0, 168.0, 324.0, -39.0, 73.0, 299.0, -99999.0, -99999.0, 0.0
3446.0, 40.78070354933333, -111.94098733883332, 1288.812, 0.01, 19.0, -99999.0, -99999.0, -3.70166, 9613.52, -50.1, 1.0, 0.00990843, 0.13604883495, 427.76157607, 1.9675627054, 1.3523437664, -57.980779942, -6.88295119055, 1.921936126371, 428.0800988943, -99999.0, -99999.0, 26.68, 0.35, 27.04, -0.672, 1.055, 0.385, 249.0, 5.0, 494.0, 231.0, 305.0, 360.0, -257.0, 2.05, 4.53, 0.0
3447.0, 40.78070359533333, -111.94098730433333, 1288.817, 0.17, 19.0, -99999.0, -99999.0, -3.70166, 9613.52, -50.1, 1.0, 0.00990843, 0.13604897959, 427.78103077, 1.9675627054, 1.3523437664, -99999.0, -99999.0, -99999.0, -99999.0, -99999.0, 62.6, 26.7, 0.34, 27.04, -0.672, 1.055, 0.385, 249.0, 198.0, -92.0, 65.0, 266.0, 291.0, 270.0, -99999.0, -99999.0, 0.0
3448.0, 40.780703646166664, -111.94098730216668, 1288.826, 0.08, 19.0, -99999.0, -99999.0, -3.70167, 9613.52, -50.1001, 1.0, 0.00990844, 0.12794782101, 427.78229852, 1.9675131881499999, 1.3523858133, -55.678835094, -6.3307963425, 1.929597217936, 428.0827256774, -99999.0, 59.9, 26.66, 0.36, 27.02, -0.672, 1.055, 0.385, 312.0, 324.0, 54.0, 194.0, -162.0, 284.0, 244.0, 2.09, 3.04, 0.0
3449.0, 40.78070372966666, -111.940987265, 1288.829, 0.04, 19.0, -99999.0, -99999.0, -3.70167, 9613.52, -50.1001, 1.0, 0.00990844, 0.12794736891, 427.73269016, 1.9674636709, 1.3524278602, -55.678835094, -6.3307963425, 1.929597217936, 428.0827256774, -99999.0, -99999.0, 26.67, 0.36, 27.02, -0.672, 1.055, 0.385, 375.0, 401.0, 71.0, 194.0, 181.0, 192.0, -2.0, -99999.0, -99999.0, 0.0
3450.0, 40.78070377649999, -111.94098727800001, 1288.835, 0.02, 19.0, -99999.0, -99999.0, -3.70167, 9613.52, -50.1001, 1.0, 0.00990844, 0.12805226839, 427.68181405, 1.9674636709, 1.3524278602, -55.678835094, -6.40862616265, 1.929597217936, 428.21958684099997, -99999.0, -99999.0, 26.64, 0.36, 27.0, -0.672, 1.055, 0.385, 186.0, 341.0, 251.0, 68.0, 260.0, -23.0, 85.0, -99999.0, -99999.0, 0.0
3451.0, 40.780703790833336, -111.94098725683334, 1288.831, 0.15, 19.0, -99999.0, -99999.0, -3.70167, 9613.52, -50.1001, 1.0, 0.00990845, 0.12805109565, 427.70726298, 1.9670881958, 1.3599097644, -99999.0, -99999.0, -99999.0, -99999.0, -99999.0, 54.7, 26.63, 0.35, 26.98, -0.672, 1.055, 0.385, 215.0, 46.0, 5.0, 197.0, 428.0, 728.0, 225.0, 1.89, 2.47, 0.0
3452.0, 40.78070381050001, -111.94098725866667, 1288.841, 0.09, 19.0, -99999.0, -99999.0, -3.70165, 9613.52, -50.0999, 1.0, 0.00990846, 0.12804992291, 427.42805107, 1.9670881958, 1.3599097644, -60.869959614, -6.4864559828, 1.932309640292, 428.2192164601, -99999.0, 55.9, 26.68, 0.35, 27.03, -0.672, 1.055, 0.385, 178.0, 173.0, 294.0, 325.0, 384.0, 431.0, 155.0, -99999.0, -99999.0, 0.0
3453.0, 40.780703830499995, -111.94098727083335, 1288.84, 0.06, 19.0, -99999.0, -99999.0, -3.70166, 9613.52, -50.1, 1.0, 0.00990846, 0.14628674392, 427.45538859, 1.9668453428500001, 1.3642996817, -60.869959614, -6.4864559828, 1.932309640292, 428.2192164601, -99999.0, -99999.0, 26.67, 0.36, 27.03, -0.672, 1.055, 0.385, 312.0, 66.0, 65.0, 34.0, 227.0, 65.0, 98.0, 1.65, 1.65, 0.0
3454.0, 40.780703826499995, -111.9409872695, 1288.847, 0.12, 19.0, -99999.0, -99999.0, -3.70165, 9613.52, -50.0998, 1.0, 0.00990846, 0.14628473359, 427.37696123499995, 1.9666024899, 1.368689599, -60.869959614, -6.5807448628, 1.932309640292, 428.2029907143, -99999.0, -99999.0, 26.66, 0.36, 27.02, -0.672, 1.055, 0.385, 122.0, 208.0, 141.0, 160.0, 506.0, 303.0, 240.0, -99999.0, -99999.0, 0.0
3455.0, 40.780703810999995, -111.940987261, 1288.854, 0.02, 19.0, -99999.0, -99999.0, -3.70165, 9613.52, -50.0999, 1.0, 0.00990847, 0.1273609213, 427.27119636, 1.9666024899, 1.368689599, -99999.0, -99999.0, -99999.0, -99999.0, -99999.0, 60.9, 26.64, 0.35, 27.0, -0.672, 1.055, 0.385, 245.0, 269.0, 407.0, 526.0, 162.0, 242.0, -2.0, 2.67, 4.13, 0.0
3456.0, 40.780703782500005, -111.94098725716667, 1288.867, 0.09, 19.0, -99999.0, -99999.0, -3.70165, 9613.52, -50.0998, 1.0, 0.00990847, 0.127360137025, 427.322371, 1.9658400542, 1.3751341222, -42.471633329, -6.6750337428, 1.9076179414599999, 428.20254202369995, -99999.0, 61.7, 26.64, 0.34, 26.98, -0.672, 1.055, 0.385, 271.0, 300.0, 196.0, 3.0, 423.0, 258.0, 271.0, -99999.0, -99999.0, 0.0
3457.0, 40.78070376983334, -111.94098724833333, 1288.872, 0.22, 19.0, -99999.0, -99999.0, -3.70165, 9613.52, -50.0999, 1.0, 0.00990847, 0.12735935275, 427.09543453, 1.9658400542, 1.3751341222, -42.471633329, -6.6750337428, 1.9076179414599999, 428.20254202369995, -99999.0, -99999.0, 26.63, 0.38, 27.01, -0.672, 1.055, 0.385, 89.0, 233.0, 98.0, -99999.0, 84.0, 192.0, 334.0, -99999.0, -99999.0, 0.0
3458.0, 40.780703781999996, -111.94098726383332, 1288.882, 0.05, 19.0, -99999.0, -99999.0, -3.70164, 9613.52, -50.0998, 1.0, 0.00990848, 0.14320664874, 427.086729055, 1.9655837165, 1.36932135405, -42.471633329, -6.8701111027, 1.9076179414599999, 428.03562464004995, -99999.0, -99999.0, 26.66, 0.38, 27.04, -0.672, 1.055, 0.385, 270.0, 71.0, 190.0, 96.0, 19.0, 161.0, 257.0, 2.67, 4.77, 0.0
3459.0, 40.78070371066667, -111.94098725033334, 1288.9, 0.12, 19.0, -99999.0, -99999.0, -3.70165, 9613.52, -50.0998, 1.0, 0.00990848, 0.14320729102, 427.13190095, 1.9653273788, 1.3635085859, -99999.0, -99999.0, -99999.0, -99999.0, -99999.0, 59.9, 26.63, 0.38, 27.0, -0.672, 1.055, 0.385, 181.0, 198.0, 320.0, 388.0, 266.0, -58.0, -9.0, -99999.0, -99999.0, 0.0
3460.0, 40.7807036675, -111.9409872525, 1288.912, 0.07, 19.0, -99999.0, -99999.0, -3.70164, 9613.52, -50.0998, 1.0, 0.00990848, 0.14722271674, 427.18577832, 1.9653273788, 1.3635085859, -60.968600083, -7.0651884626, 1.927181302042, 428.0346966891, -99999.0, 59.6, 26.63, 0.37, 27.01, -0.672, 1.055, 0.385, 304.0, 370.0, 185.0, -160.0, 19.0, -58.0, 144.0, 1.87, 4.95, 0.0
3461.0, 40.780703597, -111.94098722750002, 1288.93, 0.13, 19.0, -99999.0, -99999.0, -3.70163, 9613.52, -50.0997, 1.0, 0.00990849, 0.14722380857, 427.07612508, 1.9654034207, 1.3425008415, -60.968600083, -7.0651884626, 1.927181302042, 428.0346966891, -99999.0, -99999.0, 26.59, 0.39, 26.98, -0.672, 1.055, 0.385, 240.0, 213.0, 505.0, 425.0, 421.0, 337.0, 377.0, -99999.0, -99999.0, 0.0
3462.0, 40.78070352366666, -111.94098722599999, 1288.944, 0.08, 19.0, -99999.0, -99999.0, -3.70165, 9613.52, -50.0999, 1.0, 0.00990849, 0.1472249004, 427.28352307, 1.9654034207, 1.3425008415, -60.968600083, -7.5306080599000005, 1.927181302042, 427.88064050995, -99999.0, -99999.0, 26.57, 0.4, 26.96, -0.672, 1.055, 0.385, 211.0, -10.0, 125.0, 34.0, -117.0, -299.0, 563.0, -99999.0, -99999.0, 0.0
3463.0, 40.780703439166665, -111.94098721350001, 1288.96, 0.07, 19.0, -99999.0, -99999.0, -3.70165, 9613.52, -50.0998, 1.0, 0.00990849, 0.14179942294, 427.311892925, 1.96523221845, 1.36145245825, -99999.0, -99999.0, -99999.0, -99999.0, -99999.0, 58.7, 26.54, 0.4, 26.95, -0.672, 1.055, 0.385, 274.0, 218.0, -60.0, 358.0, -26.0, 245.0, 185.0, 2.61, 6.63, 0.0
3464.0, 40.780703403666664, -111.94098720066668, 1288.967, 0.07, 18.9, -99999.0, -99999.0, -3.70165, 9613.52, -50.0999, 1.0, 0.00990849, 0.14179786032, 427.24014175499997, 1.9650610162, 1.380404075, -45.027546173, -7.9960276572, 1.904631761652, 427.8784273708, -99999.0, 57.5, 26.56, 0.4, 26.96, -1.125, 1.055, -0.067, 333.0, 157.0, 342.0, 487.0, 207.0, -127.0, 61.0, -99999.0, -99999.0, 0.0
3465.0, 40.780703391500005, -111.940987195, 1288.973, 0.01, 18.9, -99999.0, -99999.0, -3.70164, 9613.52, -50.0998, 1.0, 0.00990849, 0.12665645087, 427.14002073, 1.9650610162, 1.380404075, -45.027546173, -7.9960276572, 1.904631761652, 427.8784273708, -99999.0, -99999.0, 26.52, 0.41, 26.93, -1.125, 1.055, -0.067, 219.0, -162.0, 326.0, 228.0, -19.0, 383.0, -17.0, 1.87, 2.82, 0.0
3466.0, 40.78070337316666, -111.94098715983334, 1288.982, 0.13, 18.9, -99999.0, -99999.0, -3.70164, 9613.52, -50.0998, 1.0, 0.00990849, 0.12665710635, 427.15498966, 1.9646331002, 1.3469515944, -45.027546173, -6.54887016225, 1.904631761652, 427.5025050178, -99999.0, -99999.0, 26.53, 0.4, 26.93, -1.125, 1.055, -0.067, 97.0, 35.0, 299.0, 132.0, 201.0, 157.0, 142.0, -99999.0, -99999.0, 0.0
3467.0, 40.780703319666664, -111.94098714366667, 1288.993, 0.08, 18.9, -99999.0, -99999.0, -3.70164, 9613.52, -50.0998, 1.0, 0.00990849, 0.12665776183, 427.34099983, 1.9646331002, 1.3469515944, -99999.0, -99999.0, -99999.0, -99999.0, -99999.0, 56.7, 26.51, 0.39, 26.9, -1.125, 1.055, -0.067, 186.0, 208.0, 250.0, 225.0, 382.0, -12.0, -120.0, 2.36, 2.36, 0.0
3468.0, 40.7807033045, -111.94098712983332, 1288.998, 0.11, 18.9, -99999.0, -99999.0, -3.70164, 9613.52, -50.0997, 1.0, 0.00990849, 0.13420676327, 427.34099983, 1.9646331002, 1.3469515944, -49.631900925, -5.1017126673, 1.91679238787, 427.5093803097, -99999.0, 55.2, 26.55, 0.37, 26.92, -1.125, 1.055, -0.067, 240.0, 96.0, -65.0, 259.0, 344.0, 104.0, 233.0, -99999.0, -99999.0, 0.0
3469.0, 40.78070329466667, -111.94098713650001, 1289.005, 0.07, 18.9, -99999.0, -99999.0, -3.70164, 9613.52, -50.0998, 1.0, 0.00990849, 0.13420643520333334, 427.13240049999996, 1.9654162251, 1.3249867713, -49.631900925, -5.1017126673, 1.91679238787, 427.5093803097, -99999.0, -99999.0, 26.51, 0.37, 26.88, -1.125, 1.055, -0.067, 342.0, 106.0, 81.0, -31.0, 45.0, 77.0, 270.0, 2.56, 2.56, 0.0
3470.0, 40.78070327933334, -111.94098711716667, 1289.012, 0.01, 18.9, 0.31, 287.13, -3.70164, 9613.52, -50.0997, 1.0, 0.0099085, 0.13471800542, 427.08757784, 1.9654162251, 1.3249867713, -49.631900925, -6.4964369166, 1.91679238787, 427.7261970211, -99999.0, -99999.0, 26.51, 0.37, 26.88, -1.125, 1.055, -0.067, 118.0, 335.0, 87.0, 225.0, 486.0, 418.0, -172.0, -99999.0, -99999.0, 0.0
3471.0, 40.7807032475, -111.94098712183334, 1289.022, 0.1, 18.9, 0.53, 274.4, -3.70164, 9613.52, -50.0998, 1.0, 0.0099085, 0.134717908785, 426.99477511, 1.9659708391, 1.3193088615, -99999.0, -99999.0, -99999.0, -99999.0, -99999.0, 56.7, 26.54, 0.35, 26.89, -1.125, 1.055, -0.067, -97.0, 91.0, 98.0, -99.0, 544.0, 81.0, 144.0, -99999.0, -99999.0, 0.0
3472.0, 40.780703255166664, -111.940987133, 1289.02, 0.1, 18.9, 0.0, 0.0, -3.70164, 9613.52, -50.0998, 1.0, 0.0099085, 0.13471781215, 426.95067652, 1.9659708391, 1.3193088615, -62.852108371, -7.8911611659, 1.923601806669, 427.71956737069996, -99999.0, 60.4, 26.52, 0.35, 26.87, -1.125, 1.055, -0.067, 127.0, 355.0, 217.0, -329.0, 201.0, 518.0, 443.0, 2.17, 6.12, 0.0
3473.0, 40.780703268333326, -111.94098716133334, 1289.018, 0.18, 18.9, 0.0, 0.0, -99999.0, -99999.0, -99999.0, -99999.0, -99999.0, 0.1403478912, 426.95067652, 1.9659708391, 1.3193088615, -62.852108371, -7.8911611659, 1.923601806669, 427.71956737069996, -99999.0, -99999.0, 26.54, 0.35, 26.89, -1.125, 1.055, -0.067, 266.0, 553.0, 272.0, 132.0, 305.0, 81.0, 129.0, -99999.0, -99999.0, 0.0
3474.0, 40.78070330883334, -111.9409871735, 1289.016, 0.11, 18.9, 0.0, 0.0, -3.70164, 9613.52, -50.0998, 1.0, 0.0099085, 0.14034770228000001, 426.9334406166667, 1.9652477059000002, 1.3206153172, -62.852108371, -7.4824468209, 1.923601806669, 427.89857052754996, -99999.0, -99999.0, 26.55, 0.35, 26.9, -1.125, 1.055, -0.067, 215.0, 395.0, 261.0, 324.0, -104.0, 238.0, 286.0, -99999.0, -99999.0, 0.0
3475.0, 40.780703325666664, -111.94098717516665, 1289.014, 0.18, 18.9, 0.0, 0.0, -3.70164, 9613.52, -50.0998, 1.0, 0.0099085, 0.13805008809, 426.92831549, 1.9652477059, 1.3206153172, -99999.0, -99999.0, -99999.0, -99999.0, -99999.0, 58.4, 26.53, 0.34, 26.87, -1.125, 1.055, -0.067, 304.0, 91.0, 174.0, 262.0, -39.0, 426.0, 290.0, 1.49, 6.77, 0.0
3476.0, 40.78070330999999, -111.94098717950001, 1289.025, 0.17, 18.8, 0.0, 0.0, -3.70164, 9613.52, -50.0997, 1.0, 0.0099085, 0.138049559755, 426.92675699, 1.9654730234, 1.318844599, -52.400538255, -7.0737324759, 1.918545489339, 427.9005141052, -99999.0, 56.1, 26.45, 0.35, 26.81, -1.125, 1.055, -0.067, 34.0, 147.0, 326.0, 256.0, 181.0, 464.0, 425.0, -99999.0, -99999.0, 0.0
3477.0, 40.7807032865, -111.940987195, 1289.027, 0.08, 18.7, 0.31, 267.94, -3.70164, 9613.52, -50.0998, 1.0, 0.0099085, 0.13804903142, 426.76571694, 1.9654730234, 1.318844599, -52.400538255, -7.0737324759, 1.918545489339, 427.9005141052, -99999.0, -99999.0, 26.5, 0.33, 26.83, -1.125, 1.055, -0.067, 89.0, 472.0, 326.0, -3.0, 181.0, 111.0, -129.0, 2.53, 2.53, 0.0
3478.0, 40.780703234, -111.94098720316667, 1289.032, 0.05, 18.7, 0.54, 280.84, -3.70164, 9613.52, -50.0998, 1.0, 0.0099085, 0.11992852318, 426.76571694, 1.9654730234, 1.318844599, -52.400538255, -6.4277577488999995, 1.918545489339, 427.55045615835, -99999.0, -99999.0, 26.49, 0.33, 26.82, -1.125, 1.055, -0.067, 93.0, 117.0, 463.0, 164.0, 20.0, 327.0, -28.0, -99999.0, -99999.0, 0.0
3479.0, 40.780703185499995, -111.94098723633333, 1289.039, 0.03, 18.7, 0.33, 265.56, -3.70164, 9613.52, -50.0998, 1.0, 0.0099085, 0.11992856795, 426.75268555, 1.9651855349, 1.3167316664, -99999.0, -99999.0, -99999.0, -99999.0, -99999.0, 59.0, 26.48, 0.33, 26.81, -1.125, 1.055, -0.067, 494.0, 289.0, 690.0, -65.0, -58.0, 429.0, 299.0, -99999.0, -99999.0, 0.0
3480.0, 40.78070316916667, -111.94098726683333, 1289.037, 0.05, 18.7, 0.67, 268.17, -3.70165, 9613.52, -50.0999, 1.0, 0.00990851, 0.12641126958499999, 426.81009721, 1.9651855349, 1.3167316664, -54.920873112, -5.7817830219, 1.911593982189, 427.5535254559, -99999.0, 59.6, 26.46, 0.34, 26.8, -1.125, 1.055, -0.067, 219.0, 86.0, 163.0, 163.0, 181.0, -99999.0, 299.0, 2.0, 6.88, 0.0
3481.0, 40.78070313100001, -111.94098728383332, 1289.035, 0.05, 18.7, 0.59, 279.78, -3.70165, 9613.52, -50.0998, 1.0, 0.00990853, 0.13289392645, 426.82362263, 1.9657997088, 1.322875421, -54.920873112, -5.7817830219, 1.911593982189, 427.4583870922, -99999.0, -99999.0, 26.4, 0.34, 26.75, -1.125, 1.055, -0.067, -25.0, 152.0, -11.0, 388.0, 486.0, 142.0, 201.0, -99999.0, -99999.0, 0.0
3482.0, 40.780703122666665, -111.94098731883332, 1289.041, 0.03, 18.6, 0.76, 263.89, -3.70165, 9613.52, -50.0999, 1.0, 0.00990854, 0.13289334729, 426.792324785, 1.9657997088, 1.322875421, -54.920873112, -6.1566443338, 1.911593982189, 427.36146839739996, -99999.0, -99999.0, 26.44, 0.34, 26.78, -1.125, 1.055, -0.067, 304.0, 117.0, 168.0, -101.0, 428.0, 307.0, 345.0, 1.94, 1.94, 0.0
3483.0, 40.780703112833336, -111.94098732383333, 1289.038, 0.09, 18.6, 0.73, 276.4, -3.70165, 9613.52, -50.0999, 1.0, 0.00990854, 0.13299242401, 426.76102694, 1.9657997088, 1.322875421, -55.117495187, -6.1566443338, 1.918868443374, 427.36146839739996, -99999.0, 57.9, 26.42, 0.35, 26.77, -1.125, 1.055, -0.067, 181.0, 395.0, 250.0, 225.0, 344.0, 268.0, 301.0, -99999.0, -99999.0, 0.0
