arc_raw/USOS-ARL-Suite_ARC_20240725_RA.ict
71,1001
Xinrong Ren
NOAA Air Resources Lab
ARC-Suite
USOS: Utah Summer Ozone Study
1,1
2024,07,25,2024,07,25
1
StartTime_seconds, seconds, Start time in UTC seconds since midnight
38
1,1,1,1,1,1,1,1,1,1,1,1,1,1,1,1,1,1,1,1,1,1,1,1,1,1,1,1,1,1,1,1,1,1,1,1,1,1
-99999,-99999,-99999,-99999,-99999,-99999,-99999,-99999,-99999,-99999,-99999,-99999,-99999,-99999,-99999,-99999,-99999,-99999,-99999,-99999,-99999,-99999,-99999,-99999,-99999,-99999,-99999,-99999,-99999,-99999,-99999,-99999,-99999,-99999,-99999,-99999,-99999,-99999
lat_DGPS_deg, degrees, Latitude in decimal by Hemisphere VS1100 Differential GPS
lon_DGPS_deg, degrees, Longitude in decimal by Hemisphere VS1100 Differential GPS
alt_msl_m, meters, GPS Altitude MSL
speed_km_h, km/s, vehicle speed
RH, percent, relative humidity
true_WS_m_s, m/s, wind speed by 2D sonic sensor
true_WD_deg, degree, wind direction by 2D sonic sensor
CH4_aeris313_ppm, ppm, CH4 mixing ratio by Aeris
H2O_aeris313_ppm, ppm, H2O mixing ratio by Aeris
C2H6_aeris313_ppb, ppb, C2H6 mixing ratio by Aeris
r_aeris313, 1, relavence between CH4 and C2H6 by Aeris
C2C1_aeris313, 1, C2H6 to CH4 ratio by Aeris
CO_g2401m_ppm, ppm, CO mixing ratio by Picarro G2401m
CO2_g2401m_ppm, ppm, CO2 mixing ratio by Picarro G2401m
CH4_g2401m_ppm, ppm, CH4 mixing ratio by Picarro G2401m
H2O_g2401m, ppm, H2O mixing ratio by Picarro G2401m
delta13C_CH4_raw, permill, delta 13C of CH4 by Picarro G2201i
delta13C_CO2_raw, permill, delta 13C of CO2 by Picarro G2201i
CH4_g2201i_ppm, ppm, CH4 mixing ratio by Picarro G2201i
CO2_g2201i_ppm, ppm, CO2 mixing ratio by Picarro G2201i
NH3_g2301_ppb, ppb, NH3 mixing ratio by Picarro G2301
O3_2B_ppm, ppm, O3 mixing ratio by 2B
NO_G60_ppb, ppb, NO mixing ratio by G60
NO2_G60_ppb, ppb, NO2 mixing ratio by G60
NOx_G60_ppb, ppb, NOx mixing ratio by G60
NO_N500_ppb, ppb, NO mixing ratio by N500
NO2_N500_ppb, ppb, NO2 mixing ratio by N500
NOx_N500_ppb, ppb, NOx mixing ratio by N500
BC370_AE43_ng_m3, ng/m3, Black Carbon at 370 nm by AE43
BC470_AE43_ng_m3, ng/m3, Black Carbon at 470 nm by AE43
BC520_AE43_ng_m3, ng/m3, Black Carbon at 520 nm by AE43
BC590_AE43_ng_m3, ng/m3, Black Carbon at 590 nm by AE43
BC660_AE43_ng_m3, ng/m3, Black Carbon at 660 nm by AE43
BC880_AE43_ng_m3, ng/m3, Black Carbon at 880 nm by AE43
BC950_AE43_ng_m3, ng/m3, Black Carbon at 950 nm by AE43
PM25, ug/m3, PM2.5 by particle sensor
PM10, ug/m3, PM10 by particle sensor
Valve, boolian, indicator of valve conditions;0 is measurement; 10 is zeroing; 11 is spanning
1
SPECIAL COMMENTS, N/A
18
PI_CONTACT_INFO: xinrong.ren@noaa.gov, 301-683-1391, NOAA/ARL, 5830 University Research Court, College Park, MD 20740
PLATFORM: NOAA Air Resources Car
LOCATION: Salt Lake City
ASSOCIATED_DATA: N/A
INSTRUMENT_INFO: Hemisphere VS1100 differential GPS (Latitude, Longitude, GPS Altitude, speed), meteorological sensor (RH, WS, WD), 2B (O3), G60 CRDS (NO-NOx), Teledyne N500 (NO-NOx), Picarro G2401-m (CO2, CH4, CO, H2O), Picarro G2201i (CO2, CH4, d13C_CO2, d13C_CH4, H2O), Picarro 2301 (NH3), Aeris Ultra MIRA (CH4, C2H6, H2O, r, C2/C1), AE43 (Black Carbon), Partical sensor (PM2.5, PM10)
DATA_INFO: Records are reported at 1-second intervals. Hemisphere VS1100 differential GPS has 1-second ntervals. 2B O3 values are reported 2-second averages. G60 Cavity Rong Down NO-NO2-NO2 has 1-second average. Teledyne CAPS NO2 analyzer has 10-second time resolution. Picarro 2401m (CO2, CH4, CO, H2O) data has 2.5-second time resolution. Picarro 2201i (isotope) has ~5 second time resolution. Aeris Ultra MIRA has 1-second integration time. AE43 data are 10-second moving averages. Partical sensor has 10-second time resolution.
UNCERTAINTY: -99999, -99999, -99999, 15 m, -99999, -99999, -99999, -99999, 1 ppb, 100 ppm, 0.2 ppb, -99999, -99999, 5 ppb, 0.1 ppm, 1 ppb, 100 ppm, -99999, -99999, -99999, -99999, 2 ppb, 0.3 ppb, -99999, -99999, -99999, 0.05 ppb, 0.05 ppb, 0.05 ppb, 10 ng/m3, 10 ng/m3, 10 ng/m3, 10 ng/m3, 10 ng/m3, 10 ng/m3, 10 ng/m3, 10 ng/m3, 0
ULOD_FLAG: -77777
ULOD_VALUE: N/A
LLOD_FLAG: -88888
LLOD_VALUE: N/A
DM_CONTACT_INFO: Jiayang Sun; University of Maryland; jiayangs@umd.edu
PROJECT_INFO: USOS July - Aug 2024 https://deq.utah.gov/air-quality/utah-summer-ozone-study-usos
STIPULATIONS_ON_USE: Use of these data requires prior ok from PI.
OTHER_COMMENTS: N/A
REVISION: RA
RA: Preliminary Data for in-field use only.
StartTime_seconds, lat_DGPS_deg, lon_DGPS_deg, alt_msl_m, speed_km_h, RH, true_WS_m_s, true_WD_deg, CH4_aeris313_ppm, H2O_aeris313_ppm, C2H6_aeris313_ppb, r_aeris313, C2C1_aeris313, CO_g2401m_ppm, CO2_g2401m_ppm, CH4_g2401m_ppm, H2O_g2401m, delta13C_CH4_raw, delta13C_CO2_raw, CH4_g2201i_ppm, CO2_g2201i_ppm, NH3_g2301_ppb, O3_2B_ppm, NO_G60_ppb, NO2_G60_ppb, NOx_G60_ppb, NO_N500_ppb, NO2_N500_ppb, NOx_N500_ppb, BC370_AE43_ng_m3, BC470_AE43_ng_m3, BC520_AE43_ng_m3, BC590_AE43_ng_m3, BC660_AE43_ng_m3, BC880_AE43_ng_m3, BC950_AE43_ng_m3, PM25, PM10, Valve
[from data line 501]
8039.0, 40.7806837905, -111.94097425933333, 1294.52, 0.11, 19.0, -99999.0, -99999.0, -3.66786, 9615.65, -49.7625, 1.0, 0.0100725, -99999.0, -99999.0, -99999.0, -99999.0, -99999.0, -99999.0, -99999.0, -99999.0, -99999.0, -99999.0, 26.72, 8.33, 35.05, -2.297, 7.844, 5.531, 1031.0, 849.0, 772.0, 710.0, 483.0, 581.0, 795.0, 7.72, 12.34, 0.0
8040.0, 40.7806840045, -111.94097454766667, 1294.48, 0.07, 19.0, -99999.0, -99999.0, -3.66801, 9615.64, -49.764, 1.0, 0.0100717, -99999.0, -99999.0, -99999.0, -99999.0, -99999.0, -99999.0, -99999.0, -99999.0, -99999.0, 54.2, 26.67, 8.36, 35.02, -2.297, 7.844, 5.531, 910.0, 813.0, 759.0, 732.0, 763.0, 742.0, 604.0, 6.85, 6.85, 0.0
8041.0, 40.78068419716667, -111.94097481083332, 1294.459, 0.14, 19.0, -99999.0, -99999.0, -3.66815, 9615.63, -49.7655, 1.0, 0.010071, -99999.0, -99999.0, -99999.0, -99999.0, -99999.0, -99999.0, -99999.0, -99999.0, -99999.0, -99999.0, 26.67, 8.37, 35.04, -2.297, 7.844, 5.531, 1082.0, 829.0, 749.0, 735.0, 659.0, 658.0, 621.0, 7.64, 9.17, 0.0
8042.0, 40.78068434383333, -111.94097508866668, 1294.427, 0.08, 19.1, -99999.0, -99999.0, -3.66829, 9615.62, -49.7668, 1.0, 0.0100702, -99999.0, -99999.0, -99999.0, -99999.0, -99999.0, -99999.0, -99999.0, -99999.0, -99999.0, 53.4, 26.61, 8.38, 34.98, -2.297, 7.844, 5.531, 876.0, 955.0, 971.0, 1032.0, 1032.0, 643.0, 852.0, 6.865, 9.71, 0.0
8043.0, 40.78068450216667, -111.94097531199999, 1294.402, 0.07, 19.1, -99999.0, -99999.0, -3.66844, 9615.61, -49.7683, 1.0, 0.0100695, -99999.0, -99999.0, -99999.0, -99999.0, -99999.0, -99999.0, -99999.0, -99999.0, -99999.0, -99999.0, 26.64, 8.4, 35.03, -2.297, 7.844, 5.531, 1036.0, 1012.0, 865.0, 652.0, 916.0, 698.0, 738.0, -99999.0, -99999.0, 0.0
8044.0, 40.78068460666666, -111.94097563333335, 1294.37, 0.09, 19.1, -99999.0, -99999.0, -3.66857, 9615.6, -49.7697, 1.0, 0.0100687, -99999.0, -99999.0, -99999.0, -99999.0, -99999.0, -99999.0, -99999.0, -99999.0, -99999.0, 50.8, 26.66, 8.39, 35.05, -2.297, 7.844, 5.531, 1025.0, 938.0, 791.0, 675.0, 719.0, 805.0, 783.0, 6.87, 8.78, 0.0
8045.0, 40.780684733833326, -111.94097602083333, 1294.32, 0.22, 19.1, -99999.0, -99999.0, -3.6687, 9615.59, -49.7709, 1.0, 0.010068, -99999.0, -99999.0, -99999.0, -99999.0, -99999.0, -99999.0, -99999.0, -99999.0, -99999.0, -99999.0, 26.68, 8.4, 35.08, -2.297, 7.844, 5.531, 979.0, 893.0, 729.0, 957.0, 972.0, 641.0, 680.0, 7.02, 7.6, 0.0
8046.0, 40.780684855833336, -111.94097636316668, 1294.278, 0.13, 19.0, -99999.0, -99999.0, -3.66884, 9615.58, -49.7723, 1.0, 0.0100673, -99999.0, -99999.0, -99999.0, -99999.0, -99999.0, -99999.0, -99999.0, -99999.0, -99999.0, 49.7, 26.68, 8.39, 35.07, -2.297, 7.844, 5.531, 1158.0, 989.0, 761.0, 971.0, 323.0, 914.0, 464.0, 6.61, 10.49, 0.0
8047.0, 40.780684947333334, -111.94097677966666, 1294.214, 0.02, 19.0, -99999.0, -99999.0, -3.66897, 9615.57, -49.7737, 1.0, 0.0100666, -99999.0, -99999.0, -99999.0, -99999.0, -99999.0, -99999.0, -99999.0, -99999.0, -99999.0, -99999.0, 26.72, 8.4, 35.11, -2.297, 7.844, 5.531, 1048.0, 1020.0, 825.0, 758.0, 730.0, 721.0, 1240.0, -99999.0, -99999.0, 0.0
8048.0, 40.7806850745, -111.94097725083333, 1294.127, 0.1, 19.0, -99999.0, -99999.0, -3.6691, 9615.56, -49.775, 1.0, 0.0100658, -99999.0, -99999.0, -99999.0, -99999.0, -99999.0, -99999.0, -99999.0, -99999.0, -99999.0, 50.3, 26.7, 8.41, 35.1, -2.297, 7.844, 5.531, 1175.0, 872.0, 861.0, 974.0, 543.0, 955.0, 651.0, 7.025, 8.67, 0.0
8049.0, 40.780685245166666, -111.94097787233335, 1294.016, 0.06, 19.0, -99999.0, -99999.0, -3.66923, 9615.55, -49.7763, 1.0, 0.0100652, -99999.0, -99999.0, -99999.0, -99999.0, -99999.0, -99999.0, -99999.0, -99999.0, -99999.0, -99999.0, 26.68, 8.4, 35.07, -2.359, 7.844, 5.469, 864.0, 755.0, 910.0, 675.0, 857.0, 1023.0, 474.0, -99999.0, -99999.0, 0.0
8050.0, 40.7806854225, -111.94097844716667, 1293.899, 0.02, 18.9, -99999.0, -99999.0, -3.66935, 9615.55, -49.7775, 1.0, 0.0100645, -99999.0, -99999.0, -99999.0, -99999.0, -99999.0, -99999.0, -99999.0, -99999.0, -99999.0, 49.8, 26.69, 8.4, 35.08, -2.359, 7.844, 5.469, 1083.0, 755.0, 710.0, 914.0, 702.0, 778.0, 940.0, 6.79, 8.33, 0.0
8051.0, 40.78068563683333, -111.94097927916667, 1293.753, 0.15, 18.9, -99999.0, -99999.0, -3.66949, 9615.54, -49.7789, 1.0, 0.0100638, -99999.0, -99999.0, -99999.0, -99999.0, -99999.0, -99999.0, -99999.0, -99999.0, -99999.0, -99999.0, 26.68, 8.41, 35.09, -2.359, 7.844, 5.469, 869.0, 859.0, 804.0, 853.0, 521.0, 730.0, 598.0, -99999.0, -99999.0, 0.0
8052.0, 40.780685845166666, -111.94098005416666, 1293.607, 0.17, 18.9, -99999.0, -99999.0, -3.66962, 9615.53, -49.7802, 1.0, 0.0100631, -99999.0, -99999.0, -99999.0, -99999.0, -99999.0, -99999.0, -99999.0, -99999.0, -99999.0, 48.4, 26.67, 8.39, 35.06, -2.359, 7.844, 5.469, 1083.0, 1006.0, 962.0, 1023.0, 977.0, 678.0, 758.0, 7.085, 11.0, 0.0
8053.0, 40.78068606083333, -111.94098091299999, 1293.432, 0.09, 18.9, -99999.0, -99999.0, -3.66974, 9615.52, -49.7814, 1.0, 0.0100624, -99999.0, -99999.0, -99999.0, -99999.0, -99999.0, -99999.0, -99999.0, -99999.0, -99999.0, -99999.0, 26.7, 8.39, 35.09, -2.359, 7.844, 5.469, 1124.0, 852.0, 690.0, 724.0, 500.0, 768.0, 911.0, 7.15, 10.14, 0.0
8054.0, 40.780686272000004, -111.940981661, 1293.282, 0.22, 18.9, -99999.0, -99999.0, -3.66986, 9615.51, -49.7826, 1.0, 0.0100618, -99999.0, -99999.0, -99999.0, -99999.0, -99999.0, -99999.0, -99999.0, -99999.0, -99999.0, 49.0, 26.71, 8.38, 35.1, -2.359, 7.844, 5.469, 823.0, 844.0, 997.0, 675.0, 900.0, 738.0, 629.0, 7.16, 7.74, 0.0
8055.0, 40.78068646, -111.940982329, 1293.141, 0.32, 18.9, -99999.0, -99999.0, -99999.0, -99999.0, -99999.0, -99999.0, -99999.0, -99999.0, -99999.0, -99999.0, -99999.0, -99999.0, -99999.0, -99999.0, -99999.0, -99999.0, -99999.0, 26.66, 8.38, 35.04, -2.359, 7.844, 5.469, 1061.0, 948.0, 732.0, 618.0, 1137.0, 853.0, 707.0, 7.63, 9.67, 0.0
8056.0, 40.780686683, -111.94098304733333, 1292.99, 0.08, 18.9, -99999.0, -99999.0, -3.67011, 9615.49, -49.7851, 1.0, 0.0100605, -99999.0, -99999.0, -99999.0, -99999.0, -99999.0, -99999.0, -99999.0, -99999.0, -99999.0, 49.5, 26.66, 8.38, 35.04, -2.359, 7.844, 5.469, 1100.0, 895.0, 706.0, 758.0, 873.0, 566.0, 880.0, -99999.0, -99999.0, 0.0
8057.0, 40.780686875499995, -111.94098380749999, 1292.814, 0.09, 18.9, -99999.0, -99999.0, -99999.0, -99999.0, -99999.0, -99999.0, -99999.0, -99999.0, -99999.0, -99999.0, -99999.0, -99999.0, -99999.0, -99999.0, -99999.0, -99999.0, -99999.0, 26.73, 8.37, 35.1, -2.359, 7.844, 5.469, 997.0, 1012.0, 805.0, 767.0, 669.0, 784.0, 804.0, 7.61, 8.56, 0.0
8058.0, 40.780687027, -111.94098440750001, 1292.641, 0.03, 18.9, -99999.0, -99999.0, -3.67034, 9615.48, -49.7875, 1.0, 0.0100592, -99999.0, -99999.0, -99999.0, -99999.0, -99999.0, -99999.0, -99999.0, -99999.0, -99999.0, 48.6, 26.67, 8.4, 35.06, -2.359, 7.844, 5.469, 1026.0, 843.0, 908.0, 364.0, 648.0, 899.0, 440.0, 7.22, 9.83, 0.0
8059.0, 40.78068708916666, -111.94098487683335, 1292.506, 0.16, 18.9, -99999.0, -99999.0, -3.67046, 9615.47, -49.7886, 1.0, 0.0100586, -99999.0, -99999.0, -99999.0, -99999.0, -99999.0, -99999.0, -99999.0, -99999.0, -99999.0, -99999.0, 26.66, 8.41, 35.06, -2.359, 7.844, 5.469, 973.0, 836.0, 992.0, 687.0, 648.0, 1140.0, 870.0, 7.08, 9.12, 0.0
8060.0, 40.780687155333325, -111.940985252, 1292.371, 0.17, 18.9, -99999.0, -99999.0, -3.67059, 9615.46, -49.7899, 1.0, 0.0100579, -99999.0, -99999.0, -99999.0, -99999.0, -99999.0, -99999.0, -99999.0, -99999.0, -99999.0, 50.3, 26.65, 8.39, 35.04, -2.359, 7.844, 5.469, 1002.0, 837.0, 618.0, 626.0, 730.0, 799.0, 677.0, 6.97, 10.9, 0.0
8061.0, 40.78068720066666, -111.94098553516666, 1292.253, 0.01, 18.9, -99999.0, -99999.0, -3.67069, 9615.45, -49.791, 1.0, 0.0100573, -99999.0, -99999.0, -99999.0, -99999.0, -99999.0, -99999.0, -99999.0, -99999.0, -99999.0, -99999.0, 26.64, 8.4, 35.04, -2.359, 7.844, 5.469, 991.0, 990.0, 793.0, 520.0, 730.0, 461.0, 793.0, 7.8, 8.95, 0.0
8062.0, 40.78068726433333, -111.94098576516666, 1292.144, 0.07, 18.9, -99999.0, -99999.0, -3.67081, 9615.45, -49.7922, 1.0, 0.0100567, -99999.0, -99999.0, -99999.0, -99999.0, -99999.0, -99999.0, -99999.0, -99999.0, -99999.0, 54.0, 26.64, 8.4, 35.04, -2.359, 7.844, 5.469, 973.0, 793.0, 790.0, 630.0, 944.0, 468.0, 727.0, 6.67, 9.815000000000001, 0.0
8063.0, 40.780687326333336, -111.94098594933332, 1292.042, 0.15, 18.9, -99999.0, -99999.0, -3.67093, 9615.44, -49.7934, 1.0, 0.0100561, -99999.0, -99999.0, -99999.0, -99999.0, -99999.0, -99999.0, -99999.0, -99999.0, -99999.0, -99999.0, 26.66, 8.41, 35.06, -2.359, 7.844, 5.469, 969.0, 878.0, 814.0, 781.0, 719.0, 739.0, 734.0, -99999.0, -99999.0, 0.0
8064.0, 40.78068733766667, -111.9409861, 1291.954, 0.15, 18.9, -99999.0, -99999.0, -3.67105, 9615.43, -49.7945, 1.0, 0.0100555, -99999.0, -99999.0, -99999.0, -99999.0, -99999.0, -99999.0, -99999.0, -99999.0, -99999.0, 54.9, 26.68, 8.41, 35.08, -2.359, 7.844, 5.469, 939.0, 835.0, 784.0, 879.0, 1043.0, 512.0, 664.0, 7.24, 9.37, 0.0
8065.0, 40.78068735266667, -111.940986166, 1291.875, 0.11, 18.8, -99999.0, -99999.0, -3.67126, 9615.42, -49.7967, 1.0, 0.0100543, -99999.0, -99999.0, -99999.0, -99999.0, -99999.0, -99999.0, -99999.0, -99999.0, -99999.0, -99999.0, 26.65, 8.42, 35.06, -2.359, 7.844, 5.469, 1037.0, 853.0, 1075.0, 727.0, 780.0, 544.0, 637.0, 6.76, 12.03, 0.0
8066.0, 40.780687372333325, -111.94098623483333, 1291.784, 0.23, 18.8, -99999.0, -99999.0, -99999.0, -99999.0, -99999.0, -99999.0, -99999.0, -99999.0, -99999.0, -99999.0, -99999.0, -99999.0, -99999.0, -99999.0, -99999.0, -99999.0, 53.3, 26.65, 8.42, 35.06, -2.359, 7.844, 5.469, 1020.0, 994.0, 908.0, 868.0, 977.0, 404.0, 716.0, 6.48, 8.58, 0.0
8067.0, 40.7806873785, -111.94098624616666, 1291.708, 0.1, 18.8, -99999.0, -99999.0, -3.67138, 9615.41, -49.7979, 1.0, 0.0100537, -99999.0, -99999.0, -99999.0, -99999.0, -99999.0, -99999.0, -99999.0, -99999.0, -99999.0, -99999.0, 26.61, 8.44, 35.05, -2.359, 7.844, 5.469, 1124.0, 917.0, 867.0, 963.0, 956.0, 521.0, 1034.0, 7.165, 8.795, 0.0
8068.0, 40.780687397166666, -111.94098624949999, 1291.644, 0.12, 18.8, -99999.0, -99999.0, -3.67159, 9615.39, -49.8, 1.0, 0.0100525, -99999.0, -99999.0, -99999.0, -99999.0, -99999.0, -99999.0, -99999.0, -99999.0, -99999.0, 50.9, 26.61, 8.44, 35.05, -2.359, 7.844, 5.469, 974.0, 974.0, 886.0, 724.0, 675.0, 738.0, 694.0, -99999.0, -99999.0, 0.0
8069.0, 40.78068740466667, -111.94098625099998, 1291.579, 0.09, 18.8, -99999.0, -99999.0, -3.67169, 9615.39, -49.801, 1.0, 0.010052, -99999.0, -99999.0, -99999.0, -99999.0, -99999.0, -99999.0, -99999.0, -99999.0, -99999.0, -99999.0, 26.59, 8.45, 35.04, -2.359, 7.844, 5.469, 1031.0, 851.0, 867.0, 879.0, 813.0, 916.0, 596.0, 6.67, 13.09, 0.0
8070.0, 40.78068742999999, -111.9409861975, 1291.53, 0.22, 18.7, -99999.0, -99999.0, -3.6718, 9615.38, -49.8021, 1.0, 0.0100514, -99999.0, -99999.0, -99999.0, -99999.0, -99999.0, -99999.0, -99999.0, -99999.0, -99999.0, 49.2, 26.65, 8.44, 35.08, -2.359, 7.844, 5.469, 1061.0, 1019.0, 804.0, 960.0, 659.0, 1054.0, 839.0, 6.6, 6.6, 0.0
8071.0, 40.78068744283333, -111.94098611933332, 1291.484, 0.08, 18.7, -99999.0, -99999.0, -3.6719, 9615.37, -49.8032, 1.0, 0.0100509, -99999.0, -99999.0, -99999.0, -99999.0, -99999.0, -99999.0, -99999.0, -99999.0, -99999.0, -99999.0, 26.65, 8.43, 35.08, -2.359, 7.844, 5.469, 1037.0, 985.0, 869.0, 820.0, 626.0, 659.0, 692.0, 7.24, 7.24, 0.0
8072.0, 40.78068742766666, -111.94098604800001, 1291.433, 0.05, 18.7, -99999.0, -99999.0, -3.67202, 9615.37, -49.8043, 1.0, 0.0100503, -99999.0, -99999.0, -99999.0, -99999.0, -99999.0, -99999.0, -99999.0, -99999.0, -99999.0, 49.0, 26.64, 8.45, 35.09, -2.359, 7.844, 5.469, 1008.0, 895.0, 713.0, 635.0, 577.0, 653.0, 423.0, 7.22, 8.17, 0.0
8073.0, 40.78068742533334, -111.94098598733332, 1291.384, 0.07, 18.7, -99999.0, -99999.0, -3.67213, 9615.36, -49.8054, 1.0, 0.0100498, -99999.0, -99999.0, -99999.0, -99999.0, -99999.0, -99999.0, -99999.0, -99999.0, -99999.0, -99999.0, 26.64, 8.44, 35.08, -2.359, 7.844, 5.469, 1037.0, 769.0, 677.0, 937.0, 851.0, 713.0, 819.0, 7.65, 9.18, 0.0
8074.0, 40.780687414999996, -111.94098588133332, 1291.345, 0.26, 18.7, -99999.0, -99999.0, -3.67223, 9615.35, -49.8064, 1.0, 0.0100492, -99999.0, -99999.0, -99999.0, -99999.0, -99999.0, -99999.0, -99999.0, -99999.0, -99999.0, 49.2, 26.66, 8.44, 35.1, -2.359, 7.844, 5.469, 956.0, 937.0, 771.0, 768.0, 763.0, 798.0, 874.0, 6.71, 7.66, 0.0
8075.0, 40.78068739433334, -111.94098575683331, 1291.306, 0.01, 18.7, -99999.0, -99999.0, -3.67242, 9615.34, -49.8083, 1.0, 0.0100487, -99999.0, -99999.0, -99999.0, -99999.0, -99999.0, -99999.0, -99999.0, -99999.0, -99999.0, -99999.0, 26.67, 8.45, 35.12, -2.359, 7.844, 5.469, 1107.0, 651.0, 623.0, 828.0, 423.0, 542.0, 285.0, 6.4, 7.35, 0.0
8076.0, 40.78068739033333, -111.94098562983332, 1291.276, 0.16, 18.7, -99999.0, -99999.0, -3.67253, 9615.33, -49.8094, 1.0, 0.0100481, -99999.0, -99999.0, -99999.0, -99999.0, -99999.0, -99999.0, -99999.0, -99999.0, -99999.0, 49.9, 26.66, 8.46, 35.13, -2.359, 7.844, 5.469, 1060.0, 772.0, 719.0, 816.0, 724.0, 729.0, 1163.0, 5.94, 7.98, 0.0
8077.0, 40.78068743600001, -111.94098551849999, 1291.249, 0.02, 18.8, -99999.0, -99999.0, -3.67262, 9615.33, -49.8103, 1.0, 0.0100475, -99999.0, -99999.0, -99999.0, -99999.0, -99999.0, -99999.0, -99999.0, -99999.0, -99999.0, -99999.0, 26.61, 8.46, 35.07, -2.359, 7.844, 5.469, 905.0, 886.0, 793.0, 865.0, 588.0, 643.0, 530.0, 6.41, 7.36, 0.0
8078.0, 40.7806874335, -111.94098540183334, 1291.222, 0.16, 18.8, -99999.0, -99999.0, -3.67272, 9615.32, -49.8114, 1.0, 0.010047, -99999.0, -99999.0, -99999.0, -99999.0, -99999.0, -99999.0, -99999.0, -99999.0, -99999.0, 51.3, 26.62, 8.44, 35.06, -2.359, 7.844, 5.469, 1003.0, 837.0, 993.0, 475.0, 999.0, 790.0, 929.0, 7.3, 20.22, 0.0
8079.0, 40.78068746983334, -111.94098525616667, 1291.186, 0.05, 18.8, -99999.0, -99999.0, -3.67283, 9615.31, -49.8124, 1.0, 0.0100464, -99999.0, -99999.0, -99999.0, -99999.0, -99999.0, -99999.0, -99999.0, -99999.0, -99999.0, -99999.0, 26.63, 8.45, 35.09, -2.359, 7.844, 5.469, 865.0, 1034.0, 814.0, 876.0, 867.0, 667.0, 681.0, 7.65, 10.26, 0.0
8080.0, 40.78068747316667, -111.94098509133333, 1291.158, 0.09, 18.8, -99999.0, -99999.0, -3.67291, 9615.31, -49.8133, 1.0, 0.0100459, -99999.0, -99999.0, -99999.0, -99999.0, -99999.0, -99999.0, -99999.0, -99999.0, -99999.0, 52.0, 26.63, 8.44, 35.07, -2.359, 7.844, 5.469, 927.0, 955.0, 969.0, 702.0, 775.0, 1163.0, 769.0, 6.91, 7.49, 0.0
8081.0, 40.780687512, -111.94098498800001, 1291.129, 0.19, 18.8, -99999.0, -99999.0, -3.673, 9615.3, -49.8142, 1.0, 0.0100454, -99999.0, -99999.0, -99999.0, -99999.0, -99999.0, -99999.0, -99999.0, -99999.0, -99999.0, -99999.0, 26.64, 8.46, 35.1, -2.359, 7.844, 5.469, 1044.0, 895.0, 890.0, 557.0, 961.0, 800.0, 703.0, 6.95, 8.41, 0.0
8082.0, 40.780687491500004, -111.94098485783334, 1291.104, 0.11, 18.9, -99999.0, -99999.0, -3.6731, 9615.29, -49.8152, 1.0, 0.0100449, -99999.0, -99999.0, -99999.0, -99999.0, -99999.0, -99999.0, -99999.0, -99999.0, -99999.0, 50.2, 26.63, 8.47, 35.1, -2.359, 7.844, 5.469, 1014.0, 741.0, 818.0, 759.0, 829.0, 776.0, 893.0, 6.53, 9.24, 0.0
8083.0, 40.780687468833335, -111.94098473783333, 1291.079, 0.1, 18.9, -99999.0, -99999.0, -3.6732, 9615.29, -49.8161, 1.0, 0.0100444, -99999.0, -99999.0, -99999.0, -99999.0, -99999.0, -99999.0, -99999.0, -99999.0, -99999.0, -99999.0, 26.61, 8.47, 35.08, -2.359, 7.844, 5.469, 899.0, 1007.0, 850.0, 770.0, 961.0, 923.0, 975.0, 7.01, 7.01, 0.0
8084.0, 40.78068745216667, -111.94098457333332, 1291.06, 0.07, 18.9, -99999.0, -99999.0, -3.67329, 9615.28, -49.8171, 1.0, 0.0100439, -99999.0, -99999.0, -99999.0, -99999.0, -99999.0, -99999.0, -99999.0, -99999.0, -99999.0, 49.7, 26.58, 8.49, 35.07, -2.359, 7.844, 5.469, 1009.0, 814.0, 1014.0, 581.0, 961.0, 551.0, 298.0, 6.61, 9.6, 0.0
