arc_raw/USOS-ARL-Suite_ARC_20240716_RA.ict
71,1001
Xinrong Ren
NOAA Air Resources Lab
ARC-Suite
USOS: Utah Summer Ozone Study
1,1
2024,07,16,2024,07,16
1
StartTime_seconds, seconds, Start time in UTC seconds since midnight
38
1,1,1,1,1,1,1,1,1,1,1,1,1,1,1,1,1,1,1,1,1,1,1,1,1,1,1,1,1,1,1,1,1,1,1,1,1,1
-99999,-99999,-99999,-99999,-99999,-99999,-99999,-99999,-99999,-99999,-99999,-99999,-99999,-99999,-99999,-99999,-99999,-99999,-99999,-99999,-99999,-99999,-99999,-99999,-99999,-99999,-99999,-99999,-99999,-99999,-99999,-99999,-99999,-99999,-99999,-99999,-99999,-99999
lat_DGPS_deg, degrees, Latitude in decimal by Hemisphere VS1100 Differential GPS
lon_DGPS_deg, degrees, Longitude in decimal by Hemisphere VS1100 Differential GPS
alt_msl_m, meters, GPS Altitude MSL
speed_km_h, km/s, vehicle speed
RH, percent, relative humidity
true_WS_m_s, m/s, wind speed by 2D sonic sensor
true_WD_deg, degree, wind direction by 2D sonic sensor
CH4_aeris313_ppm, ppm, CH4 mixing ratio by Aeris
H2O_aeris313_ppm, ppm, H2O mixing ratio by Aeris
C2H6_aeris313_ppb, ppb, C2H6 mixing ratio by Aeris
r_aeris313, 1, relavence between CH4 and C2H6 by Aeris
C2C1_aeris313, 1, C2H6 to CH4 ratio by Aeris
CO_g2401m_ppm, ppm, CO mixing ratio by Picarro G2401m
CO2_g2401m_ppm, ppm, CO2 mixing ratio by Picarro G2401m
CH4_g2401m_ppm, ppm, CH4 mixing ratio by Picarro G2401m
H2O_g2401m, ppm, H2O mixing ratio by Picarro G2401m
delta13C_CH4_raw, permill, delta 13C of CH4 by Picarro G2201i
delta13C_CO2_raw, permill, delta 13C of CO2 by Picarro G2201i
CH4_g2201i_ppm, ppm, CH4 mixing ratio by Picarro G2201i
CO2_g2201i_ppm, ppm, CO2 mixing ratio by Picarro G2201i
NH3_g2301_ppb, ppb, NH3 mixing ratio by Picarro G2301
O3_2B_ppm, ppm, O3 mixing ratio by 2B
NO_G60_ppb, ppb, NO mixing ratio by G60
NO2_G60_ppb, ppb, NO2 mixing ratio by G60
NOx_G60_ppb, ppb, NOx mixing ratio by G60
NO_N500_ppb, ppb, NO mixing ratio by N500
NO2_N500_ppb, ppb, NO2 mixing ratio by N500
NOx_N500_ppb, ppb, NOx mixing ratio by N500
BC370_AE43_ng_m3, ng/m3, Black Carbon at 370 nm by AE43
BC470_AE43_ng_m3, ng/m3, Black Carbon at 470 nm by AE43
BC520_AE43_ng_m3, ng/m3, Black Carbon at 520 nm by AE43
BC590_AE43_ng_m3, ng/m3, Black Carbon at 590 nm by AE43
BC660_AE43_ng_m3, ng/m3, Black Carbon at 660 nm by AE43
BC880_AE43_ng_m3, ng/m3, Black Carbon at 880 nm by AE43
BC950_AE43_ng_m3, ng/m3, Black Carbon at 950 nm by AE43
PM25, ug/m3, PM2.5 by particle sensor
PM10, ug/m3, PM10 by particle sensor
Valve, boolian, indicator of valve conditions;0 is measurement; 10 is zeroing; 11 is spanning
1
SPECIAL COMMENTS, N/A
18
PI_CONTACT_INFO: xinrong.ren@noaa.gov, 301-683-1391, NOAA/ARL, 5830 University Research Court, College Park, MD 20740
PLATFORM: NOAA Air Resources Car
LOCATION: Salt Lake City
ASSOCIATED_DATA: N/A
INSTRUMENT_INFO: Hemisphere VS1100 differential GPS (Latitude, Longitude, GPS Altitude, speed), meteorological sensor (RH, WS, WD), 2B (O3), G60 CRDS (NO-NOx), Teledyne N500 (NO-NOx), Picarro G2401-m (CO2, CH4, CO, H2O), Picarro G2201i (CO2, CH4, d13C_CO2, d13C_CH4, H2O), Picarro 2301 (NH3), Aeris Ultra MIRA (CH4, C2H6, H2O, r, C2/C1), AE43 (Black Carbon), Partical sensor (PM2.5, PM10)
DATA_INFO: Records are reported at 1-second intervals. Hemisphere VS1100 differential GPS has 1-second ntervals. 2B O3 values are reported 2-second averages. G60 Cavity Rong Down NO-NO2-NO2 has 1-second average. Teledyne CAPS NO2 analyzer has 10-second time resolution. Picarro 2401m (CO2, CH4, CO, H2O) data has 2.5-second time resolution. Picarro 2201i (isotope) has ~5 second time resolution. Aeris Ultra MIRA has 1-second integration time. AE43 data are 10-second moving averages. Partical sensor has 10-second time resolution.
UNCERTAINTY: -99999, -99999, -99999, 15 m, -99999, -99999, -99999, -99999, 1 ppb, 100 ppm, 0.2 ppb, -99999, -99999, 5 ppb, 0.1 ppm, 1 ppb, 100 ppm, -99999, -99999, -99999, -99999, 2 ppb, 0.3 ppb, -99999, -99999, -99999, 0.05 ppb, 0.05 ppb, 0.05 ppb, 10 ng/m3, 10 ng/m3, 10 ng/m3, 10 ng/m3, 10 ng/m3, 10 ng/m3, 10 ng/m3, 10 ng/m3, 0
ULOD_FLAG: -77777
ULOD_VALUE: N/A
LLOD_FLAG: -88888
LLOD_VALUE: N/A
DM_CONTACT_INFO: Jiayang Sun; University of Maryland; jiayangs@umd.edu
PROJECT_INFO: USOS July - Aug 2024 https://deq.utah.gov/air-quality/utah-summer-ozone-study-usos
STIPULATIONS_ON_USE: Use of these data requires prior ok from PI.
OTHER_COMMENTS: N/A
REVISION: RA
RA: Preliminary Data for in-field use only.
StartTime_seconds, lat_DGPS_deg, lon_DGPS_deg, alt_msl_m, speed_km_h, RH, true_WS_m_s, true_WD_deg, CH4_aeris313_ppm, H2O_aeris313_ppm, C2H6_aeris313_ppb, r_aeris313, C2C1_aeris313, CO_g2401m_ppm, CO2_g2401m_ppm, CH4_g2401m_ppm, H2O_g2401m, delta13C_CH4_raw, delta13C_CO2_raw, CH4_g2201i_ppm, CO2_g2201i_ppm, NH3_g2301_ppb, O3_2B_ppm, NO_G60_ppb, NO2_G60_ppb, NOx_G60_ppb, NO_N500_ppb, NO2_N500_ppb, NOx_N500_ppb, BC370_AE43_ng_m3, BC470_AE43_ng_m3, BC520_AE43_ng_m3, BC590_AE43_ng_m3, BC660_AE43_ng_m3, BC880_AE43_ng_m3, BC950_AE43_ng_m3, PM25, PM10, Valve
[from data line 1903]
1903.0, 40.718338419, -111.88484655616666, 1303.373, 119.06, 20.0, 3.5, 61.13, 2.013, 12892.6, 16.5231, 0.319737, -99999.0, -99999.0, -99999.0, -99999.0, -99999.0, -99999.0, -99999.0, -99999.0, -99999.0, -99999.0, -99999.0, 35.92, 11.63, 47.55, 28.875, 17.625, 46.5, -99999.0, -99999.0, -99999.0, -99999.0, -99999.0, -99999.0, -99999.0, -99999.0, -99999.0, 0.0
1904.0, 40.718338232499995, -111.88523703333334, 1302.876, 118.46, 20.0, 0.74, 260.94, 2.01272, 12915.9, 16.49, 0.384428, -99999.0, -99999.0, -99999.0, -99999.0, -99999.0, -99999.0, -99999.0, -99999.0, -99999.0, -99999.0, -99999.0, 37.36, 11.95, 49.31, 28.875, 17.625, 46.5, -99999.0, -99999.0, -99999.0, -99999.0, -99999.0, -99999.0, -99999.0, 3.48, 13.79, 0.0
1905.0, 40.71833809616667, -111.88562604483334, 1302.634, 118.18, 20.0, 1.21, 100.31, 2.01077, 12917.4, 16.2473, 0.414204, -99999.0, -99999.0, -99999.0, -99999.0, -99999.0, -99999.0, -99999.0, -99999.0, -99999.0, -99999.0, -99999.0, 38.36, 12.15, 50.51, 28.875, 17.625, 46.5, -99999.0, -99999.0, -99999.0, -99999.0, -99999.0, -99999.0, -99999.0, -99999.0, -99999.0, 0.0
1906.0, 40.71833759133334, -111.886014089, 1302.689, 118.02, 20.0, 4.68, 54.08, 2.01552, 12907.6, 16.9962, 0.598308, -99999.0, -99999.0, -99999.0, -99999.0, -99999.0, -99999.0, -99999.0, -99999.0, -99999.0, -99999.0, -99999.0, 38.79, 12.4, 51.2, 28.875, 17.625, 46.5, -99999.0, -99999.0, -99999.0, -99999.0, -99999.0, -99999.0, -99999.0, 5.07, 5.65, 0.0
1907.0, 40.71833734083333, -111.88640019450001, 1302.966, 117.07, 20.0, 0.85, 108.97, 2.01536, 12905.2, 17.0078, 0.693475, -99999.0, -99999.0, -99999.0, -99999.0, -99999.0, -99999.0, -99999.0, -99999.0, -99999.0, -99999.0, -99999.0, 39.24, 12.7, 51.94, 28.875, 17.625, 46.5, -99999.0, -99999.0, -99999.0, -99999.0, -99999.0, -99999.0, -99999.0, 3.76, 12.21, 0.0
1908.0, 40.71833686983334, -111.88678371033332, 1303.443, 116.43, 20.0, 3.48, 75.41, 2.02106, 12884.2, 17.1961, 0.781752, 0.0888083, -99999.0, -99999.0, -99999.0, -99999.0, -99999.0, -99999.0, -99999.0, -99999.0, -99999.0, -99999.0, 39.79, 12.93, 52.72, 28.875, 17.625, 46.5, -99999.0, -99999.0, -99999.0, -99999.0, -99999.0, -99999.0, -99999.0, -99999.0, -99999.0, 0.0
1909.0, 40.71833456033333, -111.88716548033332, 1303.944, 115.85, 20.0, 4.68, 28.26, 2.01809, 12858.9, 16.8586, 0.80019, 0.0849789, -99999.0, -99999.0, -99999.0, -99999.0, -99999.0, -99999.0, -99999.0, -99999.0, -99999.0, -99999.0, 40.58, 13.06, 53.64, 28.875, 17.625, 46.5, -99999.0, -99999.0, -99999.0, -99999.0, -99999.0, -99999.0, -99999.0, 4.59, 11.91, 0.0
1910.0, 40.71833085416666, -111.88754522733333, 1304.382, 115.16, 20.0, 0.92, 96.05, 2.01728, 12836.0, 16.7219, 0.803182, 0.0813997, -99999.0, -99999.0, -99999.0, -99999.0, -99999.0, -99999.0, -99999.0, -99999.0, -99999.0, -99999.0, 41.42, 12.94, 54.36, 28.875, 17.625, 46.5, -99999.0, -99999.0, -99999.0, -99999.0, -99999.0, -99999.0, -99999.0, -99999.0, -99999.0, 0.0
1911.0, 40.7183281715, -111.88792278666666, 1304.652, 114.54, 20.0, 1.31, 325.05, 2.01767, 12824.6, 16.6075, 0.792231, 0.0767175, -99999.0, -99999.0, -99999.0, -99999.0, -99999.0, -99999.0, -99999.0, -99999.0, -99999.0, -99999.0, 41.37, 12.53, 53.9, 28.875, 17.625, 46.5, -99999.0, -99999.0, -99999.0, -99999.0, -99999.0, -99999.0, -99999.0, 4.58, 5.16, 0.0
1912.0, 40.718327586166666, -111.88829824133333, 1304.66, 114.08, 19.9, 0.45, 329.63, 2.01887, 12806.6, 16.5364, 0.794512, 0.0727221, -99999.0, -99999.0, -99999.0, -99999.0, -99999.0, -99999.0, -99999.0, -99999.0, -99999.0, -99999.0, 40.1, 12.07, 52.17, 28.875, 17.625, 46.5, -99999.0, -99999.0, -99999.0, -99999.0, -99999.0, -99999.0, -99999.0, -99999.0, -99999.0, 0.0
1913.0, 40.718328279333335, -111.88867356833335, 1304.549, 114.25, 19.9, 2.17, 52.9, 2.01717, 12804.7, 16.5195, 0.812303, 0.0717182, -99999.0, -99999.0, -99999.0, -99999.0, -99999.0, -99999.0, -99999.0, -99999.0, -99999.0, -99999.0, 38.85, 11.67, 50.52, 28.875, 17.625, 46.5, -99999.0, -99999.0, -99999.0, -99999.0, -99999.0, -99999.0, -99999.0, 4.73, 8.01, 0.0
1914.0, 40.71832948366667, -111.88904870416667, 1304.262, 114.24, 19.9, 2.83, 322.06, 2.01541, 12823.4, 16.4679, 0.811469, 0.0715794, -99999.0, -99999.0, -99999.0, -99999.0, -99999.0, -99999.0, -99999.0, -99999.0, -99999.0, -99999.0, 38.15, 11.19, 49.34, 28.875, 17.625, 46.5, -99999.0, -99999.0, -99999.0, -99999.0, -99999.0, -99999.0, -99999.0, -99999.0, -99999.0, 0.0
1915.0, 40.71833028366667, -111.88942468566665, 1304.042, 114.55, 19.9, 1.89, 2.65, 2.01568, 12829.0, 16.6861, 0.807174, 0.0700005, -99999.0, -99999.0, -99999.0, -99999.0, -99999.0, -99999.0, -99999.0, -99999.0, -99999.0, -99999.0, 36.86, 10.95, 47.82, 28.875, 17.625, 46.5, -99999.0, -99999.0, -99999.0, -99999.0, -99999.0, -99999.0, -99999.0, 6.34, 10.2, 0.0
1916.0, 40.71833004, -111.88980122850002, 1303.828, 114.63, 19.9, 4.68, 313.95, 2.01556, 12827.9, 16.5296, 0.818248, 0.0719754, -99999.0, -99999.0, -99999.0, -99999.0, -99999.0, -99999.0, -99999.0, -99999.0, -99999.0, -99999.0, 36.32, 10.85, 47.17, 28.875, 17.625, 46.5, -99999.0, -99999.0, -99999.0, -99999.0, -99999.0, -99999.0, -99999.0, -99999.0, -99999.0, 0.0
1917.0, 40.71832843800001, -111.890178511, 1303.589, 115.01, 19.9, 4.68, 328.01, 2.01312, 12816.4, 16.4823, 0.81406, 0.071981, -99999.0, -99999.0, -99999.0, -99999.0, -99999.0, -99999.0, -99999.0, -99999.0, -99999.0, -99999.0, 36.43, 10.64, 47.07, 28.875, 17.625, 46.5, -99999.0, -99999.0, -99999.0, -99999.0, -99999.0, -99999.0, -99999.0, 3.95, 5.1, 0.0
1918.0, 40.71832647166667, -111.89055663083333, 1303.35, 115.33, 19.9, 4.88, 336.18, 2.01138, 12794.3, 16.3509, 0.817248, 0.0732397, -99999.0, -99999.0, -99999.0, -99999.0, -99999.0, -99999.0, -99999.0, -99999.0, -99999.0, -99999.0, 36.18, 10.4, 46.58, 28.875, 17.625, 46.5, -99999.0, -99999.0, -99999.0, -99999.0, -99999.0, -99999.0, -99999.0, 5.09, 34.21, 0.0
1919.0, 40.71832551250001, -111.8909351815, 1303.18, 115.45, 19.8, 3.63, 5.05, 2.01295, 12762.2, 16.3874, 0.808468, 0.0718789, -99999.0, -99999.0, -99999.0, -99999.0, -99999.0, -99999.0, -99999.0, -99999.0, -99999.0, -99999.0, 35.62, 10.26, 45.89, 28.875, 17.625, 46.5, -99999.0, -99999.0, -99999.0, -99999.0, -99999.0, -99999.0, -99999.0, -99999.0, -99999.0, 0.0
1920.0, 40.71832509816666, -111.89131402366665, 1302.898, 115.47, 19.8, 1.27, 77.86, 2.01323, 12728.2, 16.185, 0.789805, 0.0693964, -99999.0, -99999.0, -99999.0, -99999.0, -99999.0, -99999.0, -99999.0, -99999.0, -99999.0, -99999.0, 35.31, 10.21, 45.52, 36.0, 9.062, 45.0, -99999.0, -99999.0, -99999.0, -99999.0, -99999.0, -99999.0, -99999.0, 4.98, 5.56, 0.0
1921.0, 40.71832639466667, -111.89169465450001, 1302.537, 116.42, 19.7, 1.83, 25.93, 2.01211, 12705.7, 16.1508, 0.773266, 0.069635, -99999.0, -99999.0, -99999.0, -99999.0, -99999.0, -99999.0, -99999.0, -99999.0, -99999.0, -99999.0, 35.21, 10.09, 45.3, 36.0, 9.062, 45.0, -99999.0, -99999.0, -99999.0, -99999.0, -99999.0, -99999.0, -99999.0, -99999.0, -99999.0, 0.0
1922.0, 40.71832784666666, -111.89207815566667, 1302.162, 117.09, 19.7, 1.9, 88.67, 2.00883, 12675.2, 16.1096, 0.776152, 0.0698525, -99999.0, -99999.0, -99999.0, -99999.0, -99999.0, -99999.0, -99999.0, -99999.0, -99999.0, -99999.0, 35.14, 9.9, 45.04, 36.0, 9.062, 45.0, -99999.0, -99999.0, -99999.0, -99999.0, -99999.0, -99999.0, -99999.0, 4.71, 8.35, 0.0
1923.0, 40.7183293275, -111.89246437649999, 1301.895, 117.8, 19.6, 0.79, 223.29, 2.00772, 12657.6, 16.1261, 0.774473, 0.0663229, -99999.0, -99999.0, -99999.0, -99999.0, -99999.0, -99999.0, -99999.0, -99999.0, -99999.0, -99999.0, 34.99, 9.65, 44.64, 36.0, 9.062, 45.0, -99999.0, -99999.0, -99999.0, -99999.0, -99999.0, -99999.0, -99999.0, -99999.0, -99999.0, 0.0
1924.0, 40.718329311, -111.8928530865, 1301.719, 118.59, 19.6, 3.78, 27.97, 2.01096, 12640.0, 16.3366, 0.76858, 0.0650925, -99999.0, -99999.0, -99999.0, -99999.0, -99999.0, -99999.0, -99999.0, -99999.0, -99999.0, -99999.0, 34.78, 9.45, 44.23, 36.0, 9.062, 45.0, -99999.0, -99999.0, -99999.0, -99999.0, -99999.0, -99999.0, -99999.0, 5.15, 19.11, 0.0
1925.0, 40.71832840033333, -111.89324383116667, 1301.651, 119.28, 19.6, 1.3, 22.87, 2.01099, 12655.5, 16.216, 0.763035, 0.0650731, -99999.0, -99999.0, -99999.0, -99999.0, -99999.0, -99999.0, -99999.0, -99999.0, -99999.0, -99999.0, 34.64, 9.25, 43.89, 36.0, 9.062, 45.0, -99999.0, -99999.0, -99999.0, -99999.0, -99999.0, -99999.0, -99999.0, -99999.0, -99999.0, 0.0
1926.0, 40.718328987499994, -111.89363632199999, 1301.679, 119.57, 19.6, 2.65, 312.43, 2.01091, 12662.9, 16.4343, 0.749358, 0.0635276, -99999.0, -99999.0, -99999.0, -99999.0, -99999.0, -99999.0, -99999.0, -99999.0, -99999.0, -99999.0, 34.44, 9.08, 43.52, 36.0, 9.062, 45.0, -99999.0, -99999.0, -99999.0, -99999.0, -99999.0, -99999.0, -99999.0, 5.07, 7.68, 0.0
1927.0, 40.718329264000005, -111.89402920599998, 1301.962, 119.45, 19.6, 0.71, 325.34, 2.01558, 12680.2, 16.4764, 0.7426, 0.0610188, -99999.0, -99999.0, -99999.0, -99999.0, -99999.0, -99999.0, -99999.0, -99999.0, -99999.0, -99999.0, 34.23, 8.99, 43.22, 36.0, 9.062, 45.0, -99999.0, -99999.0, -99999.0, -99999.0, -99999.0, -99999.0, -99999.0, -99999.0, -99999.0, 0.0
1928.0, 40.71832867183333, -111.89442227883335, 1301.933, 119.57, 19.6, 1.61, 276.41, 2.01193, 12713.9, 16.2122, 0.735263, 0.0613247, -99999.0, -99999.0, -99999.0, -99999.0, -99999.0, -99999.0, -99999.0, -99999.0, -99999.0, -99999.0, 34.11, 8.99, 43.1, 36.0, 9.062, 45.0, -99999.0, -99999.0, -99999.0, -99999.0, -99999.0, -99999.0, -99999.0, 5.51, 22.56, 0.0
1929.0, 40.71832790216666, -111.89481541600001, 1302.128, 119.45, 19.6, 1.23, 46.23, 2.01238, 12731.9, 16.4542, 0.748615, 0.0632956, -99999.0, -99999.0, -99999.0, -99999.0, -99999.0, -99999.0, -99999.0, -99999.0, -99999.0, -99999.0, 34.13, 9.01, 43.14, 36.0, 9.062, 45.0, -99999.0, -99999.0, -99999.0, -99999.0, -99999.0, -99999.0, -99999.0, -99999.0, -99999.0, 0.0
1930.0, 40.71832660483333, -111.89520872983333, 1302.322, 119.73, 19.6, 2.67, 3.25, 2.01228, 12734.5, 16.4249, 0.766546, 0.0657488, -99999.0, -99999.0, -99999.0, -99999.0, -99999.0, -99999.0, -99999.0, -99999.0, -99999.0, -99999.0, 34.02, 8.95, 42.97, 36.0, 9.062, 45.0, -99999.0, -99999.0, -99999.0, -99999.0, -99999.0, -99999.0, -99999.0, 4.46, 5.99, 0.0
1931.0, 40.718324940833334, -111.895602741, 1302.518, 119.89, 19.6, 1.72, 338.02, 2.0105, 12745.1, 16.3544, 0.786394, 0.0674188, -99999.0, -99999.0, -99999.0, -99999.0, -99999.0, -99999.0, -99999.0, -99999.0, -99999.0, -99999.0, 32.64, 8.43, 41.07, 36.0, 9.062, 45.0, -99999.0, -99999.0, -99999.0, -99999.0, -99999.0, -99999.0, -99999.0, -99999.0, -99999.0, 0.0
1932.0, 40.71832425266667, -111.89599707583332, 1302.693, 120.05, 19.6, 1.05, 71.14, 2.0143, 12744.0, 16.4279, 0.785573, 0.0673348, -99999.0, -99999.0, -99999.0, -99999.0, -99999.0, -99999.0, -99999.0, -99999.0, -99999.0, -99999.0, 31.19, 8.09, 39.27, 36.0, 9.062, 45.0, -99999.0, -99999.0, -99999.0, -99999.0, -99999.0, -99999.0, -99999.0, 4.54, 42.83, 0.0
1933.0, 40.718323880666674, -111.89639082816666, 1302.909, 119.72, 19.6, 4.93, 273.03, 2.01681, 12759.5, 16.5411, 0.782402, 0.0661375, -99999.0, -99999.0, -99999.0, -99999.0, -99999.0, -99999.0, -99999.0, -99999.0, -99999.0, -99999.0, 29.85, 7.79, 37.64, 36.0, 9.062, 45.0, -99999.0, -99999.0, -99999.0, -99999.0, -99999.0, -99999.0, -99999.0, -99999.0, -99999.0, 0.0
1934.0, 40.718324280000004, -111.89678310033332, 1303.163, 118.97, 19.6, 3.73, 309.65, 2.01347, 12771.7, 16.126, 0.76822, 0.0670157, -99999.0, -99999.0, -99999.0, -99999.0, -99999.0, -99999.0, -99999.0, -99999.0, -99999.0, -99999.0, 29.02, 7.64, 36.66, 36.0, 9.062, 45.0, -99999.0, -99999.0, -99999.0, -99999.0, -99999.0, -99999.0, -99999.0, 4.76, 7.62, 0.0
1935.0, 40.718322680833325, -111.89717416500001, 1303.167, 118.86, 19.6, 1.03, 266.17, 2.01296, 12772.8, 16.1374, 0.754988, 0.0678831, -99999.0, -99999.0, -99999.0, -99999.0, -99999.0, -99999.0, -99999.0, -99999.0, -99999.0, -99999.0, 28.68, 7.49, 36.17, 36.0, 9.062, 45.0, -99999.0, -99999.0, -99999.0, -99999.0, -99999.0, -99999.0, -99999.0, 7.38, 41.46, 0.0
1936.0, 40.718319181000005, -111.89756421349999, 1302.974, 118.35, 19.6, 2.66, 268.9, 2.01373, 12763.1, 16.376, 0.776047, 0.0655002, -99999.0, -99999.0, -99999.0, -99999.0, -99999.0, -99999.0, -99999.0, -99999.0, -99999.0, -99999.0, 28.44, 7.32, 35.76, 4.469, 9.062, 13.5, -99999.0, -99999.0, -99999.0, -99999.0, -99999.0, -99999.0, -99999.0, -99999.0, -99999.0, 0.0
1937.0, 40.71831289866667, -111.897954362, 1302.852, 118.82, 19.6, 2.5, 298.08, 2.01246, 12755.1, 16.2202, 0.814343, 0.0635915, -99999.0, -99999.0, -99999.0, -99999.0, -99999.0, -99999.0, -99999.0, -99999.0, -99999.0, -99999.0, 28.21, 7.02, 35.23, 4.469, 9.062, 13.5, -99999.0, -99999.0, -99999.0, -99999.0, -99999.0, -99999.0, -99999.0, 5.29, 10.01, 0.0
1938.0, 40.71830471250001, -111.89834426683335, 1302.603, 118.61, 19.6, 3.28, 319.84, 2.01265, 12727.2, 16.0793, 0.749747, 0.0540125, -99999.0, -99999.0, -99999.0, -99999.0, -99999.0, -99999.0, -99999.0, -99999.0, -99999.0, -99999.0, 27.27, 6.69, 33.95, 4.469, 9.062, 13.5, -99999.0, -99999.0, -99999.0, -99999.0, -99999.0, -99999.0, -99999.0, -99999.0, -99999.0, 0.0
1939.0, 40.71829374966667, -111.8987328235, 1302.323, 117.88, 19.5, 0.88, 309.01, 2.01056, 12679.7, 16.2096, 0.727289, 0.0489086, -99999.0, -99999.0, -99999.0, -99999.0, -99999.0, -99999.0, -99999.0, -99999.0, -99999.0, -99999.0, 25.8, 6.53, 32.34, 4.469, 9.062, 13.5, -99999.0, -99999.0, -99999.0, -99999.0, -99999.0, -99999.0, -99999.0, 5.24, 19.28, 0.0
1940.0, 40.718280732833335, -111.89911858616667, 1302.077, 116.97, 19.5, 0.86, 263.81, 2.00788, 12659.5, 15.9435, 0.741168, 0.0492758, -99999.0, -99999.0, -99999.0, -99999.0, -99999.0, -99999.0, -99999.0, -99999.0, -99999.0, -99999.0, 24.96, 6.52, 31.48, 4.469, 9.062, 13.5, -99999.0, -99999.0, -99999.0, -99999.0, -99999.0, -99999.0, -99999.0, -99999.0, -99999.0, 0.0
1941.0, 40.71826890483333, -111.89950093383335, 1301.908, 116.54, 19.5, 3.37, 265.8, 2.00644, 12640.4, 16.1203, 0.725208, 0.0456134, -99999.0, -99999.0, -99999.0, -99999.0, -99999.0, -99999.0, -99999.0, -99999.0, -99999.0, -99999.0, 24.56, 6.56, 31.11, 4.469, 9.062, 13.5, -99999.0, -99999.0, -99999.0, -99999.0, -99999.0, -99999.0, -99999.0, 4.35, 9.47, 0.0
1942.0, 40.718257616833334, -111.89987762316666, 1301.455, 112.46, 19.4, 2.25, 313.34, 2.00707, 12627.6, 15.8891, 0.751788, 0.0517753, -99999.0, -99999.0, -99999.0, -99999.0, -99999.0, -99999.0, -99999.0, -99999.0, -99999.0, -99999.0, 24.23, 6.66, 30.89, 4.469, 9.062, 13.5, -99999.0, -99999.0, -99999.0, -99999.0, -99999.0, -99999.0, -99999.0, -99999.0, -99999.0, 0.0
1943.0, 40.718248275499995, -111.90023865833334, 1300.79, 108.23, 19.4, 2.42, 275.42, 2.00676, 12611.5, 15.9858, 0.762767, 0.0532674, -99999.0, -99999.0, -99999.0, -99999.0, -99999.0, -99999.0, -99999.0, -99999.0, -99999.0, -99999.0, 24.0, 6.7, 30.7, 4.469, 9.062, 13.5, -99999.0, -99999.0, -99999.0, -99999.0, -99999.0, -99999.0, -99999.0, 8.65, 30.32, 0.0
1944.0, 40.718251622333334, -111.90058528250002, 1300.091, 103.81, 19.4, 1.08, 169.92, 2.00802, 12593.8, 15.827, 0.767935, 0.057258, -99999.0, -99999.0, -99999.0, -99999.0, -99999.0, -99999.0, -99999.0, -99999.0, -99999.0, -99999.0, 23.8, 6.63, 30.43, 4.469, 9.062, 13.5, -99999.0, -99999.0, -99999.0, -99999.0, -99999.0, -99999.0, -99999.0, -99999.0, -99999.0, 0.0
1945.0, 40.71827476166666, -111.90092060666666, 1299.396, 101.28, 19.4, 2.28, 255.78, 2.00583, 12586.2, 15.5602, 0.779925, 0.0620893, -99999.0, -99999.0, -99999.0, -99999.0, -99999.0, -99999.0, -99999.0, -99999.0, -99999.0, -99999.0, 23.24, 6.57, 29.81, 4.469, 9.062, 13.5, -99999.0, -99999.0, -99999.0, -99999.0, -99999.0, -99999.0, -99999.0, 4.94, 15.28, 0.0
