arc_raw/USOS-ARL-Suite_ARC_20240729_RA.ict
71,1001
Xinrong Ren
NOAA Air Resources Lab
ARC-Suite
USOS: Utah Summer Ozone Study
1,1
2024,07,29,2024,07,29
1
StartTime_seconds, seconds, Start time in UTC seconds since midnight
38
1,1,1,1,1,1,1,1,1,1,1,1,1,1,1,1,1,1,1,1,1,1,1,1,1,1,1,1,1,1,1,1,1,1,1,1,1,1
-99999,-99999,-99999,-99999,-99999,-99999,-99999,-99999,-99999,-99999,-99999,-99999,-99999,-99999,-99999,-99999,-99999,-99999,-99999,-99999,-99999,-99999,-99999,-99999,-99999,-99999,-99999,-99999,-99999,-99999,-99999,-99999,-99999,-99999,-99999,-99999,-99999,-99999
lat_DGPS_deg, degrees, Latitude in decimal by Hemisphere VS1100 Differential GPS
lon_DGPS_deg, degrees, Longitude in decimal by Hemisphere VS1100 Differential GPS
alt_msl_m, meters, GPS Altitude MSL
speed_km_h, km/s, vehicle speed
RH, percent, relative humidity
true_WS_m_s, m/s, wind speed by 2D sonic sensor
true_WD_deg, degree, wind direction by 2D sonic sensor
CH4_aeris313_ppm, ppm, CH4 mixing ratio by Aeris
H2O_aeris313_ppm, ppm, H2O mixing ratio by Aeris
C2H6_aeris313_ppb, ppb, C2H6 mixing ratio by Aeris
r_aeris313, 1, relavence between CH4 and C2H6 by Aeris
C2C1_aeris313, 1, C2H6 to CH4 ratio by Aeris
CO_g2401m_ppm, ppm, CO mixing ratio by Picarro G2401m
CO2_g2401m_ppm, ppm, CO2 mixing ratio by Picarro G2401m
CH4_g2401m_ppm, ppm, CH4 mixing ratio by Picarro G2401m
H2O_g2401m, ppm, H2O mixing ratio by Picarro G2401m
delta13C_CH4_raw, permill, delta 13C of CH4 by Picarro G2201i
delta13C_CO2_raw, permill, delta 13C of CO2 by Picarro G2201i
CH4_g2201i_ppm, ppm, CH4 mixing ratio by Picarro G2201i
CO2_g2201i_ppm, ppm, CO2 mixing ratio by Picarro G2201i
NH3_g2301_ppb, ppb, NH3 mixing ratio by Picarro G2301
O3_2B_ppm, ppm, O3 mixing ratio by 2B
NO_G60_ppb, ppb, NO mixing ratio by G60
NO2_G60_ppb, ppb, NO2 mixing ratio by G60
NOx_G60_ppb, ppb, NOx mixing ratio by G60
NO_N500_ppb, ppb, NO mixing ratio by N500
NO2_N500_ppb, ppb, NO2 mixing ratio by N500
NOx_N500_ppb, ppb, NOx mixing ratio by N500
BC370_AE43_ng_m3, ng/m3, Black Carbon at 370 nm by AE43
BC470_AE43_ng_m3, ng/m3, Black Carbon at 470 nm by AE43
BC520_AE43_ng_m3, ng/m3, Black Carbon at 520 nm by AE43
BC590_AE43_ng_m3, ng/m3, Black Carbon at 590 nm by AE43
BC660_AE43_ng_m3, ng/m3, Black Carbon at 660 nm by AE43
BC880_AE43_ng_m3, ng/m3, Black Carbon at 880 nm by AE43
BC950_AE43_ng_m3, ng/m3, Black Carbon at 950 nm by AE43
PM25, ug/m3, PM2.5 by particle sensor
PM10, ug/m3, PM10 by particle sensor
Valve, boolian, indicator of valve conditions;0 is measurement; 10 is zeroing; 11 is spanning
1
SPECIAL COMMENTS, N/A
18
PI_CONTACT_INFO: xinrong.ren@noaa.gov, 301-683-1391, NOAA/ARL, 5830 University Research Court, College Park, MD 20740
PLATFORM: NOAA Air Resources Car
LOCATION: Salt Lake City
ASSOCIATED_DATA: N/A
INSTRUMENT_INFO: Hemisphere VS1100 differential GPS (Latitude, Longitude, GPS Altitude, speed), meteorological sensor (RH, WS, WD), 2B (O3), G60 CRDS (NO-NOx), Teledyne N500 (NO-NOx), Picarro G2401-m (CO2, CH4, CO, H2O), Picarro G2201i (CO2, CH4, d13C_CO2, d13C_CH4, H2O), Picarro 2301 (NH3), Aeris Ultra MIRA (CH4, C2H6, H2O, r, C2/C1), AE43 (Black Carbon), Partical sensor (PM2.5, PM10)
DATA_INFO: Records are reported at 1-second intervals. Hemisphere VS1100 differential GPS has 1-second ntervals. 2B O3 values are reported 2-second averages. G60 Cavity Rong Down NO-NO2-NO2 has 1-second average. Teledyne CAPS NO2 analyzer has 10-second time resolution. Picarro 2401m (CO2, CH4, CO, H2O) data has 2.5-second time resolution. Picarro 2201i (isotope) has ~5 second time resolution. Aeris Ultra MIRA has 1-second integration time. AE43 data are 10-second moving averages. Partical sensor has 10-second time resolution.
UNCERTAINTY: -99999, -99999, -99999, 15 m, -99999, -99999, -99999, -99999, 1 ppb, 100 ppm, 0.2 ppb, -99999, -99999, 5 ppb, 0.1 ppm, 1 ppb, 100 ppm, -99999, -99999, -99999, -99999, 2 ppb, 0.3 ppb, -99999, -99999, -99999, 0.05 ppb, 0.05 ppb, 0.05 ppb, 10 ng/m3, 10 ng/m3, 10 ng/m3, 10 ng/m3, 10 ng/m3, 10 ng/m3, 10 ng/m3, 10 ng/m3, 0
ULOD_FLAG: -77777
ULOD_VALUE: N/A
LLOD_FLAG: -88888
LLOD_VALUE: N/A
DM_CONTACT_INFO: Jiayang Sun; University of Maryland; jiayangs@umd.edu
PROJECT_INFO: USOS July - Aug 2024 https://deq.utah.gov/air-quality/utah-summer-ozone-study-usos
STIPULATIONS_ON_USE: Use of these data requires prior ok from PI.
OTHER_COMMENTS: N/A
REVISION: RA
RA: Preliminary Data for in-field use only.
StartTime_seconds, lat_DGPS_deg, lon_DGPS_deg, alt_msl_m, speed_km_h, RH, true_WS_m_s, true_WD_deg, CH4_aeris313_ppm, H2O_aeris313_ppm, C2H6_aeris313_ppb, r_aeris313, C2C1_aeris313, CO_g2401m_ppm, CO2_g2401m_ppm, CH4_g2401m_ppm, H2O_g2401m, delta13C_CH4_raw, delta13C_CO2_raw, CH4_g2201i_ppm, CO2_g2201i_ppm, NH3_g2301_ppb, O3_2B_ppm, NO_G60_ppb, NO2_G60_ppb, NOx_G60_ppb, NO_N500_ppb, NO2_N500_ppb, NOx_N500_ppb, BC370_AE43_ng_m3, BC470_AE43_ng_m3, BC520_AE43_ng_m3, BC590_AE43_ng_m3, BC660_AE43_ng_m3, BC880_AE43_ng_m3, BC950_AE43_ng_m3, PM25, PM10, Valve
[from data line 5151]
5151.0, 40.780682922833336, -111.940968586, 1293.825, 0.25, 21.7, 1.84, 289.64, 2.00697, 13266.0, 16.6879, 0.0967877, -99999.0, 0.301258639955, 427.02583603, 1.9779743478, 1.1756319195, -61.50187336, -6.8891585194000005, 1.9537100801360001, 427.1235007609, -99999.0, 60.2, 3.46, 3.29, 6.75, -0.03, 3.312, 3.281, 1051.0, 898.0, 211.0, 589.0, 489.0, 839.0, 500.0, -99999.0, -99999.0, 0.0
5152.0, 40.78068280816666, -111.9409688075, 1293.846, 0.21, 21.7, 1.31, 257.76, 2.00896, 13269.1, 16.9404, 0.164112, -99999.0, 0.30125936622, 427.30339593, 1.9779743478, 1.1756319195, -99999.0, -99999.0, -99999.0, -99999.0, -99999.0, -99999.0, 3.44, 3.26, 6.7, -0.03, 3.312, 3.281, 1182.0, 738.0, 366.0, 718.0, 149.0, 189.0, 227.0, -99999.0, -99999.0, 0.0
5153.0, 40.780682816, -111.940969013, 1293.833, 0.1, 21.6, 0.46, 215.07, 2.01089, 13281.9, 16.7643, 0.204313, -99999.0, 0.24937357093, 427.30933685499997, 1.9776138315, 1.1731295296000002, -44.241610832, -6.8800231755, 1.9303208474790001, 427.1235441236, -99999.0, 60.1, 3.43, 3.21, 6.65, -0.03, 3.312, 3.281, 884.0, 234.0, 801.0, 602.0, 298.0, 633.0, 551.0, -99999.0, -99999.0, 0.0
5154.0, 40.78068288166667, -111.94096919116667, 1293.816, 0.13, 21.6, 0.55, 30.58, 2.00868, 13298.8, 16.6956, 0.207637, -99999.0, 0.24936744147, 426.767252535, 1.9772533152, 1.1706271397, -44.241610832, -6.8800231755, 1.9303208474790001, 427.1235441236, -99999.0, -99999.0, 3.43, 3.18, 6.61, -0.03, 3.312, 3.281, 1051.0, 615.0, 621.0, 231.0, 545.0, 510.0, 445.0, -99999.0, -99999.0, 0.0
5155.0, 40.780682821, -111.94096932599999, 1293.791, 0.04, 21.6, 0.79, 65.39, 2.0067, 13340.9, 16.5569, 0.223347, -99999.0, 0.21767309521, 426.21922729, 1.9772533152, 1.1706271397, -44.241610832, -7.1194641659, 1.9303208474790001, 427.1443247451, -99999.0, 60.2, 3.43, 3.14, 6.58, -0.03, 3.312, 3.281, 1146.0, 738.0, 1012.0, 506.0, 255.0, 551.0, 440.0, -99999.0, -99999.0, 0.0
5156.0, 40.78068270683333, -111.940969408, 1293.767, 0.14, 21.6, 0.72, 43.4, 2.00764, 13343.6, 16.7487, 0.191788, -99999.0, 0.21767232390500002, 426.14008488, 1.9771100241, 1.1519839338, -99999.0, -99999.0, -99999.0, -99999.0, -99999.0, -99999.0, 3.42, 3.12, 6.54, -0.03, 3.312, 3.281, 1051.0, 788.0, 838.0, 218.0, 595.0, 391.0, 458.0, -99999.0, -99999.0, 0.0
5157.0, 40.780682474833334, -111.94096940616667, 1293.74, 0.01, 21.6, 0.48, 116.91, 2.00722, 13334.7, 16.8789, 0.10955, -99999.0, 0.2176715526, 425.9053959, 1.9771100241, 1.1519839338, -45.597186589, -7.3589051563, 1.92504313379, 427.1431881322, -99999.0, 61.8, 3.43, 3.13, 6.57, -0.03, 3.312, 3.281, 884.0, 948.0, 261.0, 205.0, 531.0, 193.0, 505.0, -99999.0, -99999.0, 0.0
5158.0, 40.780682242000005, -111.94096938983333, 1293.729, 0.15, 21.6, 0.55, 88.92, 2.00578, 13299.8, 16.6939, 0.0890143, -99999.0, 0.22074385092, 425.88599954, 1.97704696975, 1.15550212985, -45.597186589, -7.3589051563, 1.92504313379, 427.1431881322, -99999.0, -99999.0, 3.45, 3.15, 6.6, -0.03, 3.312, 3.281, 872.0, 517.0, 571.0, 724.0, 276.0, 325.0, 764.0, -99999.0, -99999.0, 0.0
5159.0, 40.78068240533332, -111.94096942333333, 1293.693, 0.17, 21.6, 0.99, 160.33, 2.00785, 13264.2, 16.7433, 0.0729559, -99999.0, 0.22074740362, 426.17349163, 1.9769839154, 1.1590203259, -45.597186589, -6.92714328195, 1.92504313379, 427.0603157965, -99999.0, 64.2, 3.49, 3.13, 6.61, -0.03, 3.312, 3.281, 740.0, 911.0, 571.0, 327.0, 319.0, 99.0, 259.0, -99999.0, -99999.0, 0.0
5160.0, 40.780682648333325, -111.94096963783335, 1293.666, 0.09, 21.6, 0.78, 123.65, 2.00725, 13216.6, 16.8211, 0.0111907, -99999.0, 0.22882208462, 426.48038008, 1.9769839154, 1.1590203259, -99999.0, -99999.0, -99999.0, -99999.0, -99999.0, -99999.0, 3.5, 3.13, 6.63, -0.03, 3.312, 3.281, 1111.0, 591.0, 527.0, 205.0, 616.0, 321.0, 324.0, -99999.0, -99999.0, 0.0
5161.0, 40.78068280216667, -111.94096992916666, 1293.653, 0.13, 21.6, 0.31, 305.06, 2.00761, 13196.9, 16.2624, 0.0533494, -99999.0, 0.22882283285, 426.53153024, 1.9772744135, 1.1672604177, -41.556979221, -6.4953814076, 1.9178350776570001, 427.0623649383, -99999.0, 64.1, 3.53, 3.11, 6.65, -0.03, 3.312, 3.281, 824.0, 1009.0, 745.0, 519.0, 319.0, 436.0, 111.0, -99999.0, -99999.0, 0.0
5162.0, 40.780682839166666, -111.94097011983334, 1293.651, 0.13, 21.7, 0.29, 24.58, 2.00758, 13210.9, 16.0966, 0.0580631, -99999.0, 0.22882358108, 426.73592956, 1.9772744135, 1.1672604177, -41.556979221, -6.4953814076, 1.9178350776570001, 427.0623649383, -99999.0, -99999.0, 3.59, 3.1, 6.69, -0.135, 3.312, 3.188, 1051.0, 837.0, 242.0, 416.0, 616.0, 308.0, 394.0, -99999.0, -99999.0, 0.0
5163.0, 40.78068283083333, -111.94097033466666, 1293.648, 0.23, 21.7, 0.6, 128.29, 2.00832, 13226.0, 16.718, 0.0668266, -99999.0, 0.21869062394, 426.73592956, 1.9772744135, 1.1672604177, -41.556979221, -7.14115978445, 1.9178350776570001, 427.00004326355, -99999.0, 63.0, 3.55, 3.07, 6.63, -0.135, 3.312, 3.188, 645.0, 615.0, 496.0, 519.0, 701.0, 325.0, 264.0, -99999.0, -99999.0, 0.0
5164.0, 40.780682571, -111.94097041116666, 1293.671, 0.23, 21.7, 0.55, 93.2, 2.00917, 13245.9, 16.484, 0.0938237, -99999.0, 0.21869097586, 426.84396371, 1.9769847852, 1.1718334106, -99999.0, -99999.0, -99999.0, -99999.0, -99999.0, -99999.0, 3.59, 3.04, 6.63, -0.135, 3.312, 3.188, 1564.0, 763.0, 87.0, 615.0, 489.0, 62.0, 69.0, -99999.0, -99999.0, 0.0
5165.0, 40.780682235166665, -111.94097045466667, 1293.707, 0.09, 21.8, 0.0, 0.0, 2.0074, 13253.7, 16.7077, 0.110303, -99999.0, 0.21727756539, 426.97416585, 1.9769847852, 1.1718334106, -57.64914032, -7.7869381613, 1.9464866218869998, 426.9969788247, -99999.0, 63.1, 3.65, 3.0, 6.65, -0.135, 3.312, 3.188, 884.0, 517.0, 341.0, 724.0, 142.0, 510.0, 23.0, -99999.0, -99999.0, 0.0
5166.0, 40.78068204383333, -111.94097052166666, 1293.727, 0.08, 21.8, 0.0, 0.0, 2.00781, 13263.9, 16.7541, 0.108517, -99999.0, 0.21727694074, 426.99148281, 1.9769731773, 1.172425577, -57.64914032, -7.7869381613, 1.9464866218869998, 426.9969788247, -99999.0, -99999.0, 3.67, 2.96, 6.63, -0.135, 3.312, 3.188, 967.0, 652.0, 478.0, 493.0, 404.0, 243.0, 134.0, -99999.0, -99999.0, 0.0
5167.0, 40.780681746166664, -111.94097059100001, 1293.738, 0.04, 21.8, 0.0, 0.0, 2.00535, 13292.3, 16.6378, 0.104303, -99999.0, 0.21727631609, 426.74559272, 1.9769731773, 1.172425577, -57.64914032, -7.650948462900001, 1.9464866218869998, 427.04559056774997, -99999.0, 62.1, 3.65, 2.91, 6.56, -0.135, 3.312, 3.188, 1051.0, 714.0, 726.0, 705.0, 460.0, 263.0, 509.0, -99999.0, -99999.0, 0.0
5168.0, 40.7806814135, -111.94097065550001, 1293.744, 0.21, 21.9, 0.35, 325.35, 2.00643, 13300.2, 16.6226, -0.0134823, -99999.0, 0.20605848647, 426.74559272, 1.9769731773, 1.172425577, -99999.0, -99999.0, -99999.0, -99999.0, -99999.0, -99999.0, 3.6, 2.88, 6.48, -0.135, 3.312, 3.188, 1123.0, 1009.0, 782.0, 410.0, 383.0, 374.0, 519.0, -99999.0, -99999.0, 0.0
5169.0, 40.780680935499994, -111.94097064766666, 1293.758, 0.25, 21.9, 0.0, 0.0, 2.01074, 13312.8, 16.5666, -0.0241369, -99999.0, 0.206057001045, 426.70887125, 1.9766072974, 1.1608749956, -54.18852621, -7.5149587645, 1.954291354121, 427.0462359578, -99999.0, 59.2, 3.52, 2.87, 6.39, -0.135, 3.312, 3.188, 1027.0, 406.0, 323.0, 698.0, 574.0, 321.0, 463.0, -99999.0, -99999.0, 0.0
5170.0, 40.78068049116666, -111.94097065983333, 1293.752, 0.03, 21.9, 0.63, 287.37, 2.00794, 13316.6, 16.5685, -0.0260751, -99999.0, 0.20600326417999998, 426.11914415, 1.9766072974, 1.1608749956, -54.18852621, -7.5149587645, 1.954291354121, 426.953891558, -99999.0, -99999.0, 3.54, 2.87, 6.41, -0.135, 3.312, 3.188, 1445.0, 972.0, 937.0, 711.0, 298.0, 502.0, 93.0, -99999.0, -99999.0, 0.0
5171.0, 40.78068009500001, -111.94097070333333, 1293.716, 0.01, 21.9, 0.59, 288.98, 2.00617, 13312.7, 16.8199, -0.0295308, -99999.0, 0.20595101274, 426.07546645, 1.9762271636, 1.1593671682, -54.18852621, -6.2724592733, 1.954291354121, 426.8674413545, -99999.0, 59.7, 3.54, 2.89, 6.43, -0.135, 3.312, 3.188, 943.0, 825.0, 391.0, 192.0, 545.0, 263.0, 565.0, -99999.0, -99999.0, 0.0
5172.0, 40.78067984816666, -111.94097077216665, 1293.666, 0.13, 21.9, 0.86, 278.88, 2.00865, 13280.4, 16.5268, -0.0444612, -99999.0, 0.20595122158, 426.11902329, 1.9762271636, 1.1593671682, -49.643963073, -6.2724592733, 1.9284016292419999, 426.8674413545, -99999.0, -99999.0, 3.57, 2.9, 6.46, -0.135, 3.312, 3.188, 1302.0, 382.0, 701.0, 583.0, 128.0, 251.0, 921.0, -99999.0, -99999.0, 0.0
5173.0, 40.78067966966666, -111.94097089716666, 1293.619, 0.13, 21.9, 0.81, 283.89, 2.00851, 13256.0, 16.7076, -0.012583, -99999.0, 0.21097605566, 426.16258013, 1.9762271636, 1.1593671682, -99999.0, -99999.0, -99999.0, -99999.0, -99999.0, 64.6, 3.56, 2.93, 6.49, -0.135, 3.312, 3.188, 884.0, 800.0, 608.0, 384.0, 510.0, 362.0, 352.0, -99999.0, -99999.0, 0.0
5174.0, 40.78067945633334, -111.94097099633333, 1293.561, 0.14, 21.9, 1.19, 278.5, 2.00772, 13243.5, 16.3376, 0.0541402, -99999.0, 0.210976477665, 426.17422499, 1.976748338, 1.1643558059, -49.643963073, -6.2724592733, 1.9284016292419999, 426.9830963889, -99999.0, -99999.0, 3.56, 2.92, 6.49, -0.135, 3.312, 3.188, 1075.0, 677.0, 670.0, 589.0, 701.0, 510.0, 394.0, -99999.0, -99999.0, 0.0
5175.0, 40.780679361500006, -111.94097111399999, 1293.492, 0.09, 21.9, 1.33, 279.51, 2.00674, 13236.8, 16.6698, 0.0773159, -99999.0, 0.21097689967, 426.32007157, 1.976748338, 1.1643558059, -49.643963073, -6.1633301984, 1.9284016292419999, 427.0992693927, -99999.0, 67.1, 3.5, 2.93, 6.43, -0.135, 3.312, 3.188, 1421.0, 468.0, 683.0, 384.0, 893.0, 366.0, 181.0, -99999.0, -99999.0, 0.0
5176.0, 40.78067933, -111.94097118583335, 1293.405, 0.08, 21.8, 0.83, 272.22, 2.00753, 13230.6, 16.8558, 0.0631648, -99999.0, 0.20127467823, 426.31468412, 1.97662194205, 1.1602521065000002, -57.404721356, -6.1633301984, 1.9480388720219999, 427.0992693927, -99999.0, -99999.0, 3.5, 2.93, 6.43, -0.135, 3.312, 3.188, 1111.0, 739.0, 434.0, 750.0, 652.0, 506.0, 611.0, -99999.0, -99999.0, 0.0
5177.0, 40.78067930016667, -111.94097121033334, 1293.303, 0.23, 21.8, 0.71, 273.92, 2.00832, 13232.5, 16.5399, 0.0600452, -99999.0, 0.20127309202, 426.20523881500003, 1.9764955461, 1.1561484071, -99999.0, -99999.0, -99999.0, -99999.0, -99999.0, 65.0, 3.5, 2.94, 6.44, -0.135, 3.312, 3.188, 1015.0, 800.0, 670.0, 340.0, 446.0, 617.0, 421.0, -99999.0, -99999.0, 0.0
5178.0, 40.78067922266667, -111.94097119483334, 1293.224, 0.1, 21.8, 0.56, 308.93, 2.00678, 13250.3, 16.4977, 0.0838087, -99999.0, 0.17640895531, 426.10118096, 1.9764955461, 1.1561484071, -57.404721356, -6.1633301984, 1.9480388720219999, 427.01909852795, -99999.0, -99999.0, 3.48, 2.94, 6.41, -0.135, 3.312, 3.188, 967.0, 689.0, 453.0, 609.0, 468.0, 317.0, 616.0, -99999.0, -99999.0, 0.0
5179.0, 40.78067919183333, -111.9409712205, 1293.132, 0.3, 21.7, 0.46, 249.44, 2.00704, 13235.9, 16.4805, 0.0565821, -99999.0, 0.176408593805, 426.06094915, 1.9762774416, 1.1523274325, -57.404721356, -7.684394937, 1.9480388720219999, 426.9317108033, -99999.0, 62.9, 3.52, 2.93, 6.45, -0.135, 3.312, 3.188, 752.0, 382.0, 937.0, 525.0, 191.0, 243.0, 42.0, -99999.0, -99999.0, 0.0
5180.0, 40.780679174166664, -111.94097124483332, 1293.045, 0.07, 21.7, 0.37, 340.35, 2.00616, 13216.5, 16.5371, 0.0303653, -99999.0, 0.1764082323, 425.79363706, 1.9762774416, 1.1523274325, -44.324678772, -7.684394937, 1.925087901597, 426.9317108033, -99999.0, -99999.0, 3.58, 2.91, 6.49, -0.135, 3.312, 3.188, 848.0, 763.0, 745.0, 513.0, 659.0, 699.0, 222.0, -99999.0, -99999.0, 0.0
5181.0, 40.78067904583334, -111.94097120883335, 1292.955, 0.09, 21.7, 0.33, 8.76, 2.00938, 13197.4, 16.4602, -0.00421135, -99999.0, 0.19307394965, 425.79363706, 1.9762774416, 1.1523274325, -99999.0, -99999.0, -99999.0, -99999.0, -99999.0, 62.7, 3.57, 2.88, 6.45, -0.135, 3.312, 3.188, 1218.0, 763.0, 701.0, 564.0, 638.0, 629.0, 162.0, -99999.0, -99999.0, 0.0
5182.0, 40.780678847, -111.94097114583334, 1292.864, 0.16, 21.7, 0.43, 10.77, 2.00983, 13193.6, 16.3979, -0.124333, -99999.0, 0.1930753902433333, 425.9436894533333, 1.9764169144, 1.1521592641, -44.324678772, -7.684394937, 1.925087901597, 427.09016153375, -99999.0, -99999.0, 3.64, 2.86, 6.49, -0.135, 3.312, 3.188, 884.0, 677.0, 614.0, 122.0, 404.0, 247.0, 685.0, -99999.0, -99999.0, 0.0
5183.0, 40.780678619166665, -111.94097110416666, 1292.776, 0.09, 21.6, 0.87, 336.78, 2.00648, 13184.4, 16.7813, -0.249026, -99999.0, 0.25348586973, 426.2704604, 1.9764169144, 1.1521592641, -44.324678772, -7.1118026372, 1.925087901597, 427.2513310082, -99999.0, 63.0, 3.6, 2.82, 6.42, -0.135, 3.312, 3.188, 836.0, 775.0, 645.0, 346.0, 319.0, 370.0, 607.0, -99999.0, -99999.0, 0.0
5184.0, 40.78067865916667, -111.94097126566666, 1292.672, 0.1, 21.6, 0.74, 0.69, 2.008, 13168.1, 16.5775, -0.270165, -99999.0, 0.25348816922999995, 426.27419029, 1.9775951937, 1.153442084, -52.666994183, -7.1118026372, 1.9374213715930002, 427.2513310082, -99999.0, -99999.0, 3.59, 2.79, 6.37, 0.023, 3.125, 3.156, 955.0, 652.0, 341.0, 481.0, 319.0, 99.0, 227.0, -99999.0, -99999.0, 0.0
5185.0, 40.780678604500004, -111.94097140766668, 1292.579, 0.11, 21.6, 0.56, 327.09, 2.00696, 13167.6, 16.4713, -0.26252, -99999.0, 0.25349046873, 427.08799465, 1.9775951937, 1.153442084, -99999.0, -99999.0, -99999.0, -99999.0, -99999.0, 65.5, 3.57, 2.75, 6.32, 0.023, 3.125, 3.156, 967.0, 837.0, 1005.0, 327.0, 446.0, 370.0, 546.0, -99999.0, -99999.0, 0.0
5186.0, 40.7806785565, -111.94097153666668, 1292.493, 0.18, 21.6, 0.66, 353.69, 2.01041, 13163.5, 16.9525, -0.0953271, -99999.0, 0.28463109905, 427.08799465, 1.9775951937, 1.153442084, -52.666994183, -7.1118026372, 1.9374213715930002, 427.40399172779996, -99999.0, -99999.0, 3.53, 2.7, 6.23, 0.023, 3.125, 3.156, 1075.0, 591.0, 304.0, 711.0, 489.0, 243.0, 153.0, -99999.0, -99999.0, 0.0
5187.0, 40.780678535166665, -111.94097165249998, 1292.397, 0.17, 21.6, 0.79, 25.81, 2.00707, 13163.3, 16.837, -0.0981253, -99999.0, 0.28463042037, 427.06557971, 1.9776817774, 1.1574826212, -52.666994183, -7.6912489811, 1.9374213715930002, 427.55389919329997, -99999.0, 67.6, 3.48, 2.67, 6.15, 0.023, 3.125, 3.156, 1075.0, 911.0, 677.0, 410.0, 680.0, 366.0, 519.0, -99999.0, -99999.0, 0.0
5188.0, 40.780678522166674, -111.94097180499999, 1292.31, 0.1, 21.6, 0.47, 57.72, 2.00945, 13164.5, 16.5891, -0.0771, -99999.0, 0.23813505408, 426.98505463, 1.9776817774, 1.1574826212, -55.959209272, -7.6912489811, 1.9403582601509999, 427.55389919329997, -99999.0, -99999.0, 3.41, 2.68, 6.09, 0.023, 3.125, 3.156, 1374.0, 948.0, 428.0, 442.0, 276.0, 617.0, 440.0, -99999.0, -99999.0, 0.0
5189.0, 40.7806785365, -111.94097192483332, 1292.212, 0.08, 21.6, 0.55, 44.13, 2.01059, 13161.1, 17.0071, 0.0685055, -99999.0, 0.23813410957999998, 427.01153011, 1.97757498, 1.1613401055, -55.959209272, -7.6912489811, 1.9403582601509999, 427.55389919329997, -99999.0, 65.7, 3.33, 2.7, 6.03, 0.023, 3.125, 3.156, 884.0, 640.0, 757.0, 288.0, 191.0, 391.0, 232.0, -99999.0, -99999.0, 0.0
5190.0, 40.780678509000005, -111.94097210449999, 1292.132, 0.2, 21.6, 0.48, 66.45, 2.00863, 13176.6, 16.811, 0.103894, -99999.0, 0.23813316508, 426.5731724, 1.97757498, 1.1613401055, -55.959209272, -7.6912489811, 1.9403582601509999, 427.38843606849997, -99999.0, -99999.0, 3.28, 2.72, 6.0, 0.023, 3.125, 3.156, 1206.0, 665.0, 540.0, 795.0, 425.0, 304.0, 157.0, -99999.0, -99999.0, 0.0
5191.0, 40.780678496, -111.94097234099999, 1292.068, 0.09, 21.6, 0.68, 34.66, 2.00766, 13189.0, 16.7002, 0.090146, -99999.0, 0.22895039472, 426.5731724, 1.97757498, 1.1613401055, -55.959209272, -7.0608901699, 1.9403582601509999, 427.39143007539997, -99999.0, 63.3, 3.23, 2.73, 5.96, 0.023, 3.125, 3.156, 1218.0, 603.0, 987.0, 525.0, 234.0, 259.0, 389.0, -99999.0, -99999.0, 0.0
