arc_raw/USOS-ARL-Suite_ARC_20240803_RA.ict
71,1001
Xinrong Ren
NOAA Air Resources Lab
ARC-Suite
USOS: Utah Summer Ozone Study
1,1
2024,08,03,2024,08,03
1
StartTime_seconds, seconds, Start time in UTC seconds since midnight
38
1,1,1,1,1,1,1,1,1,1,1,1,1,1,1,1,1,1,1,1,1,1,1,1,1,1,1,1,1,1,1,1,1,1,1,1,1,1
-99999,-99999,-99999,-99999,-99999,-99999,-99999,-99999,-99999,-99999,-99999,-99999,-99999,-99999,-99999,-99999,-99999,-99999,-99999,-99999,-99999,-99999,-99999,-99999,-99999,-99999,-99999,-99999,-99999,-99999,-99999,-99999,-99999,-99999,-99999,-99999,-99999,-99999
lat_DGPS_deg, degrees, Latitude in decimal by Hemisphere VS1100 Differential GPS
lon_DGPS_deg, degrees, Longitude in decimal by Hemisphere VS1100 Differential GPS
alt_msl_m, meters, GPS Altitude MSL
speed_km_h, km/s, vehicle speed
RH, percent, relative humidity
true_WS_m_s, m/s, wind speed by 2D sonic sensor
true_WD_deg, degree, wind direction by 2D sonic sensor
CH4_aeris313_ppm, ppm, CH4 mixing ratio by Aeris
H2O_aeris313_ppm, ppm, H2O mixing ratio by Aeris
C2H6_aeris313_ppb, ppb, C2H6 mixing ratio by Aeris
r_aeris313, 1, relavence between CH4 and C2H6 by Aeris
C2C1_aeris313, 1, C2H6 to CH4 ratio by Aeris
CO_g2401m_ppm, ppm, CO mixing ratio by Picarro G2401m
CO2_g2401m_ppm, ppm, CO2 mixing ratio by Picarro G2401m
CH4_g2401m_ppm, ppm, CH4 mixing ratio by Picarro G2401m
H2O_g2401m, ppm, H2O mixing ratio by Picarro G2401m
delta13C_CH4_raw, permill, delta 13C of CH4 by Picarro G2201i
delta13C_CO2_raw, permill, delta 13C of CO2 by Picarro G2201i
CH4_g2201i_ppm, ppm, CH4 mixing ratio by Picarro G2201i
CO2_g2201i_ppm, ppm, CO2 mixing ratio by Picarro G2201i
NH3_g2301_ppb, ppb, NH3 mixing ratio by Picarro G2301
O3_2B_ppm, ppm, O3 mixing ratio by 2B
NO_G60_ppb, ppb, NO mixing ratio by G60
NO2_G60_ppb, ppb, NO2 mixing ratio by G60
NOx_G60_ppb, ppb, NOx mixing ratio by G60
NO_N500_ppb, ppb, NO mixing ratio by N500
NO2_N500_ppb, ppb, NO2 mixing ratio by N500
NOx_N500_ppb, ppb, NOx mixing ratio by N500
BC370_AE43_ng_m3, ng/m3, Black Carbon at 370 nm by AE43
BC470_AE43_ng_m3, ng/m3, Black Carbon at 470 nm by AE43
BC520_AE43_ng_m3, ng/m3, Black Carbon at 520 nm by AE43
BC590_AE43_ng_m3, ng/m3, Black Carbon at 590 nm by AE43
BC660_AE43_ng_m3, ng/m3, Black Carbon at 660 nm by AE43
BC880_AE43_ng_m3, ng/m3, Black Carbon at 880 nm by AE43
BC950_AE43_ng_m3, ng/m3, Black Carbon at 950 nm by AE43
PM25, ug/m3, PM2.5 by particle sensor
PM10, ug/m3, PM10 by particle sensor
Valve, boolian, indicator of valve conditions;0 is measurement; 10 is zeroing; 11 is spanning
1
SPECIAL COMMENTS, N/A
18
PI_CONTACT_INFO: xinrong.ren@noaa.gov, 301-683-1391, NOAA/ARL, 5830 University Research Court, College Park, MD 20740
PLATFORM: NOAA Air Resources Car
LOCATION: Salt Lake City
ASSOCIATED_DATA: N/A
INSTRUMENT_INFO: Hemisphere VS1100 differential GPS (Latitude, Longitude, GPS Altitude, speed), meteorological sensor (RH, WS, WD), 2B (O3), G60 CRDS (NO-NOx), Teledyne N500 (NO-NOx), Picarro G2401-m (CO2, CH4, CO, H2O), Picarro G2201i (CO2, CH4, d13C_CO2, d13C_CH4, H2O), Picarro 2301 (NH3), Aeris Ultra MIRA (CH4, C2H6, H2O, r, C2/C1), AE43 (Black Carbon), Partical sensor (PM2.5, PM10)
DATA_INFO: Records are reported at 1-second intervals. Hemisphere VS1100 differential GPS has 1-second ntervals. 2B O3 values are reported 2-second averages. G60 Cavity Rong Down NO-NO2-NO2 has 1-second average. Teledyne CAPS NO2 analyzer has 10-second time resolution. Picarro 2401m (CO2, CH4, CO, H2O) data has 2.5-second time resolution. Picarro 2201i (isotope) has ~5 second time resolution. Aeris Ultra MIRA has 1-second integration time. AE43 data are 10-second moving averages. Partical sensor has 10-second time resolution.
UNCERTAINTY: -99999, -99999, -99999, 15 m, -99999, -99999, -99999, -99999, 1 ppb, 100 ppm, 0.2 ppb, -99999, -99999, 5 ppb, 0.1 ppm, 1 ppb, 100 ppm, -99999, -99999, -99999, -99999, 2 ppb, 0.3 ppb, -99999, -99999, -99999, 0.05 ppb, 0.05 ppb, 0.05 ppb, 10 ng/m3, 10 ng/m3, 10 ng/m3, 10 ng/m3, 10 ng/m3, 10 ng/m3, 10 ng/m3, 10 ng/m3, 0
ULOD_FLAG: -77777
ULOD_VALUE: N/A
LLOD_FLAG: -88888
LLOD_VALUE: N/A
DM_CONTACT_INFO: Jiayang Sun; University of Maryland; jiayangs@umd.edu
PROJECT_INFO: USOS July - Aug 2024 https://deq.utah.gov/air-quality/utah-summer-ozone-study-usos
STIPULATIONS_ON_USE: Use of these data requires prior ok from PI.
OTHER_COMMENTS: N/A
REVISION: RA
RA: Preliminary Data for in-field use only.
StartTime_seconds, lat_DGPS_deg, lon_DGPS_deg, alt_msl_m, speed_km_h, RH, true_WS_m_s, true_WD_deg, CH4_aeris313_ppm, H2O_aeris313_ppm, C2H6_aeris313_ppb, r_aeris313, C2C1_aeris313, CO_g2401m_ppm, CO2_g2401m_ppm, CH4_g2401m_ppm, H2O_g2401m, delta13C_CH4_raw, delta13C_CO2_raw, CH4_g2201i_ppm, CO2_g2201i_ppm, NH3_g2301_ppb, O3_2B_ppm, NO_G60_ppb, NO2_G60_ppb, NOx_G60_ppb, NO_N500_ppb, NO2_N500_ppb, NOx_N500_ppb, BC370_AE43_ng_m3, BC470_AE43_ng_m3, BC520_AE43_ng_m3, BC590_AE43_ng_m3, BC660_AE43_ng_m3, BC880_AE43_ng_m3, BC950_AE43_ng_m3, PM25, PM10, Valve
[from data line 139]
139.0, 40.78069738316666, -111.94099293233333, 1289.316, 0.23, 13.0, -99999.0, -99999.0, 2.05347, 11504.2, -0.928174, 0.179595, -99999.0, -99999.0, -99999.0, -99999.0, -99999.0, -99999.0, -99999.0, -99999.0, -99999.0, -99999.0, 69.1, 5.96, 1.07, 7.04, -0.173, 1.547, 1.375, 477.0, 308.0, 354.0, 165.0, 360.0, 251.0, 128.0, -99999.0, -99999.0, 0.0
140.0, 40.78069732533334, -111.94099297566666, 1289.311, 0.04, 13.0, -99999.0, -99999.0, 2.05216, 11458.3, -0.919019, 0.184729, -99999.0, -99999.0, -99999.0, -99999.0, -99999.0, -99999.0, -99999.0, -99999.0, -99999.0, -99999.0, -99999.0, 6.04, 1.06, 7.1, -0.173, 1.547, 1.375, 654.0, 267.0, 705.0, 230.0, 227.0, 347.0, 380.0, -99999.0, -99999.0, 0.0
141.0, 40.78069728183333, -111.94099305533334, 1289.311, 0.11, 13.0, -99999.0, -99999.0, 2.05253, 11466.8, -0.731678, 0.156265, -99999.0, -99999.0, -99999.0, -99999.0, -99999.0, -99999.0, -99999.0, -99999.0, -99999.0, -99999.0, 70.4, 5.99, 1.07, 7.06, -0.173, 1.547, 1.375, 590.0, 354.0, 265.0, 251.0, 264.0, 325.0, -99999.0, -99999.0, -99999.0, 0.0
142.0, 40.780697220166665, -111.94099316316667, 1289.315, 0.13, 13.0, -99999.0, -99999.0, 2.05457, 11481.8, -0.854983, 0.163536, -99999.0, -99999.0, -99999.0, -99999.0, -99999.0, -99999.0, -99999.0, -99999.0, -99999.0, -99999.0, -99999.0, 6.03, 1.05, 7.08, -0.173, 1.547, 1.375, 426.0, 244.0, 320.0, 539.0, 196.0, 281.0, -26.0, -99999.0, -99999.0, 0.0
143.0, 40.780697186, -111.94099325200001, 1289.314, 0.13, 13.0, -99999.0, -99999.0, 2.05166, 11458.1, -0.95145, 0.167046, -99999.0, -99999.0, -99999.0, -99999.0, -99999.0, -99999.0, -99999.0, -99999.0, -99999.0, -99999.0, 69.1, 6.07, 1.05, 7.12, -0.173, 1.547, 1.375, 455.0, 339.0, 549.0, 374.0, 134.0, 482.0, 76.0, -99999.0, -99999.0, 0.0
144.0, 40.780697135666664, -111.94099330416665, 1289.308, 0.08, 13.0, -99999.0, -99999.0, 2.05352, 11390.8, -1.13008, 0.181757, -99999.0, -99999.0, -99999.0, -99999.0, -99999.0, -99999.0, -99999.0, -99999.0, -99999.0, -99999.0, -99999.0, 6.01, 1.06, 7.07, -0.173, 1.547, 1.375, 405.0, 413.0, 164.0, 435.0, 172.0, 105.0, 253.0, -99999.0, -99999.0, 0.0
145.0, 40.78069708816667, -111.940993374, 1289.309, 0.06, 12.9, -99999.0, -99999.0, 2.05265, 11303.2, -1.63038, 0.248453, -99999.0, -99999.0, -99999.0, -99999.0, -99999.0, -99999.0, -99999.0, -99999.0, -99999.0, -99999.0, 68.3, 5.97, 1.05, 7.03, -0.173, 1.547, 1.375, 578.0, 521.0, 463.0, 496.0, 456.0, 366.0, 355.0, -99999.0, -99999.0, 0.0
146.0, 40.78069707033334, -111.94099342083334, 1289.302, 0.07, 12.9, -99999.0, -99999.0, 2.05378, 11235.2, -1.12011, 0.240511, -99999.0, -99999.0, -99999.0, -99999.0, -99999.0, -99999.0, -99999.0, -99999.0, -99999.0, -99999.0, -99999.0, 6.01, 1.04, 7.05, -0.173, 1.547, 1.375, 531.0, 311.0, 298.0, 270.0, 384.0, 344.0, 229.0, -99999.0, -99999.0, 0.0
147.0, 40.7806970285, -111.940993488, 1289.298, 0.19, 12.8, -99999.0, -99999.0, 2.05217, 11181.3, -1.19092, 0.263554, -99999.0, -99999.0, -99999.0, -99999.0, -99999.0, -99999.0, -99999.0, -99999.0, -99999.0, -99999.0, 70.1, 6.02, 1.02, 7.04, -0.173, 1.547, 1.375, 708.0, 495.0, 245.0, 227.0, 285.0, -157.0, 457.0, -99999.0, -99999.0, 0.0
148.0, 40.780697008000004, -111.94099352666666, 1289.295, 0.05, 12.8, -99999.0, -99999.0, 2.0515, 11138.1, -1.11096, 0.258631, -99999.0, -99999.0, -99999.0, -99999.0, -99999.0, -99999.0, -99999.0, -99999.0, -99999.0, -99999.0, -99999.0, 5.99, 1.02, 7.01, -0.173, 1.547, 1.375, 358.0, 544.0, 226.0, 600.0, 532.0, 419.0, 380.0, -99999.0, -99999.0, 0.0
149.0, 40.780697007499995, -111.94099356916668, 1289.29, 0.04, 12.7, -99999.0, -99999.0, 2.05212, 11114.0, -0.994145, 0.21333, -99999.0, -99999.0, -99999.0, -99999.0, -99999.0, -99999.0, -99999.0, -99999.0, -99999.0, -99999.0, 72.1, 5.99, 1.0, 6.99, -0.173, 1.547, 1.375, 342.0, 365.0, 412.0, 227.0, 247.0, 460.0, 558.0, -99999.0, -99999.0, 0.0
150.0, 40.78069697016667, -111.94099361416666, 1289.288, 0.18, 12.7, -99999.0, -99999.0, 2.05315, 11119.4, -1.19563, 0.224058, -99999.0, -99999.0, -99999.0, -99999.0, -99999.0, -99999.0, -99999.0, -99999.0, -99999.0, -99999.0, -99999.0, 6.05, 0.98, 7.02, -0.389, 1.805, 1.414, 586.0, 537.0, 518.0, 205.0, 477.0, 63.0, 785.0, -99999.0, -99999.0, 0.0
151.0, 40.780696959000004, -111.94099364033333, 1289.284, 0.13, 12.7, -99999.0, -99999.0, 2.0525, 11142.5, -1.19449, 0.239526, -99999.0, -99999.0, -99999.0, -99999.0, -99999.0, -99999.0, -99999.0, -99999.0, -99999.0, -99999.0, 72.4, 6.0, 0.97, 6.98, -0.389, 1.805, 1.414, 637.0, 513.0, 72.0, 309.0, 196.0, 334.0, 254.0, -99999.0, -99999.0, 0.0
152.0, 40.780696944666666, -111.94099365366668, 1289.277, 0.12, 12.7, -99999.0, -99999.0, 2.05345, 11163.6, -1.36403, 0.225959, -99999.0, -99999.0, -99999.0, -99999.0, -99999.0, -99999.0, -99999.0, -99999.0, -99999.0, -99999.0, -99999.0, 6.0, 0.96, 6.96, -0.389, 1.805, 1.414, 412.0, 343.0, 439.0, 415.0, 417.0, 104.0, 607.0, -99999.0, -99999.0, 0.0
153.0, 40.780696962, -111.94099366849998, 1289.273, 0.05, 12.7, -99999.0, -99999.0, 2.05284, 11196.7, -0.785226, 0.222835, -99999.0, -99999.0, -99999.0, -99999.0, -99999.0, -99999.0, -99999.0, -99999.0, -99999.0, -99999.0, 71.7, 5.94, 0.97, 6.91, -0.389, 1.805, 1.414, 472.0, 483.0, 162.0, 168.0, 398.0, 22.0, 278.0, -99999.0, -99999.0, 0.0
154.0, 40.780696993166664, -111.94099369166666, 1289.27, 0.08, 12.7, -99999.0, -99999.0, 2.05257, 11227.8, -0.948329, 0.184394, -99999.0, -99999.0, -99999.0, -99999.0, -99999.0, -99999.0, -99999.0, -99999.0, -99999.0, -99999.0, -99999.0, 5.97, 0.94, 6.91, -0.389, 1.805, 1.414, 291.0, 300.0, 320.0, 205.0, 354.0, 419.0, 304.0, -99999.0, -99999.0, 0.0
155.0, 40.780697031, -111.9409937015, 1289.257, 0.11, 12.8, -99999.0, -99999.0, 2.05047, 11220.8, -1.20119, 0.220703, -99999.0, -99999.0, -99999.0, -99999.0, -99999.0, -99999.0, -99999.0, -99999.0, -99999.0, -99999.0, 71.6, 5.99, 0.92, 6.91, -0.389, 1.805, 1.414, 477.0, 370.0, 546.0, 600.0, 354.0, 512.0, 356.0, -99999.0, -99999.0, 0.0
156.0, 40.78069704666666, -111.940993766, 1289.255, 0.08, 12.9, -99999.0, -99999.0, 2.0528, 11198.8, -1.28997, 0.0856972, -99999.0, -99999.0, -99999.0, -99999.0, -99999.0, -99999.0, -99999.0, -99999.0, -99999.0, -99999.0, -99999.0, 6.02, 0.89, 6.91, -0.389, 1.805, 1.414, 417.0, 231.0, 343.0, 334.0, 553.0, 491.0, -52.0, -99999.0, -99999.0, 0.0
157.0, 40.780697083166665, -111.94099382033333, 1289.254, 0.17, 12.9, -99999.0, -99999.0, 2.05147, 11186.1, -1.24812, 0.040768, -99999.0, -99999.0, -99999.0, -99999.0, -99999.0, -99999.0, -99999.0, -99999.0, -99999.0, -99999.0, 70.5, 6.05, 0.86, 6.91, -0.389, 1.805, 1.414, 544.0, 716.0, 373.0, 410.0, 412.0, 63.0, -99999.0, -99999.0, -99999.0, 0.0
158.0, 40.78069710416667, -111.94099384433333, 1289.251, 0.21, 12.9, -99999.0, -99999.0, 2.05259, 11170.6, -1.04755, 0.00904234, -99999.0, -99999.0, -99999.0, -99999.0, -99999.0, -99999.0, -99999.0, -99999.0, -99999.0, -99999.0, -99999.0, 6.09, 0.85, 6.95, -0.389, 1.805, 1.414, 586.0, 562.0, 298.0, 374.0, 292.0, 449.0, 1.0, -99999.0, -99999.0, 0.0
159.0, 40.78069713316667, -111.94099387283335, 1289.252, 0.09, 12.9, -99999.0, -99999.0, 2.05185, 11158.8, -1.01618, -0.0224546, -99999.0, -99999.0, -99999.0, -99999.0, -99999.0, -99999.0, -99999.0, -99999.0, -99999.0, -99999.0, 69.1, 6.11, 0.84, 6.95, -0.389, 1.805, 1.414, 548.0, 185.0, 549.0, 254.0, 487.0, 273.0, 508.0, -99999.0, -99999.0, 0.0
160.0, 40.7806970905, -111.94099390233332, 1289.264, 0.04, 12.9, -99999.0, -99999.0, 2.05341, 11162.1, -0.636158, 0.00739576, -99999.0, -99999.0, -99999.0, -99999.0, -99999.0, -99999.0, -99999.0, -99999.0, -99999.0, -99999.0, -99999.0, 6.04, 0.84, 6.88, -0.389, 1.805, 1.414, 599.0, 472.0, 354.0, 162.0, 151.0, 639.0, 51.0, -99999.0, -99999.0, 0.0
161.0, 40.78069712433333, -111.94099386883333, 1289.255, 0.16, 12.9, -99999.0, -99999.0, 2.05187, 11162.1, -1.22767, 0.0213219, -99999.0, -99999.0, -99999.0, -99999.0, -99999.0, -99999.0, -99999.0, -99999.0, -99999.0, -99999.0, 71.7, 5.99, 0.82, 6.81, -0.389, 1.805, 1.414, 295.0, 359.0, 513.0, 456.0, 388.0, 209.0, 128.0, -99999.0, -99999.0, 0.0
162.0, 40.78069719083333, -111.94099381233333, 1289.241, 0.09, 12.9, -99999.0, -99999.0, 2.05319, 11157.6, -1.14417, 0.0465912, -99999.0, -99999.0, -99999.0, -99999.0, -99999.0, -99999.0, -99999.0, -99999.0, -99999.0, -99999.0, -99999.0, 6.04, 0.8, 6.84, -0.389, 1.805, 1.414, 624.0, 678.0, 488.0, 456.0, -21.0, 325.0, 508.0, -99999.0, -99999.0, 0.0
163.0, 40.78069722850001, -111.94099380033335, 1289.226, 0.15, 12.9, -99999.0, -99999.0, 2.05172, 11160.5, -1.02849, 0.0356155, -99999.0, -99999.0, -99999.0, -99999.0, -99999.0, -99999.0, -99999.0, -99999.0, -99999.0, -99999.0, 74.0, 6.01, 0.79, 6.8, -0.389, 1.805, 1.414, 519.0, 395.0, 594.0, 168.0, 323.0, 281.0, 227.0, -99999.0, -99999.0, 0.0
164.0, 40.78069727633333, -111.94099379316667, 1289.222, 0.12, 12.9, -99999.0, -99999.0, 2.05239, 11158.9, -0.797149, 0.0267677, -99999.0, -99999.0, -99999.0, -99999.0, -99999.0, -99999.0, -99999.0, -99999.0, -99999.0, -99999.0, -99999.0, 5.9, 0.81, 6.71, -0.389, 1.805, 1.414, 565.0, 457.0, 354.0, 144.0, 189.0, 512.0, 506.0, -99999.0, -99999.0, 0.0
165.0, 40.780697238333325, -111.94099390633333, 1289.243, 0.06, 12.8, -99999.0, -99999.0, 2.05216, 11139.1, -1.50908, 0.0760908, -99999.0, -99999.0, -99999.0, -99999.0, -99999.0, -99999.0, -99999.0, -99999.0, -99999.0, -99999.0, 72.8, 5.87, 0.81, 6.68, -0.389, 1.805, 1.414, 405.0, 442.0, 373.0, 334.0, 89.0, 187.0, 331.0, -99999.0, -99999.0, 0.0
166.0, 40.78069724699999, -111.94099400133334, 1289.252, 0.08, 12.8, -99999.0, -99999.0, 2.05412, 11120.7, -0.871309, 0.120678, -99999.0, -99999.0, -99999.0, -99999.0, -99999.0, -99999.0, -99999.0, -99999.0, -99999.0, -99999.0, -99999.0, 5.84, 0.79, 6.63, -0.389, 1.805, 1.414, 455.0, 318.0, 240.0, 248.0, 535.0, 294.0, 404.0, -99999.0, -99999.0, 0.0
167.0, 40.78069739283334, -111.94099397933333, 1289.229, 0.11, 12.7, -99999.0, -99999.0, 2.05238, 11107.5, -1.24323, 0.142046, -99999.0, -99999.0, -99999.0, -99999.0, -99999.0, -99999.0, -99999.0, -99999.0, -99999.0, -99999.0, 73.1, 5.81, 0.77, 6.59, -0.389, 1.805, 1.414, 337.0, 359.0, 212.0, 478.0, 463.0, 438.0, 380.0, -99999.0, -99999.0, 0.0
168.0, 40.78069749416667, -111.94099400083333, 1289.216, 0.2, 12.7, -99999.0, -99999.0, 2.05109, 11102.4, -0.814277, 0.149043, -99999.0, -99999.0, -99999.0, -99999.0, -99999.0, -99999.0, -99999.0, -99999.0, -99999.0, -99999.0, -99999.0, 5.81, 0.74, 6.54, -0.389, 1.805, 1.414, 401.0, 442.0, 435.0, 331.0, 292.0, 231.0, 609.0, -99999.0, -99999.0, 0.0
169.0, 40.78069757733333, -111.9409940895, 1289.209, 0.14, 12.7, -99999.0, -99999.0, 2.05292, 11092.3, -1.16969, 0.122268, -99999.0, -99999.0, -99999.0, -99999.0, -99999.0, -99999.0, -99999.0, -99999.0, -99999.0, -99999.0, 73.5, 5.79, 0.73, 6.51, -0.389, 1.805, 1.414, 637.0, 311.0, 516.0, 438.0, 474.0, 554.0, 303.0, -99999.0, -99999.0, 0.0
170.0, 40.780697610500006, -111.94099414299998, 1289.208, 0.11, 12.6, -99999.0, -99999.0, 2.05435, 11093.1, -1.2174, 0.087724, -99999.0, -99999.0, -99999.0, -99999.0, -99999.0, -99999.0, -99999.0, -99999.0, -99999.0, -99999.0, -99999.0, 5.8, 0.71, 6.51, -0.389, 1.805, 1.414, 654.0, 385.0, 432.0, 395.0, 429.0, 534.0, 178.0, -99999.0, -99999.0, 0.0
171.0, 40.7806976435, -111.94099420566666, 1289.215, 0.02, 12.6, -99999.0, -99999.0, 2.05366, 11117.8, -0.854936, 0.132497, -99999.0, -99999.0, -99999.0, -99999.0, -99999.0, -99999.0, -99999.0, -99999.0, -99999.0, -99999.0, 71.5, 5.82, 0.7, 6.53, -0.389, 1.805, 1.414, 299.0, 362.0, -11.0, 104.0, 216.0, 229.0, -77.0, -99999.0, -99999.0, 0.0
172.0, 40.78069770266667, -111.94099429983335, 1289.222, 0.19, 12.6, -99999.0, -99999.0, 2.05406, 11145.5, -0.916457, 0.102866, -99999.0, -99999.0, -99999.0, -99999.0, -99999.0, -99999.0, -99999.0, -99999.0, -99999.0, -99999.0, -99999.0, 5.77, 0.7, 6.47, -0.208, 1.805, 1.594, 531.0, 637.0, 307.0, 331.0, 457.0, -270.0, 255.0, -99999.0, -99999.0, 0.0
173.0, 40.78069777649999, -111.94099433733332, 1289.218, 0.16, 12.6, -99999.0, -99999.0, 2.0529, 11160.6, -1.25564, 0.122083, -99999.0, -99999.0, -99999.0, -99999.0, -99999.0, -99999.0, -99999.0, -99999.0, -99999.0, -99999.0, 71.8, 5.81, 0.69, 6.5, -0.208, 1.805, 1.594, 763.0, 193.0, 362.0, 395.0, 450.0, 471.0, 202.0, -99999.0, -99999.0, 0.0
174.0, 40.780697804333336, -111.94099439266665, 1289.221, 0.03, 12.6, -99999.0, -99999.0, 2.05359, 11165.9, -1.15655, 0.117161, -99999.0, -99999.0, -99999.0, -99999.0, -99999.0, -99999.0, -99999.0, -99999.0, -99999.0, -99999.0, -99999.0, 5.81, 0.72, 6.53, -0.208, 1.805, 1.594, 425.0, 420.0, 517.0, 348.0, 359.0, 541.0, 506.0, -99999.0, -99999.0, 0.0
175.0, 40.780697886333336, -111.94099444666666, 1289.208, 0.08, 12.6, -99999.0, -99999.0, 2.05079, 11176.4, -1.45265, 0.227424, -99999.0, -99999.0, -99999.0, -99999.0, -99999.0, -99999.0, -99999.0, -99999.0, -99999.0, -99999.0, 74.4, 5.79, 0.72, 6.51, -0.208, 1.805, 1.594, 721.0, 452.0, 621.0, 414.0, 96.0, 157.0, 229.0, -99999.0, -99999.0, 0.0
176.0, 40.78069788716667, -111.94099450783332, 1289.209, 0.12, 12.6, -99999.0, -99999.0, 2.05355, 11165.0, -1.33746, 0.190312, -99999.0, -99999.0, -99999.0, -99999.0, -99999.0, -99999.0, -99999.0, -99999.0, -99999.0, -99999.0, -99999.0, 5.76, 0.72, 6.48, -0.208, 1.805, 1.594, 523.0, 372.0, 541.0, 456.0, 563.0, 355.0, -355.0, -99999.0, -99999.0, 0.0
177.0, 40.7806979685, -111.94099454533334, 1289.194, 0.12, 12.6, -99999.0, -99999.0, 2.05148, 11162.9, -0.994063, 0.160949, -99999.0, -99999.0, -99999.0, -99999.0, -99999.0, -99999.0, -99999.0, -99999.0, -99999.0, -99999.0, 74.7, 5.81, 0.71, 6.52, -0.208, 1.805, 1.594, 477.0, 555.0, 460.0, 496.0, 439.0, 534.0, 760.0, -99999.0, -99999.0, 0.0
178.0, 40.78069804016666, -111.940994601, 1289.18, 0.09, 12.6, -99999.0, -99999.0, 2.05173, 11157.4, -1.34119, 0.189749, -99999.0, -99999.0, -99999.0, -99999.0, -99999.0, -99999.0, -99999.0, -99999.0, -99999.0, -99999.0, -99999.0, 5.81, 0.69, 6.51, -0.208, 1.805, 1.594, 475.0, 340.0, 317.0, 269.0, 472.0, 239.0, 506.0, -99999.0, -99999.0, 0.0
179.0, 40.7806981045, -111.94099467599999, 1289.167, 0.11, 12.6, -99999.0, -99999.0, 2.05149, 11137.5, -1.03233, 0.182055, -99999.0, -99999.0, -99999.0, -99999.0, -99999.0, -99999.0, -99999.0, -99999.0, -99999.0, -99999.0, 72.6, 5.78, 0.7, 6.47, -0.208, 1.805, 1.594, 654.0, 372.0, 638.0, 539.0, 398.0, 33.0, 304.0, -99999.0, -99999.0, 0.0
180.0, 40.780698190500004, -111.94099476799998, 1289.152, 0.03, 12.5, -99999.0, -99999.0, 2.05418, 11116.6, -1.5143, 0.0793159, -99999.0, -99999.0, -99999.0, -99999.0, -99999.0, -99999.0, -99999.0, -99999.0, -99999.0, -99999.0, -99999.0, 5.78, 0.71, 6.49, -0.208, 1.805, 1.594, 542.0, 248.0, 397.0, 620.0, 219.0, 563.0, 379.0, -99999.0, -99999.0, 0.0
181.0, 40.78069827483334, -111.94099485566667, 1289.134, 0.06, 12.5, -99999.0, -99999.0, 2.05319, 11095.7, -1.33224, 0.0590899, -99999.0, -99999.0, -99999.0, -99999.0, -99999.0, -99999.0, -99999.0, -99999.0, -99999.0, -99999.0, 70.5, 5.75, 0.7, 6.44, -0.208, 1.805, 1.594, 523.0, 578.0, 563.0, 291.0, 216.0, 491.0, 178.0, -99999.0, -99999.0, 0.0
182.0, 40.78069831266666, -111.94099495866666, 1289.128, 0.06, 12.5, -99999.0, -99999.0, 2.05225, 11061.3, -0.967424, 0.0838565, -99999.0, -99999.0, -99999.0, -99999.0, -99999.0, -99999.0, -99999.0, -99999.0, -99999.0, -99999.0, -99999.0, 5.77, 0.69, 6.45, -0.208, 1.805, 1.594, 346.0, 311.0, 373.0, 521.0, 113.0, 52.0, 380.0, -99999.0, -99999.0, 0.0
183.0, 40.780698336166665, -111.94099503049999, 1289.12, 0.06, 12.5, -99999.0, -99999.0, 2.05403, 11049.6, -1.2329, 0.0478147, -99999.0, -99999.0, -99999.0, -99999.0, -99999.0, -99999.0, -99999.0, -99999.0, -99999.0, -99999.0, 68.9, 5.72, 0.69, 6.41, -0.208, 1.805, 1.594, 211.0, 442.0, 220.0, 190.0, 549.0, 251.0, 684.0, -99999.0, -99999.0, 0.0
