arc_raw/USOS-ARL-Suite_ARC_20240804_RA.ict
71,1001
Xinrong Ren
NOAA Air Resources Lab
ARC-Suite
USOS: Utah Summer Ozone Study
1,1
2024,08,04,2024,08,04
1
StartTime_seconds, seconds, Start time in UTC seconds since midnight
38
1,1,1,1,1,1,1,1,1,1,1,1,1,1,1,1,1,1,1,1,1,1,1,1,1,1,1,1,1,1,1,1,1,1,1,1,1,1
-99999,-99999,-99999,-99999,-99999,-99999,-99999,-99999,-99999,-99999,-99999,-99999,-99999,-99999,-99999,-99999,-99999,-99999,-99999,-99999,-99999,-99999,-99999,-99999,-99999,-99999,-99999,-99999,-99999,-99999,-99999,-99999,-99999,-99999,-99999,-99999,-99999,-99999
lat_DGPS_deg, degrees, Latitude in decimal by Hemisphere VS1100 Differential GPS
lon_DGPS_deg, degrees, Longitude in decimal by Hemisphere VS1100 Differential GPS
alt_msl_m, meters, GPS Altitude MSL
speed_km_h, km/s, vehicle speed
RH, percent, relative humidity
true_WS_m_s, m/s, wind speed by 2D sonic sensor
true_WD_deg, degree, wind direction by 2D sonic sensor
CH4_aeris313_ppm, ppm, CH4 mixing ratio by Aeris
H2O_aeris313_ppm, ppm, H2O mixing ratio by Aeris
C2H6_aeris313_ppb, ppb, C2H6 mixing ratio by Aeris
r_aeris313, 1, relavence between CH4 and C2H6 by Aeris
C2C1_aeris313, 1, C2H6 to CH4 ratio by Aeris
CO_g2401m_ppm, ppm, CO mixing ratio by Picarro G2401m
CO2_g2401m_ppm, ppm, CO2 mixing ratio by Picarro G2401m
CH4_g2401m_ppm, ppm, CH4 mixing ratio by Picarro G2401m
H2O_g2401m, ppm, H2O mixing ratio by Picarro G2401m
delta13C_CH4_raw, permill, delta 13C of CH4 by Picarro G2201i
delta13C_CO2_raw, permill, delta 13C of CO2 by Picarro G2201i
CH4_g2201i_ppm, ppm, CH4 mixing ratio by Picarro G2201i
CO2_g2201i_ppm, ppm, CO2 mixing ratio by Picarro G2201i
NH3_g2301_ppb, ppb, NH3 mixing ratio by Picarro G2301
O3_2B_ppm, ppm, O3 mixing ratio by 2B
NO_G60_ppb, ppb, NO mixing ratio by G60
NO2_G60_ppb, ppb, NO2 mixing ratio by G60
NOx_G60_ppb, ppb, NOx mixing ratio by G60
NO_N500_ppb, ppb, NO mixing ratio by N500
NO2_N500_ppb, ppb, NO2 mixing ratio by N500
NOx_N500_ppb, ppb, NOx mixing ratio by N500
BC370_AE43_ng_m3, ng/m3, Black Carbon at 370 nm by AE43
BC470_AE43_ng_m3, ng/m3, Black Carbon at 470 nm by AE43
BC520_AE43_ng_m3, ng/m3, Black Carbon at 520 nm by AE43
BC590_AE43_ng_m3, ng/m3, Black Carbon at 590 nm by AE43
BC660_AE43_ng_m3, ng/m3, Black Carbon at 660 nm by AE43
BC880_AE43_ng_m3, ng/m3, Black Carbon at 880 nm by AE43
BC950_AE43_ng_m3, ng/m3, Black Carbon at 950 nm by AE43
PM25, ug/m3, PM2.5 by particle sensor
PM10, ug/m3, PM10 by particle sensor
Valve, boolian, indicator of valve conditions;0 is measurement; 10 is zeroing; 11 is spanning
1
SPECIAL COMMENTS, N/A
18
PI_CONTACT_INFO: xinrong.ren@noaa.gov, 301-683-1391, NOAA/ARL, 5830 University Research Court, College Park, MD 20740
PLATFORM: NOAA Air Resources Car
LOCATION: Salt Lake City
ASSOCIATED_DATA: N/A
INSTRUMENT_INFO: Hemisphere VS1100 differential GPS (Latitude, Longitude, GPS Altitude, speed), meteorological sensor (RH, WS, WD), 2B (O3), G60 CRDS (NO-NOx), Teledyne N500 (NO-NOx), Picarro G2401-m (CO2, CH4, CO, H2O), Picarro G2201i (CO2, CH4, d13C_CO2, d13C_CH4, H2O), Picarro 2301 (NH3), Aeris Ultra MIRA (CH4, C2H6, H2O, r, C2/C1), AE43 (Black Carbon), Partical sensor (PM2.5, PM10)
DATA_INFO: Records are reported at 1-second intervals. Hemisphere VS1100 differential GPS has 1-second ntervals. 2B O3 values are reported 2-second averages. G60 Cavity Rong Down NO-NO2-NO2 has 1-second average. Teledyne CAPS NO2 analyzer has 10-second time resolution. Picarro 2401m (CO2, CH4, CO, H2O) data has 2.5-second time resolution. Picarro 2201i (isotope) has ~5 second time resolution. Aeris Ultra MIRA has 1-second integration time. AE43 data are 10-second moving averages. Partical sensor has 10-second time resolution.
UNCERTAINTY: -99999, -99999, -99999, 15 m, -99999, -99999, -99999, -99999, 1 ppb, 100 ppm, 0.2 ppb, -99999, -99999, 5 ppb, 0.1 ppm, 1 ppb, 100 ppm, -99999, -99999, -99999, -99999, 2 ppb, 0.3 ppb, -99999, -99999, -99999, 0.05 ppb, 0.05 ppb, 0.05 ppb, 10 ng/m3, 10 ng/m3, 10 ng/m3, 10 ng/m3, 10 ng/m3, 10 ng/m3, 10 ng/m3, 10 ng/m3, 0
ULOD_FLAG: -77777
ULOD_VALUE: N/A
LLOD_FLAG: -88888
LLOD_VALUE: N/A
DM_CONTACT_INFO: Jiayang Sun; University of Maryland; jiayangs@umd.edu
PROJECT_INFO: USOS July - Aug 2024 https://deq.utah.gov/air-quality/utah-summer-ozone-study-usos
STIPULATIONS_ON_USE: Use of these data requires prior ok from PI.
OTHER_COMMENTS: N/A
REVISION: RA
RA: Preliminary Data for in-field use only.
StartTime_seconds, lat_DGPS_deg, lon_DGPS_deg, alt_msl_m, speed_km_h, RH, true_WS_m_s, true_WD_deg, CH4_aeris313_ppm, H2O_aeris313_ppm, C2H6_aeris313_ppb, r_aeris313, C2C1_aeris313, CO_g2401m_ppm, CO2_g2401m_ppm, CH4_g2401m_ppm, H2O_g2401m, delta13C_CH4_raw, delta13C_CO2_raw, CH4_g2201i_ppm, CO2_g2201i_ppm, NH3_g2301_ppb, O3_2B_ppm, NO_G60_ppb, NO2_G60_ppb, NOx_G60_ppb, NO_N500_ppb, NO2_N500_ppb, NOx_N500_ppb, BC370_AE43_ng_m3, BC470_AE43_ng_m3, BC520_AE43_ng_m3, BC590_AE43_ng_m3, BC660_AE43_ng_m3, BC880_AE43_ng_m3, BC950_AE43_ng_m3, PM25, PM10, Valve
[from data line 5641]
5641.0, 40.78070439133333, -111.94098309300001, 1289.346, 0.21, 26.6, -99999.0, -99999.0, 1.99612, 15955.2, -1.58542, -0.0714253, -99999.0, 0.151092540835, 428.52041327, 1.9735855043, 1.4129483366, -99999.0, -99999.0, -99999.0, -99999.0, -99999.0, -99999.0, 11.69, 1.64, 13.32, -0.621, 1.984, 1.367, 402.0, 322.0, -18.0, 334.0, -178.0, 334.0, 144.0, -99999.0, -99999.0, 0.0
5642.0, 40.78070446633333, -111.94098307366667, 1289.395, 0.18, 26.6, -99999.0, -99999.0, 1.99519, 15960.1, -1.23543, -0.0810986, -99999.0, 0.15108999694, 427.82762468, 1.9735855043, 1.4129483366, -53.357143629, -8.1697595596, 1.9127877547049998, 429.29267148400004, -99999.0, -99999.0, 11.71, 1.63, 13.34, -0.621, 1.984, 1.367, 338.0, 328.0, 343.0, 259.0, 228.0, 8.0, 287.0, -99999.0, -99999.0, 0.0
5643.0, 40.780704494333335, -111.94098312833333, 1289.446, 0.05, 26.6, -99999.0, -99999.0, 1.99581, 15948.6, -1.49945, -0.0876926, -99999.0, 0.13972967612, 427.82762468, 1.9735855043, 1.4129483366, -99999.0, -99999.0, -99999.0, -99999.0, -99999.0, 51.2, 11.72, 1.62, 13.34, -0.621, 1.984, 1.367, 570.0, 483.0, 260.0, 259.0, 523.0, 30.0, 529.0, -99999.0, -99999.0, 0.0
5644.0, 40.780704605666664, -111.9409832635, 1289.517, 0.09, 26.6, -99999.0, -99999.0, 1.99574, 15938.9, -1.30395, -0.059781, -99999.0, 0.13972991537333335, 427.7955422966667, 1.974002878, 1.4105925412, -53.357143629, -8.1697595596, 1.9127877547049998, 429.19522972795005, -99999.0, 53.4, 11.73, 1.6, 13.34, -0.621, 1.984, 1.367, 59.0, 316.0, -106.0, 47.0, 75.0, 51.0, 653.0, -99999.0, -99999.0, 0.0
5645.0, 40.78070468333333, -111.94098325150001, 1289.593, 0.23, 26.6, -99999.0, -99999.0, 1.99613, 15935.7, -1.57327, -0.0731229, -99999.0, 0.14826826134, 427.80683285, 1.974002878, 1.4105925412, -53.357143629, -6.3168179027, 1.9127877547049998, 429.1066241106, -99999.0, -99999.0, 11.74, 1.59, 13.32, -0.621, 1.984, 1.367, 297.0, 167.0, 373.0, 187.0, 281.0, 520.0, 31.0, -99999.0, -99999.0, 0.0
5646.0, 40.78070472383333, -111.940983267, 1289.654, 0.18, 26.6, -99999.0, -99999.0, 1.99802, 15919.0, -1.42887, -0.117644, -99999.0, 0.148269407805, 427.82513692, 1.9732721693, 1.4183857182, -99999.0, -99999.0, -99999.0, -99999.0, -99999.0, -99999.0, 11.73, 1.59, 13.32, -0.621, 1.984, 1.367, 224.0, 312.0, 261.0, 335.0, 307.0, 72.0, 115.0, -99999.0, -99999.0, 0.0
5647.0, 40.78070480466666, -111.94098335383333, 1289.709, 0.15, 26.6, -99999.0, -99999.0, 1.99615, 15917.8, -1.45801, -0.118186, -99999.0, 0.14827055427, 428.13551468, 1.9732721693, 1.4183857182, -33.608521294, -6.3168179027, 1.904093903082, 429.1066241106, -99999.0, 50.8, 11.79, 1.58, 13.38, -0.621, 1.984, 1.367, 573.0, 329.0, 267.0, -28.0, 421.0, 446.0, -10.0, -99999.0, -99999.0, 0.0
5648.0, 40.78070492650001, -111.9409834955, 1289.749, 0.08, 26.6, -99999.0, -99999.0, 1.99462, 15927.2, -1.58895, -0.0320073, -99999.0, 0.13741879244, 428.13551468, 1.9732721693, 1.4183857182, -99999.0, -99999.0, -99999.0, -99999.0, -99999.0, 47.8, 11.84, 1.59, 13.42, -0.621, 1.984, 1.367, 339.0, 401.0, 344.0, 260.0, 407.0, 369.0, 211.0, -99999.0, -99999.0, 0.0
5649.0, 40.78070506449999, -111.94098369033333, 1289.788, 0.23, 26.6, -99999.0, -99999.0, 1.99652, 15945.6, -1.12893, 0.0140529, -99999.0, 0.137417550595, 428.16083988, 1.9738442198, 1.418107644, -33.608521294, -6.3168179027, 1.904093903082, 429.1066241106, -99999.0, -99999.0, 11.91, 1.57, 13.48, -0.621, 1.984, 1.367, 137.0, 240.0, 617.0, 216.0, 232.0, 140.0, 658.0, -99999.0, -99999.0, 0.0
5650.0, 40.780705121333334, -111.94098380766667, 1289.804, 0.19, 26.6, -99999.0, -99999.0, 1.99801, 15956.4, -1.46822, 0.00971286, -99999.0, 0.14168055938000002, 427.89845339, 1.9738442198, 1.418107644, -33.608521294, -6.49647745525, 1.904093903082, 428.4970431118, -99999.0, -99999.0, 11.9, 1.57, 13.47, -0.621, 1.984, 1.367, 187.0, 239.0, 284.0, 409.0, 366.0, 376.0, 50.0, -99999.0, -99999.0, 0.0
5651.0, 40.78070518933334, -111.94098398766667, 1289.818, 0.23, 26.6, -99999.0, -99999.0, 1.99466, 15955.9, -1.66745, 0.0200706, -99999.0, 0.14594481001, 427.85716885, 1.9727037594, 1.4061275096, -99999.0, -99999.0, -99999.0, -99999.0, -99999.0, 47.3, 11.97, 1.55, 13.52, -0.621, 1.984, 1.367, 344.0, 401.0, 178.0, 454.0, 118.0, 429.0, 43.0, -99999.0, -99999.0, 0.0
5652.0, 40.78070522733333, -111.94098407233332, 1289.853, 0.05, 26.6, -99999.0, -99999.0, 1.9986, 15949.5, -1.43807, 0.0390158, -99999.0, 0.14594146052, 427.61527124500003, 1.9727037594, 1.4061275096, -37.149326127, -6.6761370078, 1.8906045385919998, 428.4961875831, -99999.0, 48.5, 11.97, 1.55, 13.52, -0.621, 1.984, 1.367, 78.0, 183.0, 379.0, 456.0, 573.0, 465.0, 275.0, -99999.0, -99999.0, 0.0
5653.0, 40.780705405166664, -111.94098400533333, 1289.915, 0.03, 26.6, -99999.0, -99999.0, 1.99472, 15932.5, -1.41954, 0.043056, -99999.0, 0.15342533404, 427.37337364, 1.9727037594, 1.4061275096, -99999.0, -99999.0, -99999.0, -99999.0, -99999.0, -99999.0, 11.96, 1.52, 13.48, -0.621, 1.984, 1.367, 452.0, 333.0, 355.0, 503.0, 409.0, -21.0, 337.0, -99999.0, -99999.0, 0.0
5654.0, 40.78070554866667, -111.94098396100001, 1289.989, 0.02, 26.6, -99999.0, -99999.0, 1.99512, 15910.3, -1.52411, 0.0492228, -99999.0, 0.15342391994, 427.30108725, 1.9702563103, 1.3966112455, -37.149326127, -6.6761370078, 1.8906045385919998, 428.4961875831, -99999.0, -99999.0, 11.91, 1.53, 13.44, -0.621, 1.984, 1.367, 411.0, 344.0, 355.0, 212.0, 384.0, 296.0, 294.0, -99999.0, -99999.0, 0.0
5655.0, 40.780705720833325, -111.94098405233332, 1290.036, 0.07, 26.5, -99999.0, -99999.0, 1.9918, 15882.6, -1.41749, 0.0299254, -99999.0, 0.15342250584, 426.9704777, 1.9702563103, 1.3966112455, -37.149326127, -6.6761370078, 1.8906045385919998, 428.5065195068, -99999.0, 51.0, 11.89, 1.51, 13.4, -0.621, 1.984, 1.367, 137.0, 255.0, 189.0, 503.0, 324.0, 110.0, 708.0, -99999.0, -99999.0, 0.0
5656.0, 40.78070585300001, -111.94098405466666, 1290.105, 0.16, 26.5, -99999.0, -99999.0, 1.99006, 15856.0, -1.46597, 0.0676519, -99999.0, 0.14309686483, 426.96418252, 1.9693063790999998, 1.3994952456499998, -37.149326127, -8.0227231547, 1.8906045385919998, 428.5001069848, -99999.0, 52.7, 11.88, 1.52, 13.4, -0.621, 1.984, 1.367, 434.0, 239.0, 284.0, 306.0, 377.0, 123.0, 179.0, -99999.0, -99999.0, 0.0
5657.0, 40.780705976, -111.94098395066666, 1290.203, 0.05, 26.5, -99999.0, -99999.0, 1.99524, 15820.4, -1.69922, -0.0273441, -99999.0, 0.1430985259, 427.05773841999996, 1.9683564479, 1.4023792458, -33.026155364, -8.0227231547, 1.894376429003, 428.5001069848, -99999.0, -99999.0, 11.83, 1.53, 13.36, -0.613, 1.977, 1.359, 412.0, 507.0, 356.0, 166.0, 693.0, 306.0, -65.0, -99999.0, -99999.0, 0.0
5658.0, 40.78070612333333, -111.94098368949999, 1290.323, 0.04, 26.5, -99999.0, -99999.0, 1.99267, 15815.9, -1.51349, -0.0220119, -99999.0, 0.13439650444, 427.1575895, 1.9683564479, 1.4023792458, -99999.0, -99999.0, -99999.0, -99999.0, -99999.0, -99999.0, 11.87, 1.51, 13.39, -0.613, 1.977, 1.359, 338.0, 411.0, 71.0, 187.0, 310.0, 169.0, 330.0, -99999.0, -99999.0, 0.0
5659.0, 40.78070614133333, -111.94098355266667, 1290.386, 0.18, 26.5, -99999.0, -99999.0, 1.99104, 15826.3, -1.35466, -0.0652103, -99999.0, 0.13439578792, 427.17393045, 1.9695638177, 1.4014723113, -99999.0, -99999.0, -99999.0, -99999.0, -99999.0, 52.6, 11.92, 1.5, 13.42, -0.613, 1.977, 1.359, 333.0, 6.0, 266.0, 19.0, 117.0, 507.0, 17.0, -99999.0, -99999.0, 0.0
5660.0, 40.780706171, -111.94098349666668, 1290.41, 0.12, 26.4, -99999.0, -99999.0, 1.99344, 15835.4, -1.31586, -0.0915428, -99999.0, 0.1343950714, 427.0926292, 1.9695638177, 1.4014723113, -33.026155364, -8.0227231547, 1.894376429003, 428.46503488940004, -99999.0, 51.6, 11.96, 1.47, 13.43, -0.613, 1.977, 1.359, 406.0, 550.0, 349.0, 212.0, 164.0, 397.0, 636.0, -99999.0, -99999.0, 0.0
5661.0, 40.7807062925, -111.94098371249999, 1290.426, 0.1, 26.4, -99999.0, -99999.0, 1.99453, 15829.8, -1.42605, -0.0947823, -99999.0, 0.13665691777, 427.08905498499996, 1.9696911847, 1.4008622532500001, -33.026155364, -8.363589501, 1.894376429003, 428.4283398342, -99999.0, -99999.0, 11.99, 1.46, 13.45, -0.613, 1.977, 1.359, 206.0, 334.0, 374.0, 213.0, 107.0, 161.0, 89.0, -99999.0, -99999.0, 0.0
5662.0, 40.780706397, -111.940983897, 1290.434, 0.08, 26.4, -99999.0, -99999.0, 1.99102, 15831.6, -1.45368, -0.095866, -99999.0, 0.13665863549, 427.05925264999996, 1.9698185517, 1.4002521952, -99999.0, -99999.0, -99999.0, -99999.0, -99999.0, -99999.0, 12.0, 1.45, 13.44, -0.613, 1.977, 1.359, 269.0, 155.0, 349.0, 19.0, 334.0, 710.0, 440.0, -99999.0, -99999.0, 0.0
5663.0, 40.78070647483333, -111.94098415250001, 1290.435, 0.02, 26.4, -99999.0, -99999.0, 1.99139, 15833.0, -1.78533, -0.0062906, -99999.0, 0.12997790138, 427.03302453, 1.9698185517, 1.4002521952, -32.256197397, -8.363589501, 1.8983077260410002, 428.4283398342, -99999.0, 51.8, 12.06, 1.43, 13.49, -0.613, 1.977, 1.359, 344.0, 479.0, 629.0, 580.0, 179.0, 407.0, 98.0, -99999.0, -99999.0, 0.0
5664.0, 40.78070653033334, -111.94098445400002, 1290.424, 0.19, 26.4, -99999.0, -99999.0, 1.99231, 15823.8, -1.50507, -0.0224824, -99999.0, 0.129979072695, 427.05831617, 1.9689868671, 1.4089997012, -99999.0, -99999.0, -99999.0, -99999.0, -99999.0, 53.0, 12.12, 1.43, 13.55, -0.613, 1.977, 1.359, 342.0, 489.0, 148.0, 212.0, -334.0, 397.0, -5.0, -99999.0, -99999.0, 0.0
5665.0, 40.78070660866667, -111.94098464750002, 1290.425, 0.09, 26.4, -99999.0, -99999.0, 1.99238, 15821.7, -1.67742, 0.0143889, -99999.0, 0.12998024401, 427.4993401, 1.9689868671, 1.4089997012, -32.256197397, -8.363589501, 1.8983077260410002, 428.4283398342, -99999.0, -99999.0, 12.16, 1.43, 13.59, -0.613, 1.977, 1.359, 357.0, 240.0, 196.0, 335.0, 189.0, 233.0, 365.0, -99999.0, -99999.0, 0.0
5666.0, 40.78070662766667, -111.94098488533334, 1290.411, 0.15, 26.4, -99999.0, -99999.0, 1.99341, 15837.1, -1.2363, 0.0756628, -99999.0, 0.1490496072, 427.51188752999997, 1.9694668236, 1.40835512165, -32.256197397, -7.5180075015500005, 1.8983077260410002, 428.03932772005, -99999.0, -99999.0, 12.17, 1.44, 13.61, -0.613, 1.977, 1.359, 347.0, 83.0, 781.0, 334.0, 64.0, 342.0, 624.0, -99999.0, -99999.0, 0.0
5667.0, 40.780706620500005, -111.94098508083334, 1290.406, 0.09, 26.4, -99999.0, -99999.0, 1.99227, 15856.8, -1.39915, 0.0732741, -99999.0, 0.14904947318, 427.501920465, 1.9699467801, 1.4077105421, -99999.0, -99999.0, -99999.0, -99999.0, -99999.0, 53.0, 12.16, 1.46, 13.62, -0.613, 1.977, 1.359, 344.0, 256.0, 267.0, 260.0, 218.0, 653.0, -115.0, -99999.0, -99999.0, 0.0
5668.0, 40.780706621, -111.94098521133334, 1290.406, 0.17, 26.4, -99999.0, -99999.0, 1.99365, 15860.3, -1.41994, 0.0615254, -99999.0, 0.13646480003, 427.47940597, 1.9699467801, 1.4077105421, -38.458885343, -6.6724255021, 1.8937880840960002, 428.0433500784, -99999.0, 53.0, 12.12, 1.46, 13.57, -0.613, 1.977, 1.359, 481.0, 423.0, 261.0, 94.0, 411.0, -195.0, 389.0, -99999.0, -99999.0, 0.0
5669.0, 40.780706654499994, -111.94098534083332, 1290.4, 0.0, 26.4, -99999.0, -99999.0, 1.99149, 15867.8, -1.28702, 0.0175831, -99999.0, 0.13646444202, 427.47600239, 1.9699039854, 1.4079879095, -99999.0, -99999.0, -99999.0, -99999.0, -99999.0, -99999.0, 12.06, 1.44, 13.49, -0.613, 1.977, 1.359, 365.0, 316.0, 361.0, 169.0, 242.0, 419.0, 151.0, -99999.0, -99999.0, 0.0
5670.0, 40.78070664966667, -111.940985468, 1290.397, 0.03, 26.5, -99999.0, -99999.0, 1.99049, 15877.6, -1.21646, -0.0236136, -99999.0, 0.13646408401, 427.41347386, 1.9699039854, 1.4079879095, -38.458885343, -6.6724255021, 1.8937880840960002, 428.0433500784, -99999.0, -99999.0, 12.04, 1.42, 13.46, -0.613, 1.977, 1.359, 274.0, 244.0, 101.0, 381.0, 253.0, -224.0, 409.0, -99999.0, -99999.0, 0.0
5671.0, 40.7807065965, -111.94098557283333, 1290.4, 0.18, 26.5, -99999.0, -99999.0, 1.99221, 15874.0, -1.39158, -0.00517052, -99999.0, 0.14271139078, 427.41347386, 1.9699039854, 1.4079879095, -38.458885343, -7.8630077108, 1.8937880840960002, 428.66206250084997, -99999.0, 53.4, 12.04, 1.4, 13.44, -0.613, 1.977, 1.359, 380.0, 167.0, 154.0, 72.0, 357.0, 276.0, 367.0, -99999.0, -99999.0, 0.0
5672.0, 40.78070656949999, -111.94098568683333, 1290.398, 0.03, 26.5, -99999.0, -99999.0, 1.99199, 15867.0, -1.46747, -0.0289009, -99999.0, 0.14271159337333333, 427.42455885, 1.9695971826, 1.4057209435999998, -99999.0, -99999.0, -99999.0, -99999.0, -99999.0, 52.7, 12.06, 1.4, 13.46, -0.613, 1.977, 1.359, 196.0, 161.0, 266.0, 484.0, 701.0, 495.0, 294.0, -99999.0, -99999.0, 0.0
5673.0, 40.78070649633334, -111.94098574183333, 1290.398, 0.1, 26.5, -99999.0, -99999.0, 1.99321, 15860.9, -1.47528, -0.0177595, -99999.0, 0.13978458532, 427.46011303, 1.9695971826, 1.4057209436, -37.841165511, -9.0535899195, 1.90415743562, 428.6563907459, -99999.0, -99999.0, 12.06, 1.42, 13.48, -0.613, 1.977, 1.359, 366.0, 334.0, 172.0, 288.0, 293.0, -89.0, 134.0, -99999.0, -99999.0, 0.0
5674.0, 40.78070644866667, -111.94098579416668, 1290.402, 0.13, 26.5, -99999.0, -99999.0, 1.99113, 15862.0, -1.27944, -0.0915862, -99999.0, 0.13978472334999997, 427.46789619, 1.9699981712, 1.4103018903, -99999.0, -99999.0, -99999.0, -99999.0, -99999.0, -99999.0, 12.1, 1.43, 13.53, -0.613, 1.977, 1.359, 246.0, 150.0, 254.0, 315.0, 366.0, -72.0, 194.0, -99999.0, -99999.0, 0.0
5675.0, 40.78070638566667, -111.940985862, 1290.4, 0.28, 26.5, -99999.0, -99999.0, 1.99161, 15867.8, -1.55306, -0.0395119, -99999.0, 0.13978486138, 427.50003109, 1.9699981712, 1.4103018903, -37.841165511, -9.0535899195, 1.90415743562, 428.6563907459, -99999.0, 51.3, 12.08, 1.41, 13.49, -0.613, 1.977, 1.359, 265.0, 555.0, 337.0, 631.0, 420.0, 131.0, 632.0, -99999.0, -99999.0, 0.0
5676.0, 40.78070612316667, -111.9409855325, 1290.403, 0.16, 26.5, -99999.0, -99999.0, 1.99244, 15871.2, -1.36207, -0.0603914, -99999.0, 0.14619283798, 427.50003109, 1.9699981712, 1.4103018903, -37.841165511, -8.2504963149, 1.90415743562, 428.20790449494996, -99999.0, 50.3, 12.03, 1.42, 13.45, -0.613, 1.977, 1.359, 310.0, 222.0, 154.0, 337.0, 75.0, 465.0, 409.0, -99999.0, -99999.0, 0.0
5677.0, 40.780705937833325, -111.94098548566666, 1290.371, 0.14, 26.5, -99999.0, -99999.0, 1.9933, 15884.9, -1.27296, -0.0549599, -99999.0, 0.14619277883333334, 427.5038034699999, 1.9698483661, 1.4122637512, -99999.0, -99999.0, -99999.0, -99999.0, -99999.0, -99999.0, 12.05, 1.43, 13.48, -0.613, 1.977, 1.359, 357.0, 251.0, 249.0, 288.0, 179.0, 297.0, 235.0, -99999.0, -99999.0, 0.0
5678.0, 40.78070589716667, -111.94098559849999, 1290.337, 0.14, 26.5, -99999.0, -99999.0, 1.9936, 15890.0, -1.36704, -0.0277726, -99999.0, 0.14602830892, 427.46732273, 1.9698483661, 1.4122637512, -33.182962283, -7.4474027103, 1.892098262436, 428.2117262754, -99999.0, -99999.0, 11.98, 1.47, 13.45, -0.613, 1.977, 1.359, 247.0, 490.0, 439.0, 260.0, 93.0, 641.0, -187.0, -99999.0, -99999.0, 0.0
5679.0, 40.78070590816667, -111.940985748, 1290.32, 0.16, 26.5, -99999.0, -99999.0, 1.9918, 15898.4, -1.34424, -0.180353, -99999.0, 0.14602839297499998, 427.47798896, 1.9710445822, 1.4134724867, -99999.0, -99999.0, -99999.0, -99999.0, -99999.0, 51.6, 12.03, 1.46, 13.49, -0.613, 1.977, 1.359, 344.0, 501.0, 623.0, 113.0, 43.0, 314.0, 499.0, -99999.0, -99999.0, 0.0
5680.0, 40.78070587916667, -111.94098585916666, 1290.297, 0.27, 26.5, -99999.0, -99999.0, 1.9932, 15911.8, -1.41997, -0.183122, -99999.0, 0.14602847703, 427.54231234, 1.9710445822, 1.4134724867, -33.182962283, -7.4474027103, 1.892098262436, 428.2117262754, -99999.0, 55.3, 12.0, 1.48, 13.48, -0.547, 1.977, 1.43, 563.0, 401.0, 232.0, -75.0, 104.0, -17.0, 91.0, -99999.0, -99999.0, 0.0
5681.0, 40.78070575066667, -111.94098576766667, 1290.279, 0.1, 26.5, -99999.0, -99999.0, 1.99442, 15910.4, -1.52108, -0.148574, -99999.0, 0.15121063214, 427.54231234, 1.9710445822, 1.4134724867, -33.182962283, -7.017874218899999, 1.892098262436, 428.17417642885005, -99999.0, -99999.0, 12.03, 1.49, 13.52, -0.547, 1.977, 1.43, 434.0, 161.0, 414.0, 287.0, 217.0, 575.0, 419.0, -99999.0, -99999.0, 0.0
