arc_raw/USOS-ARL-Suite_ARC_20240804_RA.ict
71,1001
Xinrong Ren
NOAA Air Resources Lab
ARC-Suite
USOS: Utah Summer Ozone Study
1,1
2024,08,04,2024,08,04
1
StartTime_seconds, seconds, Start time in UTC seconds since midnight
38
1,1,1,1,1,1,1,1,1,1,1,1,1,1,1,1,1,1,1,1,1,1,1,1,1,1,1,1,1,1,1,1,1,1,1,1,1,1
-99999,-99999,-99999,-99999,-99999,-99999,-99999,-99999,-99999,-99999,-99999,-99999,-99999,-99999,-99999,-99999,-99999,-99999,-99999,-99999,-99999,-99999,-99999,-99999,-99999,-99999,-99999,-99999,-99999,-99999,-99999,-99999,-99999,-99999,-99999,-99999,-99999,-99999
lat_DGPS_deg, degrees, Latitude in decimal by Hemisphere VS1100 Differential GPS
lon_DGPS_deg, degrees, Longitude in decimal by Hemisphere VS1100 Differential GPS
alt_msl_m, meters, GPS Altitude MSL
speed_km_h, km/s, vehicle speed
RH, percent, relative humidity
true_WS_m_s, m/s, wind speed by 2D sonic sensor
true_WD_deg, degree, wind direction by 2D sonic sensor
CH4_aeris313_ppm, ppm, CH4 mixing ratio by Aeris
H2O_aeris313_ppm, ppm, H2O mixing ratio by Aeris
C2H6_aeris313_ppb, ppb, C2H6 mixing ratio by Aeris
r_aeris313, 1, relavence between CH4 and C2H6 by Aeris
C2C1_aeris313, 1, C2H6 to CH4 ratio by Aeris
CO_g2401m_ppm, ppm, CO mixing ratio by Picarro G2401m
CO2_g2401m_ppm, ppm, CO2 mixing ratio by Picarro G2401m
CH4_g2401m_ppm, ppm, CH4 mixing ratio by Picarro G2401m
H2O_g2401m, ppm, H2O mixing ratio by Picarro G2401m
delta13C_CH4_raw, permill, delta 13C of CH4 by Picarro G2201i
delta13C_CO2_raw, permill, delta 13C of CO2 by Picarro G2201i
CH4_g2201i_ppm, ppm, CH4 mixing ratio by Picarro G2201i
CO2_g2201i_ppm, ppm, CO2 mixing ratio by Picarro G2201i
NH3_g2301_ppb, ppb, NH3 mixing ratio by Picarro G2301
O3_2B_ppm, ppm, O3 mixing ratio by 2B
NO_G60_ppb, ppb, NO mixing ratio by G60
NO2_G60_ppb, ppb, NO2 mixing ratio by G60
NOx_G60_ppb, ppb, NOx mixing ratio by G60
NO_N500_ppb, ppb, NO mixing ratio by N500
NO2_N500_ppb, ppb, NO2 mixing ratio by N500
NOx_N500_ppb, ppb, NOx mixing ratio by N500
BC370_AE43_ng_m3, ng/m3, Black Carbon at 370 nm by AE43
BC470_AE43_ng_m3, ng/m3, Black Carbon at 470 nm by AE43
BC520_AE43_ng_m3, ng/m3, Black Carbon at 520 nm by AE43
BC590_AE43_ng_m3, ng/m3, Black Carbon at 590 nm by AE43
BC660_AE43_ng_m3, ng/m3, Black Carbon at 660 nm by AE43
BC880_AE43_ng_m3, ng/m3, Black Carbon at 880 nm by AE43
BC950_AE43_ng_m3, ng/m3, Black Carbon at 950 nm by AE43
PM25, ug/m3, PM2.5 by particle sensor
PM10, ug/m3, PM10 by particle sensor
Valve, boolian, indicator of valve conditions;0 is measurement; 10 is zeroing; 11 is spanning
1
SPECIAL COMMENTS, N/A
18
PI_CONTACT_INFO: xinrong.ren@noaa.gov, 301-683-1391, NOAA/ARL, 5830 University Research Court, College Park, MD 20740
PLATFORM: NOAA Air Resources Car
LOCATION: Salt Lake City
ASSOCIATED_DATA: N/A
INSTRUMENT_INFO: Hemisphere VS1100 differential GPS (Latitude, Longitude, GPS Altitude, speed), meteorological sensor (RH, WS, WD), 2B (O3), G60 CRDS (NO-NOx), Teledyne N500 (NO-NOx), Picarro G2401-m (CO2, CH4, CO, H2O), Picarro G2201i (CO2, CH4, d13C_CO2, d13C_CH4, H2O), Picarro 2301 (NH3), Aeris Ultra MIRA (CH4, C2H6, H2O, r, C2/C1), AE43 (Black Carbon), Partical sensor (PM2.5, PM10)
DATA_INFO: Records are reported at 1-second intervals. Hemisphere VS1100 differential GPS has 1-second ntervals. 2B O3 values are reported 2-second averages. G60 Cavity Rong Down NO-NO2-NO2 has 1-second average. Teledyne CAPS NO2 analyzer has 10-second time resolution. Picarro 2401m (CO2, CH4, CO, H2O) data has 2.5-second time resolution. Picarro 2201i (isotope) has ~5 second time resolution. Aeris Ultra MIRA has 1-second integration time. AE43 data are 10-second moving averages. Partical sensor has 10-second time resolution.
UNCERTAINTY: -99999, -99999, -99999, 15 m, -99999, -99999, -99999, -99999, 1 ppb, 100 ppm, 0.2 ppb, -99999, -99999, 5 ppb, 0.1 ppm, 1 ppb, 100 ppm, -99999, -99999, -99999, -99999, 2 ppb, 0.3 ppb, -99999, -99999, -99999, 0.05 ppb, 0.05 ppb, 0.05 ppb, 10 ng/m3, 10 ng/m3, 10 ng/m3, 10 ng/m3, 10 ng/m3, 10 ng/m3, 10 ng/m3, 10 ng/m3, 0
ULOD_FLAG: -77777
ULOD_VALUE: N/A
LLOD_FLAG: -88888
LLOD_VALUE: N/A
DM_CONTACT_INFO: Jiayang Sun; University of Maryland; jiayangs@umd.edu
PROJECT_INFO: USOS July - Aug 2024 https://deq.utah.gov/air-quality/utah-summer-ozone-study-usos
STIPULATIONS_ON_USE: Use of these data requires prior ok from PI.
OTHER_COMMENTS: N/A
REVISION: RA
RA: Preliminary Data for in-field use only.
StartTime_seconds, lat_DGPS_deg, lon_DGPS_deg, alt_msl_m, speed_km_h, RH, true_WS_m_s, true_WD_deg, CH4_aeris313_ppm, H2O_aeris313_ppm, C2H6_aeris313_ppb, r_aeris313, C2C1_aeris313, CO_g2401m_ppm, CO2_g2401m_ppm, CH4_g2401m_ppm, H2O_g2401m, delta13C_CH4_raw, delta13C_CO2_raw, CH4_g2201i_ppm, CO2_g2201i_ppm, NH3_g2301_ppb, O3_2B_ppm, NO_G60_ppb, NO2_G60_ppb, NOx_G60_ppb, NO_N500_ppb, NO2_N500_ppb, NOx_N500_ppb, BC370_AE43_ng_m3, BC470_AE43_ng_m3, BC520_AE43_ng_m3, BC590_AE43_ng_m3, BC660_AE43_ng_m3, BC880_AE43_ng_m3, BC950_AE43_ng_m3, PM25, PM10, Valve
[from data line 2827]
2827.0, 40.78068865766666, -111.94096748533333, 1291.094, 0.23, 21.0, 1.76, 297.87, 1.98585, 13896.3, -2.04539, -0.335849, -99999.0, 0.11236813711, 424.41221713, 1.9540092328, 1.2142307702, -37.542057448, -7.2050682106, 1.881774840858, 425.298399254, -99999.0, -99999.0, 19.38, -0.47, 18.91, -0.424, 0.523, 0.101, 223.0, 528.0, 267.0, 350.0, 172.0, 224.0, 221.0, -99999.0, -99999.0, 0.0
2828.0, 40.780688266999995, -111.940967671, 1291.183, 0.05, 21.0, 2.32, 270.45, 1.98562, 13898.5, -1.83516, -0.37113, -99999.0, 0.1254737226, 424.46384383, 1.9540092328, 1.2142307702, -35.819297298, -7.2050682106, 1.89044314237, 425.298399254, -99999.0, 59.7, 19.41, -0.47, 18.93, -0.424, 0.523, 0.101, 210.0, 484.0, 427.0, 400.0, -79.0, -38.0, 183.0, -99999.0, -99999.0, 0.0
2829.0, 40.780687838999995, -111.94096783416666, 1291.295, 0.02, 21.0, 1.54, 296.12, 1.98725, 13893.3, -1.85546, -0.370191, -99999.0, 0.12547457027, 424.49163659, 1.9539081523, 1.2196943657, -99999.0, -99999.0, -99999.0, -99999.0, -99999.0, -99999.0, 19.38, -0.49, 18.89, -0.424, 0.523, 0.101, 415.0, 411.0, 24.0, -50.0, 111.0, 110.0, 246.0, -99999.0, -99999.0, 0.0
2830.0, 40.780687365333335, -111.94096805966667, 1291.414, 0.14, 21.0, 0.89, 335.49, 1.98523, 13905.2, -2.11548, -0.361634, -99999.0, 0.12547541794, 424.76680386, 1.9539081523, 1.2196943657, -35.819297298, -7.2050682106, 1.89044314237, 425.298399254, -99999.0, 58.6, 19.44, -0.49, 18.95, -0.424, 0.523, 0.101, 538.0, 473.0, 107.0, 450.0, 325.0, 415.0, 534.0, -99999.0, -99999.0, 0.0
2831.0, 40.78068724616667, -111.94096850116667, 1291.486, 0.18, 21.0, 2.75, 241.67, 1.98564, 13919.3, -1.85226, -0.310162, -99999.0, 0.12504839054, 424.76680386, 1.9539081523, 1.2196943657, -35.819297298, -7.2050682106, 1.89044314237, 425.16800183009997, -99999.0, -99999.0, 19.4, -0.49, 18.92, -0.424, 0.523, 0.101, 205.0, 334.0, 546.0, 275.0, 468.0, 394.0, -132.0, -99999.0, -99999.0, 0.0
2832.0, 40.780686794, -111.94096863766666, 1291.604, 0.13, 21.0, 1.48, 302.96, 1.98374, 13933.9, -1.92149, -0.228626, -99999.0, 0.12504766696666667, 424.68226847, 1.9541935514000002, 1.2126369223, -35.819297298, -7.293924287, 1.89044314237, 425.16758198649995, -99999.0, 56.8, 19.35, -0.48, 18.87, -0.424, 0.523, 0.101, 310.0, 434.0, 178.0, 228.0, 197.0, 59.0, 498.0, -99999.0, -99999.0, 0.0
2833.0, 40.780686274166676, -111.94096875166666, 1291.716, 0.23, 21.0, 3.36, 293.11, 1.98527, 13927.3, -1.82159, -0.208881, -99999.0, 0.11610188198, 424.52383525, 1.9541935514, 1.2126369223, -35.493421213, -7.293924287, 1.891354608892, 425.16758198649995, -99999.0, -99999.0, 19.37, -0.48, 18.89, -0.424, 0.523, 0.101, 210.0, 395.0, 142.0, 575.0, 107.0, 390.0, 347.0, -99999.0, -99999.0, 0.0
2834.0, 40.78068582150001, -111.94096884849999, 1291.821, 0.03, 21.0, 3.57, 284.52, 1.98508, 13913.6, -1.71789, -0.176194, -99999.0, 0.116103272865, 424.5474956, 1.954178291, 1.226791614, -99999.0, -99999.0, -99999.0, -99999.0, -99999.0, 55.3, 19.32, -0.45, 18.87, -0.424, 0.523, 0.101, 520.0, 617.0, 267.0, 450.0, 343.0, 792.0, 493.0, -99999.0, -99999.0, 0.0
2835.0, 40.78068521666667, -111.94096897566666, 1291.969, 0.21, 21.0, 0.61, 237.08, 1.98627, 13905.6, -1.56945, -0.124369, -99999.0, 0.11610466375, 425.02727269, 1.954178291, 1.226791614, -99999.0, -99999.0, -99999.0, -99999.0, -99999.0, -99999.0, 19.29, -0.44, 18.85, -0.424, 0.523, 0.101, 205.0, 428.0, 368.0, 450.0, 290.0, -4.0, 337.0, -99999.0, -99999.0, 0.0
2836.0, 40.780684838000006, -111.94096903383334, 1292.059, 0.09, 21.0, 1.43, 255.21, 1.98463, 13925.5, -1.88717, -0.0932441, -99999.0, 0.10957126199, 425.02727269, 1.954178291, 1.226791614, -35.493421213, -7.293924287, 1.891354608892, 425.08843931104997, -99999.0, 56.6, 19.33, -0.43, 18.89, -0.424, 0.523, 0.101, 314.0, 306.0, 101.0, 50.0, 476.0, -106.0, -241.0, -99999.0, -99999.0, 0.0
2837.0, 40.780684578166664, -111.94096906000001, 1292.132, 0.24, 21.0, 1.86, 232.88, 1.98509, 13950.3, -1.69828, -0.0945095, -99999.0, 0.10956972268333333, 424.9286004333333, 1.9544972033, 1.2199950598, -35.493421213, -6.6950526311, 1.891354608892, 425.01212524159996, -99999.0, -99999.0, 19.39, -0.43, 18.96, -0.424, 0.523, 0.101, 365.0, 311.0, 457.0, 700.0, 426.0, 330.0, 363.0, -99999.0, -99999.0, 0.0
2838.0, 40.78068428833333, -111.94096916766667, 1292.196, 0.09, 21.0, 1.76, 251.43, 1.98471, 13958.2, -1.7041, -0.11002, -99999.0, 0.11809188167, 424.6821066, 1.9544972033, 1.2199950598, -40.839992256, -6.6950526311, 1.883389919202, 425.01212524159996, -99999.0, 58.9, 19.42, -0.46, 18.96, -0.424, 0.523, 0.101, 255.0, 178.0, 285.0, 300.0, 7.0, 356.0, 416.0, -99999.0, -99999.0, 0.0
2839.0, 40.780684107499994, -111.94096927916668, 1292.234, 0.04, 21.0, 2.8, 219.58, 1.98633, 13962.1, -1.72457, -0.100444, -99999.0, 0.11809251379999999, 424.66866445, 1.9543439215, 1.2227616152, -99999.0, -99999.0, -99999.0, -99999.0, -99999.0, -99999.0, 19.38, -0.43, 18.94, -0.424, 0.523, 0.101, 296.0, 56.0, 267.0, 275.0, -99999.0, 237.0, 380.0, -99999.0, -99999.0, 0.0
2840.0, 40.78068394366667, -111.94096937349998, 1292.273, 0.1, 21.0, 1.44, 227.35, 1.98763, 13952.6, -1.80468, -0.127687, -99999.0, 0.11809314593, 424.81488942, 1.9543439215, 1.2227616152, -99999.0, -99999.0, -99999.0, -99999.0, -99999.0, 58.3, 19.38, -0.38, 19.0, -0.566, 0.523, -0.041, 469.0, -17.0, 166.0, 475.0, 225.0, 347.0, -164.0, -99999.0, -99999.0, 0.0
2841.0, 40.78068380233334, -111.94096940400001, 1292.309, 0.16, 21.0, 1.57, 240.86, 1.9856, 13950.2, -2.06052, -0.159135, -99999.0, 0.12456054004, 424.81488942, 1.9543439215, 1.2227616152, -40.839992256, -6.6950526311, 1.883389919202, 425.17635613575, -99999.0, -99999.0, 19.35, -0.37, 18.98, -0.566, 0.523, -0.041, 538.0, 306.0, 368.0, 250.0, 486.0, 534.0, 262.0, -99999.0, -99999.0, 0.0
2842.0, 40.780683694333334, -111.94096937483333, 1292.348, 0.16, 21.0, 2.56, 220.89, 1.98656, 13954.5, -1.80915, -0.171038, -99999.0, 0.12456092565, 424.84053258, 1.9539829569, 1.2276793318, -40.839992256, -7.2173322712, 1.883389919202, 425.3381182788, -99999.0, 56.8, 19.39, -0.37, 19.02, -0.566, 0.523, -0.041, 310.0, 261.0, 184.0, 325.0, 186.0, -99999.0, 130.0, -99999.0, -99999.0, 0.0
2843.0, 40.7806835645, -111.940969368, 1292.376, 0.08, 21.0, 1.93, 264.68, 1.98659, 13970.1, -1.98486, -0.210962, -99999.0, 0.11253977605, 425.06379558, 1.9539829569, 1.2276793318, -99999.0, -99999.0, -99999.0, -99999.0, -99999.0, -99999.0, 19.34, -0.37, 18.98, -0.566, 0.523, -0.041, 588.0, 150.0, 594.0, 150.0, 254.0, 309.0, 443.0, -99999.0, -99999.0, 0.0
2844.0, 40.780683577, -111.94096941633333, 1292.377, 0.15, 21.0, 2.19, 274.92, 1.98595, 13988.8, -1.76212, -0.276997, -99999.0, 0.10051824084, 425.09037552, 1.9543735718, 1.2307211848, -40.677646895, -7.2173322712, 1.892765138892, 425.3381182788, -99999.0, 56.5, 19.33, -0.37, 18.96, -0.566, 0.523, -0.041, 538.0, -6.0, 309.0, 575.0, -254.0, 720.0, 465.0, -99999.0, -99999.0, 0.0
2845.0, 40.780683646499995, -111.94096935399999, 1292.361, 0.07, 21.0, 2.64, 279.64, 1.98554, 13993.6, -2.02224, -0.321321, -99999.0, 0.10051865383, 425.09720041, 1.9543735718, 1.2307211848, -99999.0, -99999.0, -99999.0, -99999.0, -99999.0, -99999.0, 19.23, -0.37, 18.86, -0.566, 0.523, -0.041, 296.0, 489.0, 231.0, -99999.0, 354.0, 284.0, 58.0, -99999.0, -99999.0, 0.0
2846.0, 40.780683825666664, -111.94096934183332, 1292.32, 0.12, 21.0, 1.5, 271.78, 1.9848, 14006.3, -1.86466, -0.280375, -99999.0, 0.1053898246, 425.1040253, 1.9543735718, 1.2307211848, -40.677646895, -7.2173322712, 1.892765138892, 425.3184390476, -99999.0, 56.7, 19.14, -0.36, 18.78, -0.566, 0.523, -0.041, 378.0, 200.0, 279.0, 175.0, 404.0, 135.0, 246.0, -99999.0, -99999.0, 0.0
2847.0, 40.78068391033332, -111.94096947999999, 1292.31, 0.13, 21.0, 0.27, 343.43, 1.98435, 14013.6, -1.79253, -0.271064, -99999.0, 0.10538987033, 425.10640637, 1.9542108858, 1.2283922655, -40.677646895, -7.9675513492, 1.892765138892, 425.29521395200004, -99999.0, -99999.0, 19.07, -0.33, 18.74, -0.566, 0.523, -0.041, 556.0, 456.0, 528.0, 450.0, 336.0, 525.0, 409.0, -99999.0, -99999.0, 0.0
2848.0, 40.78068419983333, -111.94096945633333, 1292.247, 0.09, 21.1, 0.85, 72.98, 1.98504, 14022.9, -1.90057, -0.274958, -99999.0, 0.10538991606, 425.11678804, 1.9542108858, 1.2283922655, -99999.0, -99999.0, -99999.0, -99999.0, -99999.0, 56.9, 19.04, -0.3, 18.73, -0.566, 0.523, -0.041, 210.0, 573.0, 469.0, 450.0, 350.0, 165.0, -63.0, -99999.0, -99999.0, 0.0
2849.0, 40.78068443683333, -111.940969463, 1292.203, 0.05, 21.1, 1.4, 118.61, 1.98412, 14018.5, -1.85054, -0.248835, -99999.0, 0.11727776275, 425.088522705, 1.95417424275, 1.2210937665000001, -32.715012977, -7.9675513492, 1.883995466237, 425.29521395200004, -99999.0, -99999.0, 19.06, -0.29, 18.78, -0.566, 0.523, -0.041, 260.0, 250.0, 510.0, -147.0, 179.0, 207.0, 385.0, -99999.0, -99999.0, 0.0
2850.0, 40.78068504016667, -111.94096934, 1292.105, 0.12, 21.1, 2.92, 134.83, 1.9848, 14015.3, -1.97115, -0.098054, -99999.0, 0.11727280987, 424.67324352, 1.9541375997, 1.2137952675, -99999.0, -99999.0, -99999.0, -99999.0, -99999.0, 56.3, 19.07, -0.31, 18.76, -0.566, 0.523, -0.041, 105.0, 406.0, 350.0, 275.0, 229.0, 296.0, 315.0, -99999.0, -99999.0, 0.0
2851.0, 40.78068631466666, -111.94096941433332, 1291.913, 0.07, 21.1, 1.29, 102.6, 1.98518, 13991.0, -1.74304, -0.120698, -99999.0, 0.12449640663, 424.28622967, 1.9541375997, 1.2137952675, -32.715012977, -7.9675513492, 1.883995466237, 425.29521395200004, -99999.0, -99999.0, 19.11, -0.31, 18.8, -0.566, 0.523, -0.041, 155.0, 128.0, 95.0, -125.0, 343.0, 368.0, 219.0, -99999.0, -99999.0, 0.0
2852.0, 40.7806865955, -111.9409695355, 1291.831, 0.13, 21.1, 1.05, 110.3, 1.98497, 13958.7, -1.9039, -0.0770657, -99999.0, 0.1244968678, 424.22442786, 1.9537906701, 1.2098442139, -32.715012977, -7.6027697589, 1.883995466237, 425.12073026335, -99999.0, 56.0, 19.1, -0.32, 18.78, -0.566, 0.523, -0.041, 396.0, 645.0, 83.0, 250.0, 719.0, 59.0, 144.0, -99999.0, -99999.0, 0.0
2853.0, 40.78068693016667, -111.94096973883333, 1291.731, 0.06, 21.0, 2.24, 169.46, 1.98524, 13922.5, -1.62735, -0.0932734, -99999.0, 0.12449732897, 424.26592732, 1.9537906701, 1.2098442139, -99999.0, -99999.0, -99999.0, -99999.0, -99999.0, -99999.0, 19.1, -0.31, 18.79, -0.566, 0.523, -0.041, 383.0, 311.0, 214.0, 225.0, 197.0, 377.0, 135.0, -99999.0, -99999.0, 0.0
2854.0, 40.78068784833333, -111.9409697225, 1291.499, 0.13, 21.0, 3.12, 148.33, 1.9858, 13907.1, -1.68416, -0.071723, -99999.0, 0.11538595675, 424.25815117499997, 1.95373366335, 1.20948608315, -33.281749789, -7.2379881686, 1.878289812807, 425.1224536668, -99999.0, 55.2, 19.07, -0.3, 18.77, -0.566, 0.523, -0.041, 123.0, 328.0, 398.0, 300.0, -172.0, 157.0, 168.0, -99999.0, -99999.0, 0.0
2855.0, 40.78068815033333, -111.94096965433333, 1291.419, 0.18, 21.0, 2.09, 26.53, 1.98618, 13891.7, -1.81908, -0.0669547, -99999.0, 0.11538622728, 424.31503876, 1.9536766566, 1.2091279524, -99999.0, -99999.0, -99999.0, -99999.0, -99999.0, -99999.0, 19.02, -0.3, 18.72, -0.566, 0.523, -0.041, -99999.0, 211.0, -6.0, -99999.0, 125.0, 169.0, 587.0, -99999.0, -99999.0, 0.0
2856.0, 40.78068866566667, -111.94096958183333, 1291.34, 0.03, 21.0, 0.76, 107.91, 1.98626, 13880.9, -1.73693, 0.114082, -99999.0, 0.11053158981, 424.37970249, 1.9536766566, 1.2091279524, -33.281749789, -7.2379881686, 1.878289812807, 425.1224536668, -99999.0, 53.8, 19.02, -0.32, 18.71, -0.566, 0.523, -0.041, 242.0, 489.0, 137.0, 525.0, 415.0, 402.0, 205.0, -99999.0, -99999.0, 0.0
2857.0, 40.78068945916667, -111.94096965083332, 1291.206, 0.09, 21.0, 2.43, 133.71, 1.98685, 13860.4, -1.73706, 0.172801, -99999.0, 0.110531262055, 424.38166833, 1.9541799752, 1.2104339992, -33.281749789, -6.5416922359, 1.878289812807, 424.7487543907, -99999.0, -99999.0, 18.99, -0.32, 18.67, -0.566, 0.523, -0.041, 210.0, 178.0, -101.0, 400.0, 279.0, 284.0, 173.0, -99999.0, -99999.0, 0.0
2858.0, 40.78069085999999, -111.94096979883334, 1290.941, 0.07, 21.0, 2.37, 139.11, 1.98516, 13855.7, -1.93592, 0.182505, -99999.0, 0.1105309343, 424.21617798, 1.9541799752, 1.2104339992, -99999.0, -99999.0, -99999.0, -99999.0, -99999.0, 55.5, 18.98, -0.31, 18.67, -0.566, 0.523, -0.041, 602.0, 434.0, -125.0, 425.0, 154.0, 25.0, -176.0, -99999.0, -99999.0, 0.0
2859.0, 40.78069210766666, -111.9409698245, 1290.709, 0.18, 20.9, 1.52, 129.33, 1.98526, 13860.4, -1.79625, 0.207517, -99999.0, 0.11644287209, 424.22845243, 1.95419286165, 1.2134648990499999, -41.880335249, -5.8453963032, 1.895402881614, 424.75204111, -99999.0, -99999.0, 18.95, -0.31, 18.65, -0.566, 0.523, -0.041, 488.0, 278.0, 184.0, 575.0, 479.0, 42.0, 462.0, -99999.0, -99999.0, 0.0
2860.0, 40.780692632833336, -111.94096974366667, 1290.603, 0.06, 20.9, 1.91, 174.54, 1.98508, 13864.3, -1.98386, 0.219527, -99999.0, 0.11644425025, 424.3837902, 1.9542057481, 1.2164957989, -99999.0, -99999.0, -99999.0, -99999.0, -99999.0, 57.3, 18.92, -0.3, 18.62, -0.566, 0.523, -0.041, 150.0, 89.0, 570.0, 350.0, 358.0, 491.0, 556.0, -99999.0, -99999.0, 0.0
2861.0, 40.78069312033333, -111.94096971933335, 1290.508, 0.04, 20.9, 1.15, 204.01, 1.98558, 13866.1, -1.65925, 0.222053, -99999.0, 0.11175926877, 424.52685352, 1.9542057481, 1.2164957989, -41.880335249, -5.8453963032, 1.895402881614, 424.75204111, -99999.0, -99999.0, 18.96, -0.31, 18.65, -0.566, 0.523, -0.041, 314.0, 311.0, 338.0, 200.0, 257.0, -25.0, 248.0, -99999.0, -99999.0, 0.0
2862.0, 40.78069360599999, -111.94096969133334, 1290.399, 0.13, 20.9, 1.62, 223.3, 1.98593, 13871.0, -1.92326, 0.157317, -99999.0, 0.11175981969000001, 424.56409623, 1.9542269386, 1.2216018916, -41.880335249, -7.234362619200001, 1.895402881614, 425.20612889079996, -99999.0, 55.9, 18.96, -0.31, 18.64, -0.367, 0.285, -0.081, 328.0, 478.0, 131.0, -100.0, 468.0, 402.0, 250.0, -99999.0, -99999.0, 0.0
2863.0, 40.78069360716667, -111.94096965066667, 1290.408, 0.15, 20.9, 1.6, 201.68, 1.98548, 13900.0, -1.98363, 0.155476, -99999.0, 0.11176037061, 424.72418242, 1.9542269386, 1.2216018916, -99999.0, -99999.0, -99999.0, -99999.0, -99999.0, -99999.0, 18.97, -0.33, 18.64, -0.367, 0.285, -0.081, 255.0, 161.0, 362.0, 525.0, 358.0, 8.0, 72.0, -99999.0, -99999.0, 0.0
2864.0, 40.78069348533333, -111.94096954416666, 1290.424, 0.09, 20.9, 1.92, 277.76, 1.98365, 13914.9, -1.76259, 0.12295, -99999.0, 0.12150753946, 424.72906229499995, 1.954315188, 1.2205113508999998, -34.423022451, -8.6233289352, 1.88278861813, 425.1995654554, -99999.0, 54.1, 18.94, -0.31, 18.63, -0.367, 0.285, -0.081, 415.0, 228.0, 623.0, 253.0, 283.0, 55.0, 573.0, -99999.0, -99999.0, 0.0
2865.0, 40.78069333133333, -111.94096939783334, 1290.464, 0.09, 20.9, 1.97, 222.37, 1.98355, 13932.1, -2.03646, 0.17135, -99999.0, 0.12150610035, 424.63952616, 1.9544034374, 1.2194208102, -99999.0, -99999.0, -99999.0, -99999.0, -99999.0, -99999.0, 18.87, -0.32, 18.55, -0.367, 0.285, -0.081, 451.0, 167.0, 297.0, 300.0, 350.0, 415.0, 152.0, -99999.0, -99999.0, 0.0
2866.0, 40.7806935955, -111.94096939633333, 1290.398, 0.34, 20.9, 1.22, 293.51, 1.98479, 13939.3, -1.46775, 0.0792534, -99999.0, 0.1131218596, 424.54511015, 1.9544034374, 1.2194208102, -34.423022451, -8.6233289352, 1.88278861813, 425.1995654554, -99999.0, 54.0, 18.87, -0.33, 18.54, -0.367, 0.285, -0.081, 160.0, 145.0, 303.0, 175.0, 476.0, 423.0, 354.0, -99999.0, -99999.0, 0.0
2867.0, 40.78069354633333, -111.94096967916667, 1290.387, 0.21, 21.0, 3.22, 285.3, 1.98377, 13931.0, -1.84656, 0.0945624, -99999.0, 0.11312133754, 424.52622428, 1.9541134663, 1.2159386746, -34.423022451, -8.310656967, 1.88278861813, 425.0429115935, -99999.0, -99999.0, 18.89, -0.32, 18.57, -0.367, 0.285, -0.081, 378.0, 439.0, 231.0, 425.0, -25.0, 356.0, -34.0, -99999.0, -99999.0, 0.0
