arc_raw/USOS-ARL-Suite_ARC_20240718_RA.ict
71,1001
Xinrong Ren
NOAA Air Resources Lab
ARC-Suite
USOS: Utah Summer Ozone Study
1,1
2024,07,18,2024,07,18
1
StartTime_seconds, seconds, Start time in UTC seconds since midnight
38
1,1,1,1,1,1,1,1,1,1,1,1,1,1,1,1,1,1,1,1,1,1,1,1,1,1,1,1,1,1,1,1,1,1,1,1,1,1
-99999,-99999,-99999,-99999,-99999,-99999,-99999,-99999,-99999,-99999,-99999,-99999,-99999,-99999,-99999,-99999,-99999,-99999,-99999,-99999,-99999,-99999,-99999,-99999,-99999,-99999,-99999,-99999,-99999,-99999,-99999,-99999,-99999,-99999,-99999,-99999,-99999,-99999
lat_DGPS_deg, degrees, Latitude in decimal by Hemisphere VS1100 Differential GPS
lon_DGPS_deg, degrees, Longitude in decimal by Hemisphere VS1100 Differential GPS
alt_msl_m, meters, GPS Altitude MSL
speed_km_h, km/s, vehicle speed
RH, percent, relative humidity
true_WS_m_s, m/s, wind speed by 2D sonic sensor
true_WD_deg, degree, wind direction by 2D sonic sensor
CH4_aeris313_ppm, ppm, CH4 mixing ratio by Aeris
H2O_aeris313_ppm, ppm, H2O mixing ratio by Aeris
C2H6_aeris313_ppb, ppb, C2H6 mixing ratio by Aeris
r_aeris313, 1, relavence between CH4 and C2H6 by Aeris
C2C1_aeris313, 1, C2H6 to CH4 ratio by Aeris
CO_g2401m_ppm, ppm, CO mixing ratio by Picarro G2401m
CO2_g2401m_ppm, ppm, CO2 mixing ratio by Picarro G2401m
CH4_g2401m_ppm, ppm, CH4 mixing ratio by Picarro G2401m
H2O_g2401m, ppm, H2O mixing ratio by Picarro G2401m
delta13C_CH4_raw, permill, delta 13C of CH4 by Picarro G2201i
delta13C_CO2_raw, permill, delta 13C of CO2 by Picarro G2201i
CH4_g2201i_ppm, ppm, CH4 mixing ratio by Picarro G2201i
CO2_g2201i_ppm, ppm, CO2 mixing ratio by Picarro G2201i
NH3_g2301_ppb, ppb, NH3 mixing ratio by Picarro G2301
O3_2B_ppm, ppm, O3 mixing ratio by 2B
NO_G60_ppb, ppb, NO mixing ratio by G60
NO2_G60_ppb, ppb, NO2 mixing ratio by G60
NOx_G60_ppb, ppb, NOx mixing ratio by G60
NO_N500_ppb, ppb, NO mixing ratio by N500
NO2_N500_ppb, ppb, NO2 mixing ratio by N500
NOx_N500_ppb, ppb, NOx mixing ratio by N500
BC370_AE43_ng_m3, ng/m3, Black Carbon at 370 nm by AE43
BC470_AE43_ng_m3, ng/m3, Black Carbon at 470 nm by AE43
BC520_AE43_ng_m3, ng/m3, Black Carbon at 520 nm by AE43
BC590_AE43_ng_m3, ng/m3, Black Carbon at 590 nm by AE43
BC660_AE43_ng_m3, ng/m3, Black Carbon at 660 nm by AE43
BC880_AE43_ng_m3, ng/m3, Black Carbon at 880 nm by AE43
BC950_AE43_ng_m3, ng/m3, Black Carbon at 950 nm by AE43
PM25, ug/m3, PM2.5 by particle sensor
PM10, ug/m3, PM10 by particle sensor
Valve, boolian, indicator of valve conditions;0 is measurement; 10 is zeroing; 11 is spanning
1
SPECIAL COMMENTS, N/A
18
PI_CONTACT_INFO: xinrong.ren@noaa.gov, 301-683-1391, NOAA/ARL, 5830 University Research Court, College Park, MD 20740
PLATFORM: NOAA Air Resources Car
LOCATION: Salt Lake City
ASSOCIATED_DATA: N/A
INSTRUMENT_INFO: Hemisphere VS1100 differential GPS (Latitude, Longitude, GPS Altitude, speed), meteorological sensor (RH, WS, WD), 2B (O3), G60 CRDS (NO-NOx), Teledyne N500 (NO-NOx), Picarro G2401-m (CO2, CH4, CO, H2O), Picarro G2201i (CO2, CH4, d13C_CO2, d13C_CH4, H2O), Picarro 2301 (NH3), Aeris Ultra MIRA (CH4, C2H6, H2O, r, C2/C1), AE43 (Black Carbon), Partical sensor (PM2.5, PM10)
DATA_INFO: Records are reported at 1-second intervals. Hemisphere VS1100 differential GPS has 1-second ntervals. 2B O3 values are reported 2-second averages. G60 Cavity Rong Down NO-NO2-NO2 has 1-second average. Teledyne CAPS NO2 analyzer has 10-second time resolution. Picarro 2401m (CO2, CH4, CO, H2O) data has 2.5-second time resolution. Picarro 2201i (isotope) has ~5 second time resolution. Aeris Ultra MIRA has 1-second integration time. AE43 data are 10-second moving averages. Partical sensor has 10-second time resolution.
UNCERTAINTY: -99999, -99999, -99999, 15 m, -99999, -99999, -99999, -99999, 1 ppb, 100 ppm, 0.2 ppb, -99999, -99999, 5 ppb, 0.1 ppm, 1 ppb, 100 ppm, -99999, -99999, -99999, -99999, 2 ppb, 0.3 ppb, -99999, -99999, -99999, 0.05 ppb, 0.05 ppb, 0.05 ppb, 10 ng/m3, 10 ng/m3, 10 ng/m3, 10 ng/m3, 10 ng/m3, 10 ng/m3, 10 ng/m3, 10 ng/m3, 0
ULOD_FLAG: -77777
ULOD_VALUE: N/A
LLOD_FLAG: -88888
LLOD_VALUE: N/A
DM_CONTACT_INFO: Jiayang Sun; University of Maryland; jiayangs@umd.edu
PROJECT_INFO: USOS July - Aug 2024 https://deq.utah.gov/air-quality/utah-summer-ozone-study-usos
STIPULATIONS_ON_USE: Use of these data requires prior ok from PI.
OTHER_COMMENTS: N/A
REVISION: RA
RA: Preliminary Data for in-field use only.
StartTime_seconds, lat_DGPS_deg, lon_DGPS_deg, alt_msl_m, speed_km_h, RH, true_WS_m_s, true_WD_deg, CH4_aeris313_ppm, H2O_aeris313_ppm, C2H6_aeris313_ppb, r_aeris313, C2C1_aeris313, CO_g2401m_ppm, CO2_g2401m_ppm, CH4_g2401m_ppm, H2O_g2401m, delta13C_CH4_raw, delta13C_CO2_raw, CH4_g2201i_ppm, CO2_g2201i_ppm, NH3_g2301_ppb, O3_2B_ppm, NO_G60_ppb, NO2_G60_ppb, NOx_G60_ppb, NO_N500_ppb, NO2_N500_ppb, NOx_N500_ppb, BC370_AE43_ng_m3, BC470_AE43_ng_m3, BC520_AE43_ng_m3, BC590_AE43_ng_m3, BC660_AE43_ng_m3, BC880_AE43_ng_m3, BC950_AE43_ng_m3, PM25, PM10, Valve
[from data line 3138]
3138.0, 40.780698198500005, -111.94098938200001, 1286.97, 0.05, 16.4, 0.0, 0.0, -99999.0, -99999.0, -99999.0, -99999.0, -99999.0, 0.027491965097, 420.54576209, 1.9635828162, 1.1089583342, -99999.0, -99999.0, -99999.0, -99999.0, -99999.0, 77.3, 24.3, 4.22, 28.52, 0.017, -0.447, -0.43, -99999.0, -99999.0, -99999.0, -99999.0, -99999.0, -99999.0, -99999.0, 2.33, 5.3, 0.0
3139.0, 40.78069819649999, -111.94098937116665, 1286.973, 0.06, 16.4, 0.51, 246.7, -99999.0, -99999.0, -99999.0, -99999.0, -99999.0, 0.027499663928, 420.54576209, 1.9635828162, 1.1089583342, -29.845451732, -323.20417296, 1.9777377845439998, 427.1211652505, -99999.0, 76.7, 24.24, 4.26, 28.5, 0.017, -0.447, -0.43, -99999.0, -99999.0, -99999.0, -99999.0, -99999.0, -99999.0, -99999.0, -99999.0, -99999.0, 0.0
3140.0, 40.78069819066666, -111.94098937466667, 1286.975, 0.06, 16.3, 0.39, 240.31, -99999.0, -99999.0, -99999.0, -99999.0, -99999.0, 0.027499663928, 422.00412149, 1.9635828162, 1.1089583342, -29.845451732, -323.20417296, 1.9777377845439998, 427.1211652505, -99999.0, -99999.0, 24.24, 4.26, 28.5, 0.017, -0.447, -0.43, -99999.0, -99999.0, -99999.0, -99999.0, -99999.0, -99999.0, -99999.0, 3.74, 4.89, 0.0
3141.0, 40.78069812566666, -111.94098941850001, 1286.985, 0.06, 16.2, 0.62, 232.41, -99999.0, -99999.0, -99999.0, -99999.0, -99999.0, 0.0322974051, 422.00412149, 1.9635828162, 1.1089583342, -29.845451732, -319.913441095, 1.9777377845439998, 422.8757358177, -99999.0, -99999.0, 24.29, 4.25, 28.54, 0.017, -0.447, -0.43, -99999.0, -99999.0, -99999.0, -99999.0, -99999.0, -99999.0, -99999.0, 2.7, 2.7, 0.0
3142.0, 40.78069803566667, -111.94098947250001, 1286.996, 0.02, 16.1, 0.73, 233.31, -99999.0, -99999.0, -99999.0, -99999.0, -99999.0, 0.032298991998, 421.999345, 1.96377539, 1.1124608527, -99999.0, -99999.0, -99999.0, -99999.0, -99999.0, 75.4, 24.29, 4.25, 28.54, 0.017, -0.447, -0.43, -99999.0, -99999.0, -99999.0, -99999.0, -99999.0, -99999.0, -99999.0, -99999.0, -99999.0, 0.0
3143.0, 40.78069794616667, -111.94098952616666, 1287.008, 0.09, 16.1, 0.37, 243.71, -99999.0, -99999.0, -99999.0, -99999.0, -99999.0, 0.032300578896, 422.88778859, 1.96377539, 1.1124608527, -20.422094244, -316.62270923, 1.949121408255, 422.891254577, -99999.0, 76.1, 24.35, 4.26, 28.61, 0.017, -0.447, -0.43, -99999.0, -99999.0, -99999.0, -99999.0, -99999.0, -99999.0, -99999.0, 2.67, 3.82, 0.0
3144.0, 40.78069785983333, -111.94098957566666, 1287.018, 0.06, 16.0, 0.53, 250.2, -99999.0, -99999.0, -99999.0, -99999.0, -99999.0, 0.024871114488, 422.88778859, 1.96377539, 1.1124608527, -20.422094244, -316.62270923, 1.949121408255, 422.891254577, -99999.0, -99999.0, 24.35, 4.26, 28.61, 0.017, -0.447, -0.43, -99999.0, -99999.0, -99999.0, -99999.0, -99999.0, -99999.0, -99999.0, 2.44, 2.44, 0.0
3145.0, 40.78069777966667, -111.94098961216666, 1287.029, 0.12, 16.0, 0.45, 310.8, -99999.0, -99999.0, -99999.0, -99999.0, -99999.0, 0.024869921147, 422.87301476, 1.9634503147, 1.1045068824, -20.422094244, -317.73895693, 1.949121408255, 425.3963323017, -99999.0, -99999.0, 24.27, 4.27, 28.54, 0.017, -0.447, -0.43, -99999.0, -99999.0, -99999.0, -99999.0, -99999.0, -99999.0, -99999.0, 3.49, 3.49, 0.0
3146.0, 40.780697673166664, -111.94098962516667, 1287.041, 0.15, 16.0, 0.0, 0.0, -99999.0, -99999.0, -99999.0, -99999.0, -99999.0, 0.024868727806, 422.31502912, 1.9634503147, 1.1045068824, -99999.0, -99999.0, -99999.0, -99999.0, -99999.0, 76.4, 24.27, 4.27, 28.54, 0.017, -0.447, -0.43, -99999.0, -99999.0, -99999.0, -99999.0, -99999.0, -99999.0, -99999.0, -99999.0, -99999.0, 0.0
3147.0, 40.78069758, -111.94098965066665, 1287.058, 0.13, 16.0, 0.41, 257.1, -99999.0, -99999.0, -99999.0, -99999.0, -99999.0, 0.025025876931, 422.31502912, 1.9634503147, 1.1045068824, -32.846987675, -318.85520463, 1.958778044904, 425.3910369413, -99999.0, 75.2, 24.3, 4.25, 28.55, 0.017, -0.447, -0.43, -99999.0, -99999.0, -99999.0, -99999.0, -99999.0, -99999.0, -99999.0, 3.17, 5.07, 0.0
3148.0, 40.780697481999994, -111.94098969116666, 1287.072, 0.06, 15.9, 0.28, 274.61, -99999.0, -99999.0, -99999.0, -99999.0, -99999.0, 0.025024053333, 422.31188539, 1.9647891278, 1.1115119856, -32.846987675, -318.85520463, 1.958778044904, 425.3910369413, -99999.0, -99999.0, 24.32, 4.26, 28.57, 0.017, -0.447, -0.43, -99999.0, -99999.0, -99999.0, -99999.0, -99999.0, -99999.0, -99999.0, 2.85, 4.38, 0.0
3149.0, 40.780697366333335, -111.94098971516665, 1287.091, 0.06, 15.9, 0.72, 244.41, -99999.0, -99999.0, -99999.0, -99999.0, -99999.0, 0.025022229735, 421.45749017, 1.9647891278, 1.1115119856, -32.846987675, -320.757325545, 1.958778044904, 426.72371526970005, -99999.0, -99999.0, 24.32, 4.26, 28.57, 0.017, -0.447, -0.43, -99999.0, -99999.0, -99999.0, -99999.0, -99999.0, -99999.0, -99999.0, -99999.0, -99999.0, 0.0
3150.0, 40.78069730533334, -111.940989753, 1287.1, 0.09, 15.9, 0.43, 238.81, -99999.0, -99999.0, -99999.0, -99999.0, -99999.0, 0.02813038965, 421.45749017, 1.9647891278, 1.1115119856, -99999.0, -99999.0, -99999.0, -99999.0, -99999.0, 75.2, 24.31, 4.26, 28.57, 0.017, -0.447, -0.43, -99999.0, -99999.0, -99999.0, -99999.0, -99999.0, -99999.0, -99999.0, 2.97, 3.55, 0.0
3151.0, 40.78069721983334, -111.94098976033335, 1287.11, 0.05, 15.9, 0.95, 231.71, -99999.0, -99999.0, -99999.0, -99999.0, -99999.0, 0.0281306895725, 421.49668754, 1.9643198252, 1.116358048, -20.988112112, -322.65944646, 1.946807811947, 426.71466334940004, -99999.0, 74.6, 24.3, 4.26, 28.56, 0.017, -0.447, -0.43, -99999.0, -99999.0, -99999.0, -99999.0, -99999.0, -99999.0, -99999.0, 3.26, 3.26, 0.0
3152.0, 40.780697154500004, -111.94098980116665, 1287.121, 0.04, 15.9, 0.75, 248.81, -99999.0, -99999.0, -99999.0, -99999.0, -99999.0, 0.028130989495, 421.66556581, 1.9643198252, 1.116358048, -20.988112112, -322.65944646, 1.946807811947, 426.71466334940004, -99999.0, -99999.0, 24.31, 4.25, 28.55, 0.017, -0.447, -0.43, -99999.0, -99999.0, -99999.0, -99999.0, -99999.0, -99999.0, -99999.0, 2.76, 3.34, 0.0
3153.0, 40.780697084833335, -111.94098980566666, 1287.133, 0.1, 15.9, 0.83, 253.02, -99999.0, -99999.0, -99999.0, -99999.0, -99999.0, 0.036500773281, 421.66556581, 1.9643198252, 1.116358048, -20.988112112, -318.55323795000004, 1.946807811947, 422.7416983828, -99999.0, -99999.0, 24.3, 4.25, 28.55, 0.017, -0.447, -0.43, -99999.0, -99999.0, -99999.0, -99999.0, -99999.0, -99999.0, -99999.0, -99999.0, -99999.0, 0.0
3154.0, 40.780696995, -111.94098982566666, 1287.14, 0.07, 15.9, 0.83, 245.32, -99999.0, -99999.0, -99999.0, -99999.0, -99999.0, 0.0365003578185, 421.65897698, 1.9647594227, 1.1095210707, -99999.0, -99999.0, -99999.0, -99999.0, -99999.0, 72.4, 24.31, 4.26, 28.57, 0.017, -0.447, -0.43, -99999.0, -99999.0, -99999.0, -99999.0, -99999.0, -99999.0, -99999.0, 2.29, 2.29, 0.0
3155.0, 40.780696897666665, -111.940989846, 1287.15, 0.21, 15.9, 1.04, 241.42, -99999.0, -99999.0, -99999.0, -99999.0, -99999.0, 0.036499942356, 421.46670894, 1.9647594227, 1.1095210707, -30.52846832, -314.44702944, 1.9548568056359998, 422.7610564161, -99999.0, 71.3, 24.27, 4.25, 28.52, 0.017, -0.447, -0.43, -99999.0, -99999.0, -99999.0, -99999.0, -99999.0, -99999.0, -99999.0, 2.6, 3.18, 0.0
3156.0, 40.780696803000005, -111.94098986866666, 1287.161, 0.08, 15.8, 0.52, 271.01, -99999.0, -99999.0, -99999.0, -99999.0, -99999.0, 0.024585369071, 421.46670894, 1.9647594227, 1.1095210707, -30.52846832, -314.44702944, 1.9548568056359998, 422.7610564161, -99999.0, -99999.0, 24.22, 4.26, 28.47, 0.017, -0.447, -0.43, -99999.0, -99999.0, -99999.0, -99999.0, -99999.0, -99999.0, -99999.0, -99999.0, -99999.0, 0.0
3157.0, 40.7806966985, -111.94098989083335, 1287.173, 0.09, 15.8, 0.47, 261.02, -99999.0, -99999.0, -99999.0, -99999.0, -99999.0, 0.024584760014, 421.44377838, 1.9683338429, 1.1094238592, -30.52846832, -317.153981355, 1.9548568056359998, 425.7538977378, -99999.0, -99999.0, 24.24, 4.24, 28.48, 0.017, -0.447, -0.43, -99999.0, -99999.0, -99999.0, -99999.0, -99999.0, -99999.0, -99999.0, 3.03, 4.49, 0.0
3158.0, 40.78069663000001, -111.94098990016667, 1287.181, 0.12, 15.8, 0.0, 0.0, -99999.0, -99999.0, -99999.0, -99999.0, -99999.0, 0.024584150957, 421.19764431, 1.9683338429, 1.1094238592, -99999.0, -99999.0, -99999.0, -99999.0, -99999.0, 72.5, 24.26, 4.24, 28.5, 0.017, -0.447, -0.43, -99999.0, -99999.0, -99999.0, -99999.0, -99999.0, -99999.0, -99999.0, 2.82, 3.4, 0.0
3159.0, 40.780696577499995, -111.940989948, 1287.19, 0.06, 15.8, 0.25, 31.72, -99999.0, -99999.0, -99999.0, -99999.0, -99999.0, 0.038644066162, 421.19764431, 1.9683338429, 1.1094238592, -21.557255332, -319.86093327, 1.9352047451219998, 425.7410455358, -99999.0, 73.2, 24.28, 4.24, 28.52, 0.017, -0.447, -0.43, -99999.0, -99999.0, -99999.0, -99999.0, -99999.0, -99999.0, -99999.0, 2.25, 2.25, 0.0
3160.0, 40.78069654783333, -111.94098997983335, 1287.194, 0.13, 15.8, 0.0, 0.0, -99999.0, -99999.0, -99999.0, -99999.0, -99999.0, 0.038645049604000004, 421.20108936, 1.9665120264, 1.1105634181, -21.557255332, -319.86093327, 1.9352047451219998, 426.13349549500003, -99999.0, -99999.0, 24.28, 4.22, 28.49, 0.017, -0.447, -0.43, -99999.0, -99999.0, -99999.0, -99999.0, -99999.0, -99999.0, -99999.0, 3.13, 4.66, 0.0
3161.0, 40.78069650849999, -111.94099000733334, 1287.201, 0.06, 15.8, 0.0, 0.0, -99999.0, -99999.0, -99999.0, -99999.0, -99999.0, 0.038646033046, 421.6296531, 1.9665120264, 1.1105634181, -21.557255332, -321.12190943, 1.9352047451219998, 426.5199474908, -99999.0, -99999.0, 24.27, 4.21, 28.48, 0.017, -0.447, -0.43, -99999.0, -99999.0, -99999.0, -99999.0, -99999.0, -99999.0, -99999.0, -99999.0, -99999.0, 0.0
3162.0, 40.7806964555, -111.94099002533333, 1287.213, 0.03, 15.8, 0.28, 279.22, -99999.0, -99999.0, -99999.0, -99999.0, -99999.0, 0.033765298249, 421.6296531, 1.9665120264, 1.1105634181, -24.509679119, -321.12190943, 1.957310800452, 426.5199474908, -99999.0, 72.9, 24.26, 4.22, 28.48, 0.017, -0.447, -0.43, -99999.0, -99999.0, -99999.0, -99999.0, -99999.0, -99999.0, -99999.0, 3.31, 5.72, 0.0
3163.0, 40.780696435833335, -111.94099004966665, 1287.223, 0.09, 15.9, 0.0, 0.0, -99999.0, -99999.0, -99999.0, -99999.0, -99999.0, 0.033765298249, 421.6235046, 1.9657307878, 1.1075655708, -99999.0, -99999.0, -99999.0, -99999.0, -99999.0, 74.8, 24.26, 4.21, 28.47, 0.017, -0.447, -0.43, -99999.0, -99999.0, -99999.0, -99999.0, -99999.0, -99999.0, -99999.0, 2.07, 2.07, 0.0
3164.0, 40.78069641133334, -111.94099007366667, 1287.228, 0.11, 16.0, 0.39, 73.53, -99999.0, -99999.0, -99999.0, -99999.0, -99999.0, 0.033764634568, 421.525514855, 1.9657307878, 1.1075655708, -24.509679119, -321.12190943, 1.957310800452, 427.17333651505, -99999.0, -99999.0, 24.31, 4.21, 28.51, 0.017, -0.447, -0.43, -99999.0, -99999.0, -99999.0, -99999.0, -99999.0, -99999.0, -99999.0, 2.48, 4.01, 0.0
3165.0, 40.78069637566667, -111.94099009216667, 1287.234, 0.04, 16.0, 0.35, 100.03, -99999.0, -99999.0, -99999.0, -99999.0, -99999.0, 0.026679112982, 421.42752511, 1.9657307878, 1.1075655708, -24.509679119, -324.47611326, 1.957310800452, 427.8107220403, -99999.0, -99999.0, 24.34, 4.2, 28.54, 0.017, -0.447, -0.43, -99999.0, -99999.0, -99999.0, -99999.0, -99999.0, -99999.0, -99999.0, -99999.0, -99999.0, 0.0
3166.0, 40.780696365333334, -111.94099010483333, 1287.237, 0.16, 16.1, 0.0, 0.0, -99999.0, -99999.0, -99999.0, -99999.0, -99999.0, 0.026679112982, 421.38018132, 1.9631709415, 1.0962472517, -28.42357618, -324.47611326, 1.9550833808460002, 427.8107220403, -99999.0, 76.5, 24.36, 4.22, 28.58, 0.017, -0.447, -0.43, -99999.0, -99999.0, -99999.0, -99999.0, -99999.0, -99999.0, -99999.0, 2.39, 2.97, 0.0
3167.0, 40.78069636583333, -111.94099013216668, 1287.236, 0.03, 16.1, 0.0, 0.0, -99999.0, -99999.0, -99999.0, -99999.0, -99999.0, 0.026682417314, 421.75751493, 1.9631709415, 1.0962472517, -99999.0, -99999.0, -99999.0, -99999.0, -99999.0, 75.1, 24.36, 4.22, 28.58, 0.017, -0.447, -0.43, -99999.0, -99999.0, -99999.0, -99999.0, -99999.0, -99999.0, -99999.0, 2.26, 2.26, 0.0
3168.0, 40.780696383333336, -111.94099019033335, 1287.235, 0.07, 16.2, 0.56, 219.21, -99999.0, -99999.0, -99999.0, -99999.0, -99999.0, 0.028464087297, 422.13484854, 1.9631709415, 1.0962472517, -28.42357618, -324.47611326, 1.9550833808460002, 426.44013133825, -99999.0, -99999.0, 24.36, 4.2, 28.56, 0.017, -0.447, -0.43, -99999.0, -99999.0, -99999.0, -99999.0, -99999.0, -99999.0, -99999.0, -99999.0, -99999.0, 0.0
3169.0, 40.780696385333336, -111.94099021983332, 1287.237, 0.02, 16.2, 0.33, 206.71, -99999.0, -99999.0, -99999.0, -99999.0, -99999.0, 0.028464087297, 422.08773875, 1.9644248674, 1.0933396854, -28.42357618, -318.41307842, 1.9550833808460002, 425.0982830926, -99999.0, -99999.0, 24.34, 4.21, 28.55, 0.017, -0.447, -0.43, -99999.0, -99999.0, -99999.0, -99999.0, -99999.0, -99999.0, -99999.0, 2.87, 6.89, 0.0
3170.0, 40.780696398, -111.94099024849999, 1287.238, 0.04, 16.3, 0.36, 142.31, -99999.0, -99999.0, -99999.0, -99999.0, -99999.0, 0.028457728819, 421.41357265, 1.9644248674, 1.0933396854, -26.350159316, -318.41307842, 1.933425085556, 425.0982830926, -99999.0, 74.4, 24.32, 4.2, 28.52, 0.229, -0.447, -0.217, -99999.0, -99999.0, -99999.0, -99999.0, -99999.0, -99999.0, -99999.0, 2.51, 7.78, 0.0
3171.0, 40.78069639983333, -111.94099030366667, 1287.239, 0.14, 16.3, 0.0, 0.0, -99999.0, -99999.0, -99999.0, -99999.0, -99999.0, 0.028918684492, 420.73940655, 1.9644248674, 1.0933396854, -99999.0, -99999.0, -99999.0, -99999.0, -99999.0, 75.3, 24.33, 4.22, 28.56, 0.229, -0.447, -0.217, -99999.0, -99999.0, -99999.0, -99999.0, -99999.0, -99999.0, -99999.0, 2.83, 2.83, 0.0
3172.0, 40.780696397166665, -111.94099034616666, 1287.241, 0.12, 16.3, 0.39, 221.31, -99999.0, -99999.0, -99999.0, -99999.0, -99999.0, 0.028918684492, 420.71406612, 1.9635298812, 1.0885706776, -26.350159316, -318.41307842, 1.933425085556, 424.0838836515, -99999.0, -99999.0, 24.3, 4.21, 28.51, 0.229, -0.447, -0.217, -99999.0, -99999.0, -99999.0, -99999.0, -99999.0, -99999.0, -99999.0, -99999.0, -99999.0, 0.0
3173.0, 40.78069641183333, -111.94099039449999, 1287.24, 0.16, 16.3, 0.48, 233.4, -99999.0, -99999.0, -99999.0, -99999.0, -99999.0, 0.028919775327, 420.787356705, 1.9635298812, 1.0885706776, -26.350159316, -317.40445462, 1.933425085556, 423.0742428781, -99999.0, -99999.0, 24.29, 4.2, 28.49, 0.229, -0.447, -0.217, -99999.0, -99999.0, -99999.0, -99999.0, -99999.0, -99999.0, -99999.0, 2.51, 2.51, 0.0
3174.0, 40.7806964435, -111.94099042283332, 1287.232, 0.14, 16.3, 0.64, 228.39, -99999.0, -99999.0, -99999.0, -99999.0, -99999.0, 0.026097679709, 420.86064729, 1.9635298812, 1.0885706776, -24.969093951, -317.40445462, 1.956199940901, 423.0742428781, -99999.0, 74.9, 24.27, 4.21, 28.48, 0.229, -0.447, -0.217, -99999.0, -99999.0, -99999.0, -99999.0, -99999.0, -99999.0, -99999.0, 2.26, 2.26, 0.0
3175.0, 40.780696461, -111.94099046966667, 1287.233, 0.14, 16.2, 0.41, 248.09, -99999.0, -99999.0, -99999.0, -99999.0, -99999.0, 0.026097679709, 420.83420589, 1.9643959055, 1.0853312013, -99999.0, -99999.0, -99999.0, -99999.0, -99999.0, 73.9, 24.36, 4.21, 28.57, 0.229, -0.447, -0.217, -99999.0, -99999.0, -99999.0, -99999.0, -99999.0, -99999.0, -99999.0, -99999.0, -99999.0, 0.0
3176.0, 40.7806964975, -111.94099051233334, 1287.227, 0.09, 16.2, 0.49, 239.48, -99999.0, -99999.0, -99999.0, -99999.0, -99999.0, 0.02610614225, 420.83420589, 1.9643959055, 1.0853312013, -24.969093951, -317.40445462, 1.956199940901, 424.1688675628, -99999.0, -99999.0, 24.35, 4.22, 28.57, 0.229, -0.447, -0.217, -99999.0, -99999.0, -99999.0, -99999.0, -99999.0, -99999.0, -99999.0, 3.08, 4.61, 0.0
3177.0, 40.780696511500004, -111.9409905635, 1287.223, 0.12, 16.0, 0.32, 248.78, -99999.0, -99999.0, -99999.0, -99999.0, -99999.0, 0.0356524976875, 422.68628865, 1.9643959055, 1.0853312013, -24.969093951, -318.43424709, 1.956199940901, 425.2586085653, -99999.0, -99999.0, 24.35, 4.23, 28.59, 0.229, -0.447, -0.217, -99999.0, -99999.0, -99999.0, -99999.0, -99999.0, -99999.0, -99999.0, 2.95, 2.95, 0.0
