arc_raw/USOS-ARL-Suite_ARC_20240722_RA.ict
71,1001
Xinrong Ren
NOAA Air Resources Lab
ARC-Suite
USOS: Utah Summer Ozone Study
1,1
2024,07,22,2024,07,22
1
StartTime_seconds, seconds, Start time in UTC seconds since midnight
38
1,1,1,1,1,1,1,1,1,1,1,1,1,1,1,1,1,1,1,1,1,1,1,1,1,1,1,1,1,1,1,1,1,1,1,1,1,1
-99999,-99999,-99999,-99999,-99999,-99999,-99999,-99999,-99999,-99999,-99999,-99999,-99999,-99999,-99999,-99999,-99999,-99999,-99999,-99999,-99999,-99999,-99999,-99999,-99999,-99999,-99999,-99999,-99999,-99999,-99999,-99999,-99999,-99999,-99999,-99999,-99999,-99999
lat_DGPS_deg, degrees, Latitude in decimal by Hemisphere VS1100 Differential GPS
lon_DGPS_deg, degrees, Longitude in decimal by Hemisphere VS1100 Differential GPS
alt_msl_m, meters, GPS Altitude MSL
speed_km_h, km/s, vehicle speed
RH, percent, relative humidity
true_WS_m_s, m/s, wind speed by 2D sonic sensor
true_WD_deg, degree, wind direction by 2D sonic sensor
CH4_aeris313_ppm, ppm, CH4 mixing ratio by Aeris
H2O_aeris313_ppm, ppm, H2O mixing ratio by Aeris
C2H6_aeris313_ppb, ppb, C2H6 mixing ratio by Aeris
r_aeris313, 1, relavence between CH4 and C2H6 by Aeris
C2C1_aeris313, 1, C2H6 to CH4 ratio by Aeris
CO_g2401m_ppm, ppm, CO mixing ratio by Picarro G2401m
CO2_g2401m_ppm, ppm, CO2 mixing ratio by Picarro G2401m
CH4_g2401m_ppm, ppm, CH4 mixing ratio by Picarro G2401m
H2O_g2401m, ppm, H2O mixing ratio by Picarro G2401m
delta13C_CH4_raw, permill, delta 13C of CH4 by Picarro G2201i
delta13C_CO2_raw, permill, delta 13C of CO2 by Picarro G2201i
CH4_g2201i_ppm, ppm, CH4 mixing ratio by Picarro G2201i
CO2_g2201i_ppm, ppm, CO2 mixing ratio by Picarro G2201i
NH3_g2301_ppb, ppb, NH3 mixing ratio by Picarro G2301
O3_2B_ppm, ppm, O3 mixing ratio by 2B
NO_G60_ppb, ppb, NO mixing ratio by G60
NO2_G60_ppb, ppb, NO2 mixing ratio by G60
NOx_G60_ppb, ppb, NOx mixing ratio by G60
NO_N500_ppb, ppb, NO mixing ratio by N500
NO2_N500_ppb, ppb, NO2 mixing ratio by N500
NOx_N500_ppb, ppb, NOx mixing ratio by N500
BC370_AE43_ng_m3, ng/m3, Black Carbon at 370 nm by AE43
BC470_AE43_ng_m3, ng/m3, Black Carbon at 470 nm by AE43
BC520_AE43_ng_m3, ng/m3, Black Carbon at 520 nm by AE43
BC590_AE43_ng_m3, ng/m3, Black Carbon at 590 nm by AE43
BC660_AE43_ng_m3, ng/m3, Black Carbon at 660 nm by AE43
BC880_AE43_ng_m3, ng/m3, Black Carbon at 880 nm by AE43
BC950_AE43_ng_m3, ng/m3, Black Carbon at 950 nm by AE43
PM25, ug/m3, PM2.5 by particle sensor
PM10, ug/m3, PM10 by particle sensor
Valve, boolian, indicator of valve conditions;0 is measurement; 10 is zeroing; 11 is spanning
1
SPECIAL COMMENTS, N/A
18
PI_CONTACT_INFO: xinrong.ren@noaa.gov, 301-683-1391, NOAA/ARL, 5830 University Research Court, College Park, MD 20740
PLATFORM: NOAA Air Resources Car
LOCATION: Salt Lake City
ASSOCIATED_DATA: N/A
INSTRUMENT_INFO: Hemisphere VS1100 differential GPS (Latitude, Longitude, GPS Altitude, speed), meteorological sensor (RH, WS, WD), 2B (O3), G60 CRDS (NO-NOx), Teledyne N500 (NO-NOx), Picarro G2401-m (CO2, CH4, CO, H2O), Picarro G2201i (CO2, CH4, d13C_CO2, d13C_CH4, H2O), Picarro 2301 (NH3), Aeris Ultra MIRA (CH4, C2H6, H2O, r, C2/C1), AE43 (Black Carbon), Partical sensor (PM2.5, PM10)
DATA_INFO: Records are reported at 1-second intervals. Hemisphere VS1100 differential GPS has 1-second ntervals. 2B O3 values are reported 2-second averages. G60 Cavity Rong Down NO-NO2-NO2 has 1-second average. Teledyne CAPS NO2 analyzer has 10-second time resolution. Picarro 2401m (CO2, CH4, CO, H2O) data has 2.5-second time resolution. Picarro 2201i (isotope) has ~5 second time resolution. Aeris Ultra MIRA has 1-second integration time. AE43 data are 10-second moving averages. Partical sensor has 10-second time resolution.
UNCERTAINTY: -99999, -99999, -99999, 15 m, -99999, -99999, -99999, -99999, 1 ppb, 100 ppm, 0.2 ppb, -99999, -99999, 5 ppb, 0.1 ppm, 1 ppb, 100 ppm, -99999, -99999, -99999, -99999, 2 ppb, 0.3 ppb, -99999, -99999, -99999, 0.05 ppb, 0.05 ppb, 0.05 ppb, 10 ng/m3, 10 ng/m3, 10 ng/m3, 10 ng/m3, 10 ng/m3, 10 ng/m3, 10 ng/m3, 10 ng/m3, 0
ULOD_FLAG: -77777
ULOD_VALUE: N/A
LLOD_FLAG: -88888
LLOD_VALUE: N/A
DM_CONTACT_INFO: Jiayang Sun; University of Maryland; jiayangs@umd.edu
PROJECT_INFO: USOS July - Aug 2024 https://deq.utah.gov/air-quality/utah-summer-ozone-study-usos
STIPULATIONS_ON_USE: Use of these data requires prior ok from PI.
OTHER_COMMENTS: N/A
REVISION: RA
RA: Preliminary Data for in-field use only.
StartTime_seconds, lat_DGPS_deg, lon_DGPS_deg, alt_msl_m, speed_km_h, RH, true_WS_m_s, true_WD_deg, CH4_aeris313_ppm, H2O_aeris313_ppm, C2H6_aeris313_ppb, r_aeris313, C2C1_aeris313, CO_g2401m_ppm, CO2_g2401m_ppm, CH4_g2401m_ppm, H2O_g2401m, delta13C_CH4_raw, delta13C_CO2_raw, CH4_g2201i_ppm, CO2_g2201i_ppm, NH3_g2301_ppb, O3_2B_ppm, NO_G60_ppb, NO2_G60_ppb, NOx_G60_ppb, NO_N500_ppb, NO2_N500_ppb, NOx_N500_ppb, BC370_AE43_ng_m3, BC470_AE43_ng_m3, BC520_AE43_ng_m3, BC590_AE43_ng_m3, BC660_AE43_ng_m3, BC880_AE43_ng_m3, BC950_AE43_ng_m3, PM25, PM10, Valve
[from data line 2373]
2373.0, 40.78069696416667, -111.9409965915, 1287.178, 0.1, 14.4, 0.72, 154.17, -99999.0, -99999.0, -99999.0, -99999.0, -99999.0, -99999.0, -99999.0, -99999.0, -99999.0, -99999.0, -99999.0, -99999.0, -99999.0, -99999.0, -99999.0, 27.18, 0.43, 27.61, -1.156, -0.32, -1.477, 395.0, 262.0, 530.0, 413.0, 468.0, 665.0, 377.0, 5.34, 6.8, 0.0
2374.0, 40.7806968395, -111.94099671049999, 1287.214, 0.12, 14.4, 0.47, 172.66, -99999.0, -99999.0, -99999.0, -99999.0, -99999.0, -99999.0, -99999.0, -99999.0, -99999.0, -99999.0, -99999.0, -99999.0, -99999.0, -99999.0, 62.4, 27.15, 0.46, 27.61, -1.156, -0.32, -1.477, 388.0, 342.0, 464.0, 169.0, 614.0, 731.0, 407.0, 6.26, 6.84, 0.0
2375.0, 40.780696796, -111.94099688516665, 1287.249, 0.12, 14.4, 0.9, 147.87, -99999.0, -99999.0, -99999.0, -99999.0, -99999.0, -99999.0, -99999.0, -99999.0, -99999.0, -99999.0, -99999.0, -99999.0, -99999.0, -99999.0, -99999.0, 27.15, 0.46, 27.61, -1.016, -0.484, -1.5, 489.0, 164.0, 272.0, 680.0, 392.0, 27.0, 491.0, 5.93, 5.93, 0.0
2376.0, 40.780696764, -111.94099702016668, 1287.279, 0.02, 14.4, 1.84, 157.18, -99999.0, -99999.0, -99999.0, -99999.0, -99999.0, -99999.0, -99999.0, -99999.0, -99999.0, -99999.0, -99999.0, -99999.0, -99999.0, -99999.0, 64.0, 27.17, 0.49, 27.66, -1.016, -0.484, -1.5, 225.0, 703.0, 474.0, 411.0, -38.0, 479.0, -64.0, 5.58, 5.58, 0.0
2377.0, 40.78069667816667, -111.94099711733334, 1287.312, 0.02, 14.4, 1.64, 175.46, -99999.0, -99999.0, -99999.0, -99999.0, -99999.0, -99999.0, -99999.0, -99999.0, -99999.0, -99999.0, -99999.0, -99999.0, -99999.0, -99999.0, -99999.0, 27.17, 0.49, 27.66, -1.016, -0.484, -1.5, 411.0, 291.0, 388.0, 583.0, 475.0, 325.0, 267.0, 6.0, 6.0, 0.0
2378.0, 40.78069662716667, -111.94099720650001, 1287.339, 0.05, 14.4, 1.24, 164.57, -99999.0, -99999.0, -99999.0, -99999.0, -99999.0, -99999.0, -99999.0, -99999.0, -99999.0, -99999.0, -99999.0, -99999.0, -99999.0, -99999.0, 62.2, 27.13, 0.52, 27.65, -1.016, -0.484, -1.5, 551.0, 455.0, 494.0, 352.0, 532.0, -217.0, 1021.0, 5.71, 5.71, 0.0
2379.0, 40.78069660283333, -111.94099730516668, 1287.366, 0.08, 14.4, 1.04, 161.77, -99999.0, -99999.0, -99999.0, -99999.0, -99999.0, -99999.0, -99999.0, -99999.0, -99999.0, -99999.0, -99999.0, -99999.0, -99999.0, -99999.0, -99999.0, 27.13, 0.52, 27.65, -1.016, -0.484, -1.5, 527.0, 427.0, 746.0, 352.0, 146.0, 425.0, 441.0, 6.25, 6.25, 0.0
2380.0, 40.78069655816666, -111.9409973855, 1287.394, 0.16, 14.4, 0.89, 198.36, -99999.0, -99999.0, -99999.0, -99999.0, -99999.0, -99999.0, -99999.0, -99999.0, -99999.0, -99999.0, -99999.0, -99999.0, -99999.0, -99999.0, 59.3, 27.13, 0.52, 27.65, -1.016, -0.484, -1.5, 481.0, 277.0, 444.0, 398.0, 468.0, 213.0, 470.0, 6.21, 6.21, 0.0
2381.0, 40.780696510333335, -111.94099748283334, 1287.425, 0.07, 14.4, 0.8, 198.36, -99999.0, -99999.0, -99999.0, -99999.0, -99999.0, -99999.0, -99999.0, -99999.0, -99999.0, -99999.0, -99999.0, -99999.0, -99999.0, -99999.0, -99999.0, 27.16, 0.51, 27.67, -1.016, -0.484, -1.5, 434.0, 427.0, 76.0, 329.0, 798.0, 85.0, 403.0, 5.36, 5.94, 0.0
2382.0, 40.78069650966667, -111.94099757133333, 1287.446, 0.1, 14.4, 0.53, 183.88, -99999.0, -99999.0, -99999.0, -99999.0, -99999.0, -99999.0, -99999.0, -99999.0, -99999.0, -99999.0, -99999.0, -99999.0, -99999.0, -99999.0, 58.1, 27.17, 0.51, 27.68, -1.016, -0.484, -1.5, 752.0, 567.0, 187.0, 300.0, 272.0, 228.0, 513.0, 5.83, 5.83, 0.0
2383.0, 40.780696498, -111.94099765283333, 1287.471, 0.11, 14.4, 0.6, 157.58, -99999.0, -99999.0, -99999.0, -99999.0, -99999.0, -99999.0, -99999.0, -99999.0, -99999.0, -99999.0, -99999.0, -99999.0, -99999.0, -99999.0, -99999.0, 27.25, 0.49, 27.74, -1.016, -0.484, -1.5, 450.0, 370.0, 474.0, 341.0, 291.0, 530.0, 254.0, 5.51, 5.51, 0.0
2384.0, 40.780696539666664, -111.94099765383335, 1287.48, 0.09, 14.3, 0.32, 85.88, -99999.0, -99999.0, -99999.0, -99999.0, -99999.0, -99999.0, -99999.0, -99999.0, -99999.0, -99999.0, -99999.0, -99999.0, -99999.0, -99999.0, 58.4, 27.25, 0.49, 27.74, -1.016, -0.484, -1.5, 783.0, 469.0, 141.0, 280.0, 601.0, 66.0, 474.0, 5.45, 6.6, 0.0
2385.0, 40.7806966195, -111.9409975725, 1287.477, 0.1, 14.3, 0.68, 124.8, -99999.0, -99999.0, -99999.0, -99999.0, -99999.0, -99999.0, -99999.0, -99999.0, -99999.0, -99999.0, -99999.0, -99999.0, -99999.0, -99999.0, -99999.0, 27.23, 0.51, 27.74, -1.016, -0.484, -1.5, 388.0, 647.0, 676.0, -99999.0, 367.0, 723.0, 521.0, 5.43, 8.71, 0.0
2386.0, 40.780696687500004, -111.94099750533333, 1287.468, 0.05, 14.3, 0.3, 59.58, -99999.0, -99999.0, -99999.0, -99999.0, -99999.0, -99999.0, -99999.0, -99999.0, -99999.0, -99999.0, -99999.0, -99999.0, -99999.0, -99999.0, 60.4, 27.22, 0.51, 27.73, -1.016, -0.484, -1.5, 427.0, 248.0, 257.0, 131.0, 101.0, 433.0, -165.0, 5.39, 5.39, 0.0
2387.0, 40.78069674783334, -111.94099743883335, 1287.464, 0.04, 14.3, 0.0, 0.0, -99999.0, -99999.0, -99999.0, -99999.0, -99999.0, -99999.0, -99999.0, -99999.0, -99999.0, -99999.0, -99999.0, -99999.0, -99999.0, -99999.0, -99999.0, 27.22, 0.51, 27.73, -1.016, -0.484, -1.5, 364.0, 455.0, 308.0, 200.0, 234.0, 255.0, 284.0, 5.5, 6.08, 0.0
2388.0, 40.78069685366666, -111.94099733399999, 1287.454, 0.1, 14.2, 0.0, 0.0, -99999.0, -99999.0, -99999.0, -99999.0, -99999.0, -99999.0, -99999.0, -99999.0, -99999.0, -99999.0, -99999.0, -99999.0, -99999.0, -99999.0, 61.8, 27.25, 0.52, 27.77, -1.016, -0.484, -1.5, 651.0, 277.0, 25.0, 339.0, 525.0, 259.0, 470.0, 6.15, 7.1, 0.0
2389.0, 40.780696940999995, -111.94099723783332, 1287.44, 0.1, 14.2, 0.0, 0.0, -99999.0, -99999.0, -99999.0, -99999.0, -99999.0, -99999.0, -99999.0, -99999.0, -99999.0, -99999.0, -99999.0, -99999.0, -99999.0, -99999.0, -99999.0, 27.25, 0.53, 27.78, -1.016, -0.484, -1.5, 396.0, 506.0, 646.0, 252.0, 89.0, -31.0, -203.0, 5.48, 5.48, 0.0
2390.0, 40.78069700616666, -111.94099712999999, 1287.428, 0.1, 14.2, 0.43, 209.41, -99999.0, -99999.0, -99999.0, -99999.0, -99999.0, -99999.0, -99999.0, -99999.0, -99999.0, -99999.0, -99999.0, -99999.0, -99999.0, -99999.0, 62.0, 27.27, 0.52, 27.79, -1.016, -0.484, -1.5, 333.0, 361.0, 595.0, 423.0, 190.0, 572.0, 369.0, 5.72, 6.3, 0.0
2391.0, 40.78069708566666, -111.94099701383333, 1287.408, 0.13, 14.2, 0.46, 240.62, -99999.0, -99999.0, -99999.0, -99999.0, -99999.0, -99999.0, -99999.0, -99999.0, -99999.0, -99999.0, -99999.0, -99999.0, -99999.0, -99999.0, -99999.0, 27.27, 0.51, 27.79, -1.016, -0.484, -1.5, 589.0, 562.0, 348.0, 182.0, 741.0, 23.0, 436.0, 5.44, 5.44, 0.0
2392.0, 40.780697156500004, -111.9409969125, 1287.391, 0.06, 14.1, 0.66, 225.81, -99999.0, -99999.0, -99999.0, -99999.0, -99999.0, -99999.0, -99999.0, -99999.0, -99999.0, -99999.0, -99999.0, -99999.0, -99999.0, -99999.0, 63.6, 27.25, 0.52, 27.77, -1.016, -0.484, -1.5, 396.0, 305.0, 767.0, 259.0, 525.0, 487.0, 678.0, 5.23, 5.81, 0.0
2393.0, 40.780697205, -111.94099681166666, 1287.374, 0.19, 14.1, 0.68, 230.91, -99999.0, -99999.0, -99999.0, -99999.0, -99999.0, -99999.0, -99999.0, -99999.0, -99999.0, -99999.0, -99999.0, -99999.0, -99999.0, -99999.0, -99999.0, 27.23, 0.53, 27.76, -1.016, -0.484, -1.5, 760.0, 534.0, 303.0, 380.0, 247.0, 391.0, 102.0, 5.32, 6.27, 0.0
2394.0, 40.78069728966666, -111.94099670216669, 1287.357, 0.04, 14.1, 0.76, 248.22, -99999.0, -99999.0, -99999.0, -99999.0, -99999.0, -99999.0, -99999.0, -99999.0, -99999.0, -99999.0, -99999.0, -99999.0, -99999.0, -99999.0, 64.4, 27.17, 0.55, 27.72, -1.016, -0.484, -1.5, 527.0, 651.0, 540.0, 652.0, 260.0, 340.0, 390.0, 5.86, 6.44, 0.0
2395.0, 40.78069734983334, -111.94099658100001, 1287.338, 0.11, 14.1, 0.39, 265.32, -99999.0, -99999.0, -99999.0, -99999.0, -99999.0, -99999.0, -99999.0, -99999.0, -99999.0, -99999.0, -99999.0, -99999.0, -99999.0, -99999.0, -99999.0, 27.19, 0.57, 27.76, -1.016, -0.484, -1.5, 434.0, 206.0, 373.0, 241.0, 538.0, 309.0, 208.0, 6.23, 6.23, 0.0
2396.0, 40.780697399666664, -111.94099648633333, 1287.324, 0.09, 14.2, 0.0, 0.0, -99999.0, -99999.0, -99999.0, -99999.0, -99999.0, -99999.0, -99999.0, -99999.0, -99999.0, -99999.0, -99999.0, -99999.0, -99999.0, -99999.0, 60.8, 27.15, 0.57, 27.72, -1.016, -0.484, -1.5, 698.0, 619.0, 716.0, 439.0, 108.0, 719.0, 415.0, 5.67, 6.25, 0.0
2397.0, 40.780697450333335, -111.94099638633334, 1287.309, 0.1, 14.2, 0.48, 247.72, -99999.0, -99999.0, -99999.0, -99999.0, -99999.0, -99999.0, -99999.0, -99999.0, -99999.0, -99999.0, -99999.0, -99999.0, -99999.0, -99999.0, -99999.0, 27.15, 0.56, 27.71, -1.109, -0.484, -1.594, 504.0, 689.0, 151.0, 231.0, 544.0, 615.0, 521.0, 5.53, 5.53, 0.0
2398.0, 40.78069750016667, -111.94099629516668, 1287.294, 0.05, 14.4, 0.55, 245.72, -99999.0, -99999.0, -99999.0, -99999.0, -99999.0, -99999.0, -99999.0, -99999.0, -99999.0, -99999.0, -99999.0, -99999.0, -99999.0, -99999.0, 57.2, 27.17, 0.57, 27.74, -1.109, -0.484, -1.594, 558.0, 305.0, 252.0, 498.0, 392.0, 333.0, 42.0, 5.32, 5.32, 0.0
2399.0, 40.780697522, -111.940996226, 1287.283, 0.1, 14.5, 0.93, 277.61, -99999.0, -99999.0, -99999.0, -99999.0, -99999.0, -99999.0, -99999.0, -99999.0, -99999.0, -99999.0, -99999.0, -99999.0, -99999.0, -99999.0, -99999.0, 27.2, 0.57, 27.76, -1.109, -0.484, -1.594, 613.0, 511.0, 141.0, 698.0, 234.0, 530.0, 644.0, 5.54, 5.54, 0.0
2400.0, 40.780697546999995, -111.94099613450001, 1287.273, 0.13, 14.6, 0.34, 234.63, -99999.0, -99999.0, -99999.0, -99999.0, -99999.0, -99999.0, -99999.0, -99999.0, -99999.0, -99999.0, -99999.0, -99999.0, -99999.0, -99999.0, 58.3, 27.21, 0.56, 27.77, -1.109, -0.484, -1.594, 372.0, 661.0, 96.0, 13.0, 266.0, 325.0, 131.0, 5.19, 5.19, 0.0
2401.0, 40.78069756683334, -111.94099606383334, 1287.261, 0.07, 14.6, 0.35, 263.23, -99999.0, -99999.0, -99999.0, -99999.0, -99999.0, -99999.0, -99999.0, -99999.0, -99999.0, -99999.0, -99999.0, -99999.0, -99999.0, -99999.0, -99999.0, 27.2, 0.56, 27.76, -1.109, -0.484, -1.594, 434.0, 150.0, 444.0, 667.0, 570.0, 217.0, 313.0, 5.61, 6.19, 0.0
2402.0, 40.78069760033333, -111.94099600233334, 1287.25, 0.09, 14.7, 0.36, 267.42, -99999.0, -99999.0, -99999.0, -99999.0, -99999.0, -99999.0, -99999.0, -99999.0, -99999.0, -99999.0, -99999.0, -99999.0, -99999.0, -99999.0, 61.5, 27.19, 0.56, 27.76, -1.109, -0.484, -1.594, 838.0, 426.0, 282.0, 213.0, 449.0, 363.0, 186.0, 5.71, 5.71, 0.0
2403.0, 40.7806976295, -111.94099596316667, 1287.243, 0.06, 14.7, 0.0, 0.0, -99999.0, -99999.0, -99999.0, -99999.0, -99999.0, -99999.0, -99999.0, -99999.0, -99999.0, -99999.0, -99999.0, -99999.0, -99999.0, -99999.0, -99999.0, 27.18, 0.55, 27.74, -1.109, -0.484, -1.594, 597.0, 581.0, 474.0, 498.0, 373.0, 549.0, 767.0, 5.35, 12.08, 0.0
2404.0, 40.78069763566667, -111.9409959125, 1287.233, 0.01, 14.7, 0.0, 0.0, -99999.0, -99999.0, -99999.0, -99999.0, -99999.0, -99999.0, -99999.0, -99999.0, -99999.0, -99999.0, -99999.0, -99999.0, -99999.0, -99999.0, 63.3, 27.17, 0.54, 27.72, -1.109, -0.484, -1.594, 256.0, 511.0, 414.0, 311.0, 734.0, 58.0, 123.0, 5.9, 5.9, 0.0
2405.0, 40.78069762933333, -111.9409958725, 1287.229, 0.09, 14.7, 0.0, 0.0, -99999.0, -99999.0, -99999.0, -99999.0, -99999.0, -99999.0, -99999.0, -99999.0, -99999.0, -99999.0, -99999.0, -99999.0, -99999.0, -99999.0, -99999.0, 27.2, 0.53, 27.74, -1.109, -0.484, -1.594, 628.0, 150.0, 303.0, 411.0, 228.0, 360.0, 521.0, 5.14, 5.14, 0.0
2406.0, 40.780697625166674, -111.94099580133334, 1287.219, 0.07, 14.7, 0.0, 0.0, -99999.0, -99999.0, -99999.0, -99999.0, -99999.0, -99999.0, -99999.0, -99999.0, -99999.0, -99999.0, -99999.0, -99999.0, -99999.0, -99999.0, 62.9, 27.24, 0.51, 27.76, -1.109, -0.484, -1.594, 434.0, 633.0, 439.0, 241.0, 297.0, 108.0, 343.0, 5.89, 5.89, 0.0
2407.0, 40.780697632000006, -111.94099574866665, 1287.209, 0.13, 14.6, 0.0, 0.0, -99999.0, -99999.0, -99999.0, -99999.0, -99999.0, -99999.0, -99999.0, -99999.0, -99999.0, -99999.0, -99999.0, -99999.0, -99999.0, -99999.0, -99999.0, 27.26, 0.5, 27.76, -1.109, -0.484, -1.594, 620.0, 426.0, 403.0, 524.0, 462.0, 425.0, 326.0, 5.28, 24.68, 0.0
2408.0, 40.780697630333336, -111.94099571816666, 1287.203, 0.09, 14.6, 0.43, 16.73, -99999.0, -99999.0, -99999.0, -99999.0, -99999.0, -99999.0, -99999.0, -99999.0, -99999.0, -99999.0, -99999.0, -99999.0, -99999.0, -99999.0, 62.1, 27.28, 0.5, 27.78, -1.109, -0.484, -1.594, 279.0, 567.0, 600.0, 680.0, 576.0, 630.0, 246.0, 5.77, 5.77, 0.0
2409.0, 40.78069763766667, -111.94099568450001, 1287.197, 0.03, 14.6, 0.43, 257.65, -99999.0, -99999.0, -99999.0, -99999.0, -99999.0, -99999.0, -99999.0, -99999.0, -99999.0, -99999.0, -99999.0, -99999.0, -99999.0, -99999.0, -99999.0, 27.3, 0.47, 27.77, -1.109, -0.484, -1.594, 271.0, 675.0, 686.0, 69.0, 430.0, 77.0, 585.0, 5.34, 10.51, 0.0
2410.0, 40.780697612333334, -111.94099564300001, 1287.195, 0.12, 14.6, 0.83, 281.57, -99999.0, -99999.0, -99999.0, -99999.0, -99999.0, -99999.0, -99999.0, -99999.0, -99999.0, -99999.0, -99999.0, -99999.0, -99999.0, -99999.0, 62.8, 27.29, 0.47, 27.76, -1.109, -0.484, -1.594, 396.0, 412.0, 343.0, 313.0, 133.0, 665.0, 585.0, 5.86, 7.01, 0.0
2411.0, 40.78069760483333, -111.94099562683331, 1287.191, 0.17, 14.6, 0.41, 231.04, -99999.0, -99999.0, -99999.0, -99999.0, -99999.0, -99999.0, -99999.0, -99999.0, -99999.0, -99999.0, -99999.0, -99999.0, -99999.0, -99999.0, -99999.0, 27.27, 0.5, 27.77, -1.109, -0.484, -1.594, 582.0, 534.0, 388.0, 421.0, 133.0, 244.0, 352.0, 6.27, 7.8, 0.0
2412.0, 40.7806975785, -111.94099561850001, 1287.192, 0.14, 14.6, 0.71, 281.96, -99999.0, -99999.0, -99999.0, -99999.0, -99999.0, -99999.0, -99999.0, -99999.0, -99999.0, -99999.0, -99999.0, -99999.0, -99999.0, -99999.0, 63.4, 27.26, 0.5, 27.76, -1.109, -0.484, -1.594, 667.0, 455.0, 272.0, 724.0, 196.0, 201.0, 80.0, 5.47, 6.42, 0.0
2413.0, 40.780697549833334, -111.94099559333333, 1287.197, 0.09, 14.6, 0.0, 0.0, -99999.0, -99999.0, -99999.0, -99999.0, -99999.0, -99999.0, -99999.0, -99999.0, -99999.0, -99999.0, -99999.0, -99999.0, -99999.0, -99999.0, -99999.0, 27.2, 0.52, 27.72, -1.109, -0.484, -1.594, 706.0, 886.0, 671.0, 269.0, 234.0, 174.0, 525.0, 5.34, 5.34, 0.0
2414.0, 40.7806974745, -111.94099557766667, 1287.199, 0.09, 14.6, 0.51, 250.96, -99999.0, -99999.0, -99999.0, -99999.0, -99999.0, -99999.0, -99999.0, -99999.0, -99999.0, -99999.0, -99999.0, -99999.0, -99999.0, -99999.0, 63.2, 27.22, 0.51, 27.73, -1.109, -0.484, -1.594, 411.0, 525.0, 494.0, 270.0, 538.0, 406.0, 441.0, 5.78, 6.93, 0.0
2415.0, 40.780697409, -111.94099554199998, 1287.2, 0.03, 14.6, 0.32, 236.78, -99999.0, -99999.0, -99999.0, -99999.0, -99999.0, -99999.0, -99999.0, -99999.0, -99999.0, -99999.0, -99999.0, -99999.0, -99999.0, -99999.0, -99999.0, 27.23, 0.51, 27.74, -1.109, -0.484, -1.594, 504.0, 534.0, 474.0, 341.0, 519.0, 375.0, 229.0, 5.07, 5.07, 0.0
2416.0, 40.78069734066666, -111.9409954905, 1287.201, 0.04, 14.5, 0.0, 0.0, -99999.0, -99999.0, -99999.0, -99999.0, -99999.0, -99999.0, -99999.0, -99999.0, -99999.0, -99999.0, -99999.0, -99999.0, -99999.0, -99999.0, 64.0, 27.23, 0.53, 27.76, -1.109, -0.484, -1.594, 659.0, 370.0, 313.0, 169.0, 266.0, 278.0, 563.0, 5.35, 5.35, 0.0
2417.0, 40.7806972835, -111.94099545899999, 1287.201, 0.1, 14.5, 0.37, 18.07, -99999.0, -99999.0, -99999.0, -99999.0, -99999.0, -99999.0, -99999.0, -99999.0, -99999.0, -99999.0, -99999.0, -99999.0, -99999.0, -99999.0, -99999.0, 27.16, 0.53, 27.69, -1.109, -0.484, -1.594, 667.0, 127.0, -35.0, 524.0, 443.0, 410.0, 250.0, 5.75, 7.85, 0.0
2418.0, 40.78069722683333, -111.94099541516668, 1287.2, 0.07, 14.5, 0.32, 186.67, -99999.0, -99999.0, -99999.0, -99999.0, -99999.0, -99999.0, -99999.0, -99999.0, -99999.0, -99999.0, -99999.0, -99999.0, -99999.0, -99999.0, 64.1, 27.21, 0.52, 27.73, -1.109, -0.484, -1.594, 450.0, 567.0, 171.0, 198.0, 576.0, 321.0, 301.0, 5.58, 6.16, 0.0
2419.0, 40.78069719283333, -111.94099539666668, 1287.199, 0.14, 14.5, 0.41, 279.95, -99999.0, -99999.0, -99999.0, -99999.0, -99999.0, -99999.0, -99999.0, -99999.0, -99999.0, -99999.0, -99999.0, -99999.0, -99999.0, -99999.0, -99999.0, 27.17, 0.52, 27.69, -1.109, -0.484, -1.594, 589.0, 328.0, 519.0, 272.0, 614.0, -81.0, 572.0, 5.36, 5.94, 0.0
