arc_raw/USOS-ARL-Suite_ARC_20240802_RA.ict
71,1001
Xinrong Ren
NOAA Air Resources Lab
ARC-Suite
USOS: Utah Summer Ozone Study
1,1
2024,08,02,2024,08,02
1
StartTime_seconds, seconds, Start time in UTC seconds since midnight
38
1,1,1,1,1,1,1,1,1,1,1,1,1,1,1,1,1,1,1,1,1,1,1,1,1,1,1,1,1,1,1,1,1,1,1,1,1,1
-99999,-99999,-99999,-99999,-99999,-99999,-99999,-99999,-99999,-99999,-99999,-99999,-99999,-99999,-99999,-99999,-99999,-99999,-99999,-99999,-99999,-99999,-99999,-99999,-99999,-99999,-99999,-99999,-99999,-99999,-99999,-99999,-99999,-99999,-99999,-99999,-99999,-99999
lat_DGPS_deg, degrees, Latitude in decimal by Hemisphere VS1100 Differential GPS
lon_DGPS_deg, degrees, Longitude in decimal by Hemisphere VS1100 Differential GPS
alt_msl_m, meters, GPS Altitude MSL
speed_km_h, km/s, vehicle speed
RH, percent, relative humidity
true_WS_m_s, m/s, wind speed by 2D sonic sensor
true_WD_deg, degree, wind direction by 2D sonic sensor
CH4_aeris313_ppm, ppm, CH4 mixing ratio by Aeris
H2O_aeris313_ppm, ppm, H2O mixing ratio by Aeris
C2H6_aeris313_ppb, ppb, C2H6 mixing ratio by Aeris
r_aeris313, 1, relavence between CH4 and C2H6 by Aeris
C2C1_aeris313, 1, C2H6 to CH4 ratio by Aeris
CO_g2401m_ppm, ppm, CO mixing ratio by Picarro G2401m
CO2_g2401m_ppm, ppm, CO2 mixing ratio by Picarro G2401m
CH4_g2401m_ppm, ppm, CH4 mixing ratio by Picarro G2401m
H2O_g2401m, ppm, H2O mixing ratio by Picarro G2401m
delta13C_CH4_raw, permill, delta 13C of CH4 by Picarro G2201i
delta13C_CO2_raw, permill, delta 13C of CO2 by Picarro G2201i
CH4_g2201i_ppm, ppm, CH4 mixing ratio by Picarro G2201i
CO2_g2201i_ppm, ppm, CO2 mixing ratio by Picarro G2201i
NH3_g2301_ppb, ppb, NH3 mixing ratio by Picarro G2301
O3_2B_ppm, ppm, O3 mixing ratio by 2B
NO_G60_ppb, ppb, NO mixing ratio by G60
NO2_G60_ppb, ppb, NO2 mixing ratio by G60
NOx_G60_ppb, ppb, NOx mixing ratio by G60
NO_N500_ppb, ppb, NO mixing ratio by N500
NO2_N500_ppb, ppb, NO2 mixing ratio by N500
NOx_N500_ppb, ppb, NOx mixing ratio by N500
BC370_AE43_ng_m3, ng/m3, Black Carbon at 370 nm by AE43
BC470_AE43_ng_m3, ng/m3, Black Carbon at 470 nm by AE43
BC520_AE43_ng_m3, ng/m3, Black Carbon at 520 nm by AE43
BC590_AE43_ng_m3, ng/m3, Black Carbon at 590 nm by AE43
BC660_AE43_ng_m3, ng/m3, Black Carbon at 660 nm by AE43
BC880_AE43_ng_m3, ng/m3, Black Carbon at 880 nm by AE43
BC950_AE43_ng_m3, ng/m3, Black Carbon at 950 nm by AE43
PM25, ug/m3, PM2.5 by particle sensor
PM10, ug/m3, PM10 by particle sensor
Valve, boolian, indicator of valve conditions;0 is measurement; 10 is zeroing; 11 is spanning
1
SPECIAL COMMENTS, N/A
18
PI_CONTACT_INFO: xinrong.ren@noaa.gov, 301-683-1391, NOAA/ARL, 5830 University Research Court, College Park, MD 20740
PLATFORM: NOAA Air Resources Car
LOCATION: Salt Lake City
ASSOCIATED_DATA: N/A
INSTRUMENT_INFO: Hemisphere VS1100 differential GPS (Latitude, Longitude, GPS Altitude, speed), meteorological sensor (RH, WS, WD), 2B (O3), G60 CRDS (NO-NOx), Teledyne N500 (NO-NOx), Picarro G2401-m (CO2, CH4, CO, H2O), Picarro G2201i (CO2, CH4, d13C_CO2, d13C_CH4, H2O), Picarro 2301 (NH3), Aeris Ultra MIRA (CH4, C2H6, H2O, r, C2/C1), AE43 (Black Carbon), Partical sensor (PM2.5, PM10)
DATA_INFO: Records are reported at 1-second intervals. Hemisphere VS1100 differential GPS has 1-second ntervals. 2B O3 values are reported 2-second averages. G60 Cavity Rong Down NO-NO2-NO2 has 1-second average. Teledyne CAPS NO2 analyzer has 10-second time resolution. Picarro 2401m (CO2, CH4, CO, H2O) data has 2.5-second time resolution. Picarro 2201i (isotope) has ~5 second time resolution. Aeris Ultra MIRA has 1-second integration time. AE43 data are 10-second moving averages. Partical sensor has 10-second time resolution.
UNCERTAINTY: -99999, -99999, -99999, 15 m, -99999, -99999, -99999, -99999, 1 ppb, 100 ppm, 0.2 ppb, -99999, -99999, 5 ppb, 0.1 ppm, 1 ppb, 100 ppm, -99999, -99999, -99999, -99999, 2 ppb, 0.3 ppb, -99999, -99999, -99999, 0.05 ppb, 0.05 ppb, 0.05 ppb, 10 ng/m3, 10 ng/m3, 10 ng/m3, 10 ng/m3, 10 ng/m3, 10 ng/m3, 10 ng/m3, 10 ng/m3, 0
ULOD_FLAG: -77777
ULOD_VALUE: N/A
LLOD_FLAG: -88888
LLOD_VALUE: N/A
DM_CONTACT_INFO: Jiayang Sun; University of Maryland; jiayangs@umd.edu
PROJECT_INFO: USOS July - Aug 2024 https://deq.utah.gov/air-quality/utah-summer-ozone-study-usos
STIPULATIONS_ON_USE: Use of these data requires prior ok from PI.
OTHER_COMMENTS: N/A
REVISION: RA
RA: Preliminary Data for in-field use only.
StartTime_seconds, lat_DGPS_deg, lon_DGPS_deg, alt_msl_m, speed_km_h, RH, true_WS_m_s, true_WD_deg, CH4_aeris313_ppm, H2O_aeris313_ppm, C2H6_aeris313_ppb, r_aeris313, C2C1_aeris313, CO_g2401m_ppm, CO2_g2401m_ppm, CH4_g2401m_ppm, H2O_g2401m, delta13C_CH4_raw, delta13C_CO2_raw, CH4_g2201i_ppm, CO2_g2201i_ppm, NH3_g2301_ppb, O3_2B_ppm, NO_G60_ppb, NO2_G60_ppb, NOx_G60_ppb, NO_N500_ppb, NO2_N500_ppb, NOx_N500_ppb, BC370_AE43_ng_m3, BC470_AE43_ng_m3, BC520_AE43_ng_m3, BC590_AE43_ng_m3, BC660_AE43_ng_m3, BC880_AE43_ng_m3, BC950_AE43_ng_m3, PM25, PM10, Valve
[from data line 1873]
1873.0, 40.7806794925, -111.94097112899999, 1290.484, 0.16, 12.2, -99999.0, -99999.0, 2.03121, 10836.5, -1.0763, -0.0736, -99999.0, 0.23090088632, 422.19270391, 1.9940040144, 0.92817464672, -34.145036526, -7.0944084446, 1.933645313143, 422.88185473939996, -99999.0, -99999.0, 8.17, 1.11, 9.28, -0.41, 2.172, 1.758, 732.0, 644.0, 624.0, 549.0, 661.0, 662.0, 643.0, -99999.0, -99999.0, 0.0
1874.0, 40.780679395, -111.94097122916668, 1290.483, 0.09, 12.2, -99999.0, -99999.0, 2.03261, 10817.5, -1.43781, -0.117034, -99999.0, 0.23090016899, 421.82119292, 1.9940040144, 0.92817464672, -39.601091806, -7.0944084446, 1.948408624216, 422.88185473939996, -99999.0, 59.7, 8.14, 1.1, 9.24, -0.41, 2.172, 1.758, 778.0, 656.0, 668.0, 784.0, 405.0, 411.0, 925.0, -99999.0, -99999.0, 0.0
1875.0, 40.780679317333345, -111.94097134983333, 1290.479, 0.13, 12.2, -99999.0, -99999.0, 2.03179, 10788.0, -1.75383, -0.0910202, -99999.0, 0.22266745882, 421.78642748, 1.9939295590000001, 0.924747537335, -99999.0, -99999.0, -99999.0, -99999.0, -99999.0, -99999.0, 8.18, 1.11, 9.29, -0.41, 2.172, 1.758, 983.0, 491.0, 530.0, 730.0, 516.0, 388.0, 61.0, -99999.0, -99999.0, 0.0
1876.0, 40.780679233166666, -111.9409715015, 1290.478, 0.12, 12.2, -99999.0, -99999.0, 2.03214, 10759.8, -1.16317, -0.0874856, -99999.0, 0.22266680867, 421.64761075499996, 1.9938551036, 0.92132042795, -99999.0, -99999.0, -99999.0, -99999.0, -99999.0, 59.3, 8.17, 1.07, 9.24, -0.41, 2.172, 1.758, 517.0, 579.0, 574.0, 288.0, 405.0, 570.0, 684.0, -99999.0, -99999.0, 0.0
1877.0, 40.780679179, -111.94097160716667, 1290.475, 0.08, 12.2, -99999.0, -99999.0, 2.03024, 10736.0, -1.29011, -0.054081, -99999.0, 0.22820823751, 421.54355947, 1.9938551036, 0.92132042795, -39.601091806, -7.0944084446, 1.948408624216, 422.87707225775, -99999.0, -99999.0, 8.2, 1.04, 9.24, -0.41, 2.172, 1.758, 993.0, 1093.0, 412.0, 656.0, 553.0, 890.0, 816.0, -99999.0, -99999.0, 0.0
1878.0, 40.780679155, -111.94097172250001, 1290.463, 0.04, 12.2, -99999.0, -99999.0, 2.0302, 10712.5, -1.57296, 0.0107777, -99999.0, 0.22820852846, 421.5859786, 1.9939950703, 0.94102436055, -39.601091806, -7.1171052698, 1.948408624216, 422.8721831132, -99999.0, 60.7, 8.2, 1.02, 9.22, -0.41, 2.172, 1.758, 917.0, 514.0, 612.0, 261.0, 661.0, 470.0, 511.0, -99999.0, -99999.0, 0.0
1879.0, 40.7806792085, -111.94097188100001, 1290.438, 0.1, 12.1, -99999.0, -99999.0, 2.03288, 10692.7, -1.05772, 0.0472562, -99999.0, 0.22820881941, 421.69270258, 1.9939950703, 0.94102436055, -31.702710623, -7.1171052698, 1.936497312402, 422.8721831132, -99999.0, -99999.0, 8.23, 1.02, 9.25, -0.41, 2.172, 1.758, 712.0, 491.0, 724.0, 442.0, 664.0, 210.0, 56.0, -99999.0, -99999.0, 0.0
1880.0, 40.7806792085, -111.94097198416667, 1290.427, 0.15, 12.1, -99999.0, -99999.0, 2.03166, 10693.7, -1.32231, 0.0675536, -99999.0, 0.26291456553, 421.69270258, 1.9939950703, 0.94102436055, -99999.0, -99999.0, -99999.0, -99999.0, -99999.0, 62.1, 8.25, 1.03, 9.28, -0.41, 2.172, 1.758, 686.0, 331.0, 431.0, 496.0, 661.0, 219.0, 259.0, -99999.0, -99999.0, 0.0
1881.0, 40.780679274666674, -111.94097210766668, 1290.406, 0.02, 12.1, -99999.0, -99999.0, 2.03302, 10723.5, -1.47944, 0.0343739, -99999.0, 0.26291464037, 421.74962845333334, 1.9940759303, 0.9392158519199999, -99999.0, -99999.0, -99999.0, -99999.0, -99999.0, -99999.0, 8.21, 1.03, 9.24, -0.41, 2.172, 1.758, 615.0, 585.0, 930.0, 368.0, 297.0, 443.0, 33.0, -99999.0, -99999.0, 0.0
1882.0, 40.78067932716666, -111.94097212833334, 1290.383, 0.04, 12.2, -99999.0, -99999.0, 2.03102, 10763.3, -1.38903, 0.0422486, -99999.0, 0.29812084002, 421.74519312, 1.9940759303, 0.93921585192, -31.702710623, -7.1171052698, 1.936497312402, 422.71749192805, -99999.0, 62.3, 8.18, 1.05, 9.23, -0.41, 2.172, 1.758, 973.0, 544.0, 431.0, 703.0, 442.0, 114.0, 206.0, -99999.0, -99999.0, 0.0
1883.0, 40.78067945116666, -111.94097223066667, 1290.35, 0.12, 12.2, -99999.0, -99999.0, 2.03323, 10784.1, -0.707784, 0.0761793, -99999.0, 0.29812084002, 421.71940613, 1.9948476899, 0.93322023095, -31.702710623, -7.0442548454, 1.936497312402, 422.5631428505, -99999.0, -99999.0, 8.18, 1.06, 9.24, -0.469, 2.234, 1.773, 707.0, 627.0, 793.0, 415.0, 1028.0, 274.0, 714.0, -99999.0, -99999.0, 0.0
1884.0, 40.78067955983334, -111.9409722655, 1290.319, 0.13, 12.2, -99999.0, -99999.0, 2.03094, 10789.3, -1.07988, 0.0780648, -99999.0, 0.29812080423, 421.74057618999996, 1.9948476899, 0.93322023095, -99999.0, -99999.0, -99999.0, -99999.0, -99999.0, 62.5, 8.16, 1.07, 9.23, -0.469, 2.234, 1.773, 963.0, 621.0, 699.0, 342.0, 367.0, 424.0, 183.0, -99999.0, -99999.0, 0.0
1885.0, 40.78067965366666, -111.94097234833335, 1290.298, 0.18, 12.3, -99999.0, -99999.0, 2.03051, 10781.6, -0.934339, 0.0444114, -99999.0, 0.26292725212, 421.76174625, 1.9948476899, 0.93322023095, -38.057751668, -7.0442548454, 1.945007475654, 422.5631428505, -99999.0, -99999.0, 8.2, 1.03, 9.23, -0.469, 2.234, 1.773, 758.0, 290.0, 587.0, 630.0, 772.0, 183.0, 404.0, -99999.0, -99999.0, 0.0
1886.0, 40.780679703833336, -111.94097238533335, 1290.28, 0.11, 12.3, -99999.0, -99999.0, 2.03172, 10766.6, -1.19305, 0.101097, -99999.0, 0.26292964139499997, 421.74157534, 1.9944465337, 0.93311055131, -99999.0, -99999.0, -99999.0, -99999.0, -99999.0, 63.0, 8.18, 1.04, 9.22, -0.469, 2.234, 1.773, 1050.0, 721.0, 668.0, 944.0, 367.0, 310.0, 409.0, -99999.0, -99999.0, 0.0
1887.0, 40.78067978333333, -111.94097242133333, 1290.258, 0.14, 12.3, -99999.0, -99999.0, 2.0325, 10760.4, -0.592803, 0.0973996, -99999.0, 0.25752000237, 423.16367579, 1.9944465337, 0.93311055131, -38.057751668, -7.0442548454, 1.945007475654, 422.9550286871, -99999.0, -99999.0, 8.16, 1.04, 9.2, -0.469, 2.234, 1.773, 927.0, 774.0, 218.0, 549.0, 586.0, 707.0, 823.0, -99999.0, -99999.0, 0.0
1888.0, 40.78067984366667, -111.94097251083333, 1290.237, 0.05, 12.3, -99999.0, -99999.0, 2.03317, 10765.9, -1.29617, 0.0768082, -99999.0, 0.25210797407, 423.15582525, 1.9952328504, 0.93085217955, -38.057751668, -8.0288491134, 1.945007475654, 423.3422822653, -99999.0, 61.6, 8.14, 1.04, 9.18, -0.469, 2.234, 1.773, 773.0, 839.0, 574.0, 603.0, 516.0, 548.0, 706.0, -99999.0, -99999.0, 0.0
1889.0, 40.78067996416666, -111.94097257999998, 1290.208, 0.1, 12.3, -99999.0, -99999.0, 2.03285, 10761.6, -1.30394, 0.0907068, -99999.0, 0.2521087353, 423.264963345, 1.9952328504, 0.93085217955, -99999.0, -99999.0, -99999.0, -99999.0, -99999.0, -99999.0, 8.1, 1.07, 9.17, -0.469, 2.234, 1.773, 1075.0, 893.0, 200.0, 576.0, 330.0, 160.0, 722.0, -99999.0, -99999.0, 0.0
1890.0, 40.78068005083333, -111.94097262283334, 1290.185, 0.16, 12.3, -99999.0, -99999.0, 2.03207, 10755.3, -1.00991, 0.0875419, -99999.0, 0.2467913944, 423.37410144, 1.9952328504, 0.93085217955, -33.640278003, -8.0288491134, 1.9450968944720002, 423.3422822653, -99999.0, 60.6, 8.1, 1.08, 9.18, -0.469, 2.234, 1.773, 855.0, 727.0, 462.0, 208.0, 735.0, 739.0, 554.0, -99999.0, -99999.0, 0.0
1891.0, 40.780680095166666, -111.94097258166667, 1290.169, 0.06, 12.3, -99999.0, -99999.0, 2.03318, 10746.6, -0.921197, 0.0956879, -99999.0, 0.246791445445, 423.32375992, 1.9954426199, 0.91793349956, -99999.0, -99999.0, -99999.0, -99999.0, -99999.0, -99999.0, 8.12, 1.08, 9.2, -0.469, 2.234, 1.773, 712.0, 887.0, 368.0, 549.0, 334.0, 547.0, 615.0, -99999.0, -99999.0, 0.0
1892.0, 40.780680123833335, -111.940972522, 1290.163, 0.18, 12.3, -99999.0, -99999.0, 2.03379, 10743.6, -1.0427, 0.14062, -99999.0, 0.24679149649, 423.33280708, 1.9954426199, 0.91793349956, -33.640278003, -8.0288491134, 1.9450968944720002, 423.07586272155004, -99999.0, 62.1, 8.16, 1.07, 9.23, -0.469, 2.234, 1.773, 778.0, 893.0, 793.0, 817.0, 735.0, 570.0, 935.0, -99999.0, -99999.0, 0.0
1893.0, 40.78068018533333, -111.94097249666666, 1290.142, 0.13, 12.3, -99999.0, -99999.0, 2.03294, 10731.8, -1.45497, 0.102391, -99999.0, 0.24501349462, 423.30854448499997, 1.99521143775, 0.917074580555, -33.640278003, -7.3416939434, 1.9450968944720002, 422.8126719939, -99999.0, -99999.0, 8.13, 1.06, 9.19, -0.469, 2.234, 1.773, 712.0, 934.0, 549.0, 804.0, 111.0, 128.0, 770.0, -99999.0, -99999.0, 0.0
1894.0, 40.780680214499995, -111.94097245566667, 1290.123, 0.04, 12.3, -99999.0, -99999.0, 2.03442, 10702.8, -1.50754, -0.027084, -99999.0, 0.24501074448, 422.87814386, 1.9949802556, 0.91621566155, -99999.0, -99999.0, -99999.0, -99999.0, -99999.0, 62.1, 8.09, 1.09, 9.17, -0.469, 2.234, 1.773, 507.0, 922.0, 381.0, 134.0, 958.0, 744.0, -5.0, -99999.0, -99999.0, 0.0
1895.0, 40.78068029799999, -111.94097245866666, 1290.091, 0.08, 12.3, -99999.0, -99999.0, 2.03388, 10656.2, -1.34907, -0.0418707, -99999.0, 0.25434118013, 422.47200583, 1.9949802556, 0.91621566155, -41.054629207, -7.3416939434, 1.943300171149, 422.8126719939, -99999.0, -99999.0, 8.05, 1.1, 9.15, -0.469, 2.234, 1.773, 778.0, 508.0, 774.0, 161.0, 368.0, 411.0, 920.0, -99999.0, -99999.0, 0.0
1896.0, 40.7806803485, -111.94097245916667, 1290.074, 0.13, 12.3, -99999.0, -99999.0, 2.03318, 10628.5, -1.52701, -0.0783682, -99999.0, 0.25434112931499997, 422.47689959, 1.9945362401, 0.91941241372, -99999.0, -99999.0, -99999.0, -99999.0, -99999.0, 60.3, 8.04, 1.09, 9.13, -0.469, 2.234, 1.773, 866.0, 609.0, 1005.0, 442.0, 776.0, 529.0, 412.0, -99999.0, -99999.0, 0.0
1897.0, 40.78068040683334, -111.9409723885, 1290.048, 0.09, 12.4, -99999.0, -99999.0, 2.03288, 10623.9, -1.33763, 0.0162723, -99999.0, 0.2543410785, 422.40852007, 1.9945362401, 0.91941241372, -41.054629207, -7.3416939434, 1.943300171149, 422.8126719939, -99999.0, -99999.0, 8.06, 1.09, 9.15, -0.469, 2.234, 1.773, 615.0, 366.0, 786.0, 502.0, 809.0, 844.0, 602.0, -99999.0, -99999.0, 0.0
1898.0, 40.78068045933333, -111.94097231899998, 1290.027, 0.14, 12.4, -99999.0, -99999.0, 2.03112, 10617.1, -1.38237, 0.0359716, -99999.0, 0.23496706673, 422.40852007, 1.9945362401, 0.91941241372, -41.054629207, -7.77070892485, 1.943300171149, 423.24633222105, -99999.0, 59.1, 8.06, 1.09, 9.14, -0.469, 2.234, 1.773, 773.0, 485.0, 624.0, 831.0, 549.0, 876.0, 610.0, -99999.0, -99999.0, 0.0
1899.0, 40.78068053733334, -111.94097221316666, 1290.005, 0.13, 12.4, -99999.0, -99999.0, 2.032, 10613.7, -1.21308, 0.00517319, -99999.0, 0.23496694341666668, 422.4642988466667, 1.9947906627, 0.93503884402, -99999.0, -99999.0, -99999.0, -99999.0, -99999.0, -99999.0, 8.07, 1.09, 9.16, -0.469, 2.234, 1.773, 1193.0, 597.0, 1074.0, 529.0, 479.0, 402.0, 188.0, -99999.0, -99999.0, 0.0
1900.0, 40.780680618, -111.94097214733334, 1289.985, 0.03, 12.5, -99999.0, -99999.0, 2.03452, 10626.2, -1.54446, -0.0697526, -99999.0, 0.2244638115, 422.45130188, 1.9947906627, 0.93503884402, -40.333534579, -8.1997239063, 1.9413894317820002, 423.2443142811, -99999.0, 58.4, 8.06, 1.09, 9.15, -0.469, 2.234, 1.773, 753.0, 851.0, 443.0, 502.0, 479.0, 589.0, 658.0, -99999.0, -99999.0, 0.0
1901.0, 40.78068072766667, -111.94097206683334, 1289.96, 0.15, 12.5, -99999.0, -99999.0, 2.03308, 10650.3, -1.89235, -0.118254, -99999.0, 0.224463066505, 422.54353723, 1.9944944613, 0.94727715414, -99999.0, -99999.0, -99999.0, -99999.0, -99999.0, -99999.0, 8.04, 1.08, 9.12, -0.469, 2.234, 1.773, 686.0, 538.0, 674.0, 368.0, 735.0, 287.0, 696.0, -99999.0, -99999.0, 0.0
1902.0, 40.78068078100001, -111.94097197166666, 1289.94, 0.04, 12.5, -99999.0, -99999.0, 2.03141, 10689.6, -1.19348, -0.0997432, -99999.0, 0.22446232151, 422.02871497, 1.9944944613, 0.94727715414, -40.333534579, -8.1997239063, 1.9413894317820002, 423.2443142811, -99999.0, 58.6, 8.01, 1.07, 9.08, -0.469, 2.234, 1.773, 814.0, 650.0, 874.0, 569.0, 587.0, 621.0, 102.0, -99999.0, -99999.0, 0.0
1903.0, 40.780680892333336, -111.94097190066665, 1289.915, 0.04, 12.5, -99999.0, -99999.0, 2.03181, 10733.4, -1.50423, -0.064104, -99999.0, 0.22275756087, 422.02871497, 1.9944944613, 0.94727715414, -40.333534579, -8.1997239063, 1.9413894317820002, 422.4187315711, -99999.0, -99999.0, 8.02, 1.06, 9.08, -0.469, 2.234, 1.773, 932.0, 934.0, 555.0, 737.0, 479.0, 507.0, 300.0, -99999.0, -99999.0, 0.0
1904.0, 40.780680887, -111.94097175, 1289.905, 0.08, 12.5, -99999.0, -99999.0, 2.03134, 10778.5, -1.17704, -0.0694458, -99999.0, 0.22275687321, 421.8604055466667, 1.9939263589000003, 0.91819250944, -40.333534579, -5.6711168686, 1.9413894317820002, 422.43060207499997, -99999.0, 59.4, 8.06, 1.04, 9.1, -0.469, 2.234, 1.773, 891.0, 650.0, 518.0, 650.0, 661.0, 484.0, 188.0, -99999.0, -99999.0, 0.0
1905.0, 40.780680955499996, -111.94097163683334, 1289.884, 0.08, 12.5, -99999.0, -99999.0, 2.03197, 10787.4, -1.36054, -0.0981556, -99999.0, 0.25630576798, 421.63524646, 1.9939263589, 0.91819250944, -44.664206629, -5.6711168686, 1.9541226068920001, 422.43060207499997, -99999.0, -99999.0, 8.01, 1.07, 9.09, -0.531, 2.234, 1.711, 1055.0, 934.0, 350.0, 630.0, 330.0, 141.0, 51.0, -99999.0, -99999.0, 0.0
1906.0, 40.780680999, -111.94097150833335, 1289.877, 0.05, 12.5, -99999.0, -99999.0, 2.03199, 10767.2, -1.30831, -0.0946175, -99999.0, 0.25630555994, 421.49858176, 1.9937123193, 0.90588232723, -99999.0, -99999.0, -99999.0, -99999.0, -99999.0, 61.5, 7.98, 1.09, 9.07, -0.531, 2.234, 1.711, 558.0, 573.0, 587.0, 476.0, 512.0, 169.0, 417.0, -99999.0, -99999.0, 0.0
1907.0, 40.780681070499995, -111.94097139683332, 1289.859, 0.18, 12.5, -99999.0, -99999.0, 2.03252, 10723.9, -1.47805, -0.108743, -99999.0, 0.2563053519, 421.49482165, 1.9937123193, 0.90588232723, -44.664206629, -5.6711168686, 1.9541226068920001, 422.43060207499997, -99999.0, -99999.0, 7.94, 1.11, 9.05, -0.531, 2.234, 1.711, 1070.0, 828.0, 624.0, 703.0, 698.0, 648.0, 628.0, -99999.0, -99999.0, 0.0
1908.0, 40.78068112866667, -111.94097127133334, 1289.835, 0.05, 12.5, -99999.0, -99999.0, 2.03073, 10660.6, -1.23902, -0.202374, -99999.0, 0.29748574098, 421.49482165, 1.9937123193, 0.90588232723, -44.664206629, -5.6711168686, 1.9541226068920001, 422.57663915560005, -99999.0, 62.8, 7.91, 1.09, 9.0, -0.531, 2.234, 1.711, 907.0, 591.0, 587.0, 315.0, 702.0, 424.0, 198.0, -99999.0, -99999.0, 0.0
1909.0, 40.7806812505, -111.94097117283333, 1289.804, 0.11, 12.4, -99999.0, -99999.0, 2.03223, 10611.5, -0.855197, -0.216604, -99999.0, 0.29748610530999997, 421.45553168, 1.9938717868, 0.90628849972, -44.664206629, -7.4996469948, 1.9541226068920001, 422.5680521835, -99999.0, -99999.0, 7.87, 1.07, 8.94, -0.531, 2.234, 1.711, 983.0, 627.0, 674.0, 576.0, 368.0, 844.0, 468.0, -99999.0, -99999.0, 0.0
1910.0, 40.78068133066667, -111.940971047, 1289.781, 0.09, 12.4, -99999.0, -99999.0, 2.03142, 10578.0, -1.26016, -0.220635, -99999.0, 0.31953715008, 421.54931862, 1.9938717868, 0.90628849972, -32.050782196, -7.4996469948, 1.94282003484, 422.5680521835, -99999.0, 60.5, 7.86, 1.04, 8.9, -0.531, 2.234, 1.711, 784.0, 668.0, 493.0, 308.0, 405.0, 420.0, 768.0, -99999.0, -99999.0, 0.0
1911.0, 40.78068141683333, -111.94097091933332, 1289.759, 0.15, 12.4, -99999.0, -99999.0, 2.02983, 10560.6, -1.36121, -0.157493, -99999.0, 0.34158783052, 421.56379482, 1.9940120222, 0.91026694616, -99999.0, -99999.0, -99999.0, -99999.0, -99999.0, -99999.0, 7.85, 1.04, 8.88, -0.531, 2.234, 1.711, 825.0, 757.0, 736.0, 864.0, 516.0, 607.0, 252.0, -99999.0, -99999.0, 0.0
1912.0, 40.78068157066667, -111.94097083866667, 1289.725, 0.03, 12.4, -99999.0, -99999.0, 2.03044, 10549.2, -1.27456, -0.168254, -99999.0, 0.34158814297, 421.64711026500004, 1.9940120222, 0.91026694616, -99999.0, -99999.0, -99999.0, -99999.0, -99999.0, 59.4, 7.87, 1.02, 8.89, -0.531, 2.234, 1.711, 917.0, 662.0, 487.0, 837.0, 479.0, -68.0, 574.0, -99999.0, -99999.0, 0.0
1913.0, 40.78068170716667, -111.94097071100002, 1289.692, 0.12, 12.4, -99999.0, -99999.0, 2.0323, 10536.1, -1.19374, -0.246629, -99999.0, 0.4164660141, 421.73042571, 1.9940120222, 0.91026694616, -32.050782196, -7.4996469948, 1.94282003484, 422.5078032381, -99999.0, -99999.0, 7.81, 1.02, 8.83, -0.531, 2.234, 1.711, 784.0, 881.0, 699.0, 261.0, 587.0, 297.0, 872.0, -99999.0, -99999.0, 0.0
