arc_raw/USOS-ARL-Suite_ARC_20240719_RA.ict
71,1001
Xinrong Ren
NOAA Air Resources Lab
ARC-Suite
USOS: Utah Summer Ozone Study
1,1
2024,07,19,2024,07,19
1
StartTime_seconds, seconds, Start time in UTC seconds since midnight
38
1,1,1,1,1,1,1,1,1,1,1,1,1,1,1,1,1,1,1,1,1,1,1,1,1,1,1,1,1,1,1,1,1,1,1,1,1,1
-99999,-99999,-99999,-99999,-99999,-99999,-99999,-99999,-99999,-99999,-99999,-99999,-99999,-99999,-99999,-99999,-99999,-99999,-99999,-99999,-99999,-99999,-99999,-99999,-99999,-99999,-99999,-99999,-99999,-99999,-99999,-99999,-99999,-99999,-99999,-99999,-99999,-99999
lat_DGPS_deg, degrees, Latitude in decimal by Hemisphere VS1100 Differential GPS
lon_DGPS_deg, degrees, Longitude in decimal by Hemisphere VS1100 Differential GPS
alt_msl_m, meters, GPS Altitude MSL
speed_km_h, km/s, vehicle speed
RH, percent, relative humidity
true_WS_m_s, m/s, wind speed by 2D sonic sensor
true_WD_deg, degree, wind direction by 2D sonic sensor
CH4_aeris313_ppm, ppm, CH4 mixing ratio by Aeris
H2O_aeris313_ppm, ppm, H2O mixing ratio by Aeris
C2H6_aeris313_ppb, ppb, C2H6 mixing ratio by Aeris
r_aeris313, 1, relavence between CH4 and C2H6 by Aeris
C2C1_aeris313, 1, C2H6 to CH4 ratio by Aeris
CO_g2401m_ppm, ppm, CO mixing ratio by Picarro G2401m
CO2_g2401m_ppm, ppm, CO2 mixing ratio by Picarro G2401m
CH4_g2401m_ppm, ppm, CH4 mixing ratio by Picarro G2401m
H2O_g2401m, ppm, H2O mixing ratio by Picarro G2401m
delta13C_CH4_raw, permill, delta 13C of CH4 by Picarro G2201i
delta13C_CO2_raw, permill, delta 13C of CO2 by Picarro G2201i
CH4_g2201i_ppm, ppm, CH4 mixing ratio by Picarro G2201i
CO2_g2201i_ppm, ppm, CO2 mixing ratio by Picarro G2201i
NH3_g2301_ppb, ppb, NH3 mixing ratio by Picarro G2301
O3_2B_ppm, ppm, O3 mixing ratio by 2B
NO_G60_ppb, ppb, NO mixing ratio by G60
NO2_G60_ppb, ppb, NO2 mixing ratio by G60
NOx_G60_ppb, ppb, NOx mixing ratio by G60
NO_N500_ppb, ppb, NO mixing ratio by N500
NO2_N500_ppb, ppb, NO2 mixing ratio by N500
NOx_N500_ppb, ppb, NOx mixing ratio by N500
BC370_AE43_ng_m3, ng/m3, Black Carbon at 370 nm by AE43
BC470_AE43_ng_m3, ng/m3, Black Carbon at 470 nm by AE43
BC520_AE43_ng_m3, ng/m3, Black Carbon at 520 nm by AE43
BC590_AE43_ng_m3, ng/m3, Black Carbon at 590 nm by AE43
BC660_AE43_ng_m3, ng/m3, Black Carbon at 660 nm by AE43
BC880_AE43_ng_m3, ng/m3, Black Carbon at 880 nm by AE43
BC950_AE43_ng_m3, ng/m3, Black Carbon at 950 nm by AE43
PM25, ug/m3, PM2.5 by particle sensor
PM10, ug/m3, PM10 by particle sensor
Valve, boolian, indicator of valve conditions;0 is measurement; 10 is zeroing; 11 is spanning
1
SPECIAL COMMENTS, N/A
18
PI_CONTACT_INFO: xinrong.ren@noaa.gov, 301-683-1391, NOAA/ARL, 5830 University Research Court, College Park, MD 20740
PLATFORM: NOAA Air Resources Car
LOCATION: Salt Lake City
ASSOCIATED_DATA: N/A
INSTRUMENT_INFO: Hemisphere VS1100 differential GPS (Latitude, Longitude, GPS Altitude, speed), meteorological sensor (RH, WS, WD), 2B (O3), G60 CRDS (NO-NOx), Teledyne N500 (NO-NOx), Picarro G2401-m (CO2, CH4, CO, H2O), Picarro G2201i (CO2, CH4, d13C_CO2, d13C_CH4, H2O), Picarro 2301 (NH3), Aeris Ultra MIRA (CH4, C2H6, H2O, r, C2/C1), AE43 (Black Carbon), Partical sensor (PM2.5, PM10)
DATA_INFO: Records are reported at 1-second intervals. Hemisphere VS1100 differential GPS has 1-second ntervals. 2B O3 values are reported 2-second averages. G60 Cavity Rong Down NO-NO2-NO2 has 1-second average. Teledyne CAPS NO2 analyzer has 10-second time resolution. Picarro 2401m (CO2, CH4, CO, H2O) data has 2.5-second time resolution. Picarro 2201i (isotope) has ~5 second time resolution. Aeris Ultra MIRA has 1-second integration time. AE43 data are 10-second moving averages. Partical sensor has 10-second time resolution.
UNCERTAINTY: -99999, -99999, -99999, 15 m, -99999, -99999, -99999, -99999, 1 ppb, 100 ppm, 0.2 ppb, -99999, -99999, 5 ppb, 0.1 ppm, 1 ppb, 100 ppm, -99999, -99999, -99999, -99999, 2 ppb, 0.3 ppb, -99999, -99999, -99999, 0.05 ppb, 0.05 ppb, 0.05 ppb, 10 ng/m3, 10 ng/m3, 10 ng/m3, 10 ng/m3, 10 ng/m3, 10 ng/m3, 10 ng/m3, 10 ng/m3, 0
ULOD_FLAG: -77777
ULOD_VALUE: N/A
LLOD_FLAG: -88888
LLOD_VALUE: N/A
DM_CONTACT_INFO: Jiayang Sun; University of Maryland; jiayangs@umd.edu
PROJECT_INFO: USOS July - Aug 2024 https://deq.utah.gov/air-quality/utah-summer-ozone-study-usos
STIPULATIONS_ON_USE: Use of these data requires prior ok from PI.
OTHER_COMMENTS: N/A
REVISION: RA
RA: Preliminary Data for in-field use only.
StartTime_seconds, lat_DGPS_deg, lon_DGPS_deg, alt_msl_m, speed_km_h, RH, true_WS_m_s, true_WD_deg, CH4_aeris313_ppm, H2O_aeris313_ppm, C2H6_aeris313_ppb, r_aeris313, C2C1_aeris313, CO_g2401m_ppm, CO2_g2401m_ppm, CH4_g2401m_ppm, H2O_g2401m, delta13C_CH4_raw, delta13C_CO2_raw, CH4_g2201i_ppm, CO2_g2201i_ppm, NH3_g2301_ppb, O3_2B_ppm, NO_G60_ppb, NO2_G60_ppb, NOx_G60_ppb, NO_N500_ppb, NO2_N500_ppb, NOx_N500_ppb, BC370_AE43_ng_m3, BC470_AE43_ng_m3, BC520_AE43_ng_m3, BC590_AE43_ng_m3, BC660_AE43_ng_m3, BC880_AE43_ng_m3, BC950_AE43_ng_m3, PM25, PM10, Valve
[from data line 1743]
1743.0, 40.78069054383333, -111.94099201666668, 1287.965, 0.04, 20.8, 0.0, 0.0, 1.99216, 14620.7, 17.7879, 0.000584357, -99999.0, 0.15889483428, 432.78747178, 1.9699613445, 1.3211760744, -53.398878606, -7.6533850907, 1.934637844529, 433.86908569359997, -99999.0, -99999.0, 20.4, 7.45, 27.84, -0.574, 6.844, 6.281, -99999.0, -99999.0, -99999.0, -99999.0, -99999.0, -99999.0, -99999.0, 2.04, 2.99, 0.0
1744.0, 40.780690516499995, -111.94099203533332, 1287.966, 0.09, 20.8, 0.35, 241.23, 1.99196, 14652.4, 17.8448, 0.00965094, -99999.0, 0.1588977593, 433.64746068, 1.9699613445, 1.3211760744, -53.398878606, -7.6533850907, 1.934637844529, 433.625187248, -99999.0, 55.8, 20.4, 7.44, 27.84, -0.574, 6.844, 6.281, -99999.0, -99999.0, -99999.0, -99999.0, -99999.0, -99999.0, -99999.0, -99999.0, -99999.0, 0.0
1745.0, 40.78069049983333, -111.94099206233335, 1287.968, 0.04, 20.9, 0.88, 235.93, 1.99158, 14688.8, 17.805, 0.0584038, -99999.0, 0.15667164827, 433.64746068, 1.9699613445, 1.3211760744, -53.398878606, -8.2810950127, 1.934637844529, 433.6221623168, -99999.0, 54.7, 20.38, 7.44, 27.82, -0.574, 6.844, 6.281, -99999.0, -99999.0, -99999.0, -99999.0, -99999.0, -99999.0, -99999.0, -99999.0, -99999.0, 0.0
1746.0, 40.78069053, -111.940992084, 1287.971, 0.08, 20.9, 1.68, 233.54, 1.99341, 14713.4, 17.9609, 0.0339279, -99999.0, 0.15667144784333334, 433.62705568, 1.9707722596999997, 1.3129619837, -40.811858771, -8.2810950127, 1.918482798467, 433.6221623168, -99999.0, -99999.0, 20.36, 7.45, 27.81, -0.574, 6.844, 6.281, -99999.0, -99999.0, -99999.0, -99999.0, -99999.0, -99999.0, -99999.0, 1.86, 3.99, 0.0
1747.0, 40.78069055083333, -111.940992097, 1287.974, 0.12, 20.9, 1.48, 231.63, 1.99322, 14747.1, 18.0476, 0.0344526, -99999.0, 0.15722387453, 433.60813826, 1.9707722597, 1.3129619837, -40.811858771, -8.2810950127, 1.918482798467, 433.6221623168, -99999.0, -99999.0, 20.38, 7.47, 27.85, -0.574, 6.844, 6.281, -99999.0, -99999.0, -99999.0, -99999.0, -99999.0, -99999.0, -99999.0, -99999.0, -99999.0, 0.0
1748.0, 40.780690585, -111.94099211916667, 1287.975, 0.07, 20.9, 1.19, 226.04, 1.99055, 14758.3, 18.2003, -0.0627382, -99999.0, 0.15722387453, 433.56643238, 1.9715466352, 1.3089411722, -40.811858771, -8.2810950127, 1.918482798467, 433.7959483989, -99999.0, 53.6, 20.35, 7.48, 27.83, -0.574, 6.844, 6.281, -99999.0, -99999.0, -99999.0, -99999.0, -99999.0, -99999.0, -99999.0, -99999.0, -99999.0, 0.0
1749.0, 40.78069059316667, -111.94099211233333, 1287.974, 0.01, 20.9, 1.25, 234.33, 1.99293, 14757.1, 17.9578, -0.103754, -99999.0, 0.15722125753, 433.36293949000003, 1.9715466352, 1.3089411722, -40.811858771, -8.0526986715, 1.918482798467, 433.7970494809, -99999.0, 53.5, 20.37, 7.48, 27.85, -0.574, 6.844, 6.281, -99999.0, -99999.0, -99999.0, -99999.0, -99999.0, -99999.0, -99999.0, 2.55, 5.61, 0.0
1750.0, 40.780690595333326, -111.94099211783332, 1287.977, 0.06, 20.9, 0.84, 239.94, 1.99449, 14743.2, 18.1652, 0.0178174, -99999.0, 0.15953220843, 433.1594466, 1.9715466352, 1.3089411722, -45.520129304, -8.0526986715, 1.921300796243, 433.7970494809, -99999.0, -99999.0, 20.36, 7.5, 27.87, -0.574, 6.844, 6.281, -99999.0, -99999.0, -99999.0, -99999.0, -99999.0, -99999.0, -99999.0, -99999.0, -99999.0, 0.0
1751.0, 40.78069058916667, -111.94099211166667, 1287.978, 0.07, 21.0, 1.08, 244.94, 1.99179, 14733.9, 18.0854, -0.0401844, -99999.0, 0.15953262755, 433.17912792, 1.9709910648, 1.3187421633, -45.520129304, -8.0526986715, 1.921300796243, 433.7970494809, -99999.0, -99999.0, 20.36, 7.55, 27.91, -0.574, 6.844, 6.281, -99999.0, -99999.0, -99999.0, -99999.0, -99999.0, -99999.0, -99999.0, 1.64, 5.81, 0.0
1752.0, 40.78069062366667, -111.94099210233335, 1287.975, 0.13, 21.0, 0.9, 239.95, 1.99175, 14723.7, 18.2495, -0.0914148, -99999.0, 0.15953304667, 433.33677672, 1.9709910648, 1.3187421633, -45.520129304, -7.6208893725, 1.921300796243, 433.7251972051, -99999.0, 52.0, 20.41, 7.57, 27.98, -0.574, 6.844, 6.281, -99999.0, -99999.0, -99999.0, -99999.0, -99999.0, -99999.0, -99999.0, -99999.0, -99999.0, 0.0
1753.0, 40.78069065733333, -111.94099209533333, 1287.971, 0.04, 21.0, 0.76, 230.84, 1.9911, 14728.3, 18.0237, -0.123232, -99999.0, 0.16816310715, 433.364739785, 1.9712607046500001, 1.32204801235, -99999.0, -99999.0, -99999.0, -99999.0, -99999.0, 50.2, 20.45, 7.61, 28.06, -0.574, 6.844, 6.281, -99999.0, -99999.0, -99999.0, -99999.0, -99999.0, -99999.0, -99999.0, 1.66, 4.65, 0.0
1754.0, 40.78069069149999, -111.94099208049998, 1287.969, 0.2, 21.0, 0.99, 239.35, 1.99112, 14748.7, 17.5004, 0.0280646, -99999.0, 0.16816392638, 433.41514752, 1.9715303445, 1.3253538614, -44.595453762, -7.1890800735, 1.930871195363, 433.7272785713, -99999.0, -99999.0, 20.5, 7.65, 28.15, -0.297, 6.844, 6.562, -99999.0, -99999.0, -99999.0, -99999.0, -99999.0, -99999.0, -99999.0, -99999.0, -99999.0, 0.0
1755.0, 40.78069074, -111.94099204566668, 1287.968, 0.1, 21.1, 0.98, 231.87, 1.99227, 14758.0, 17.9683, 0.0154891, -99999.0, 0.15038743711, 433.43759219, 1.9715303445, 1.3253538614, -44.595453762, -7.1890800735, 1.930871195363, 433.7272785713, -99999.0, -99999.0, 20.54, 7.66, 28.2, -0.297, 6.844, 6.562, -99999.0, -99999.0, -99999.0, -99999.0, -99999.0, -99999.0, -99999.0, -99999.0, -99999.0, 0.0
1756.0, 40.78069071116667, -111.94099201499999, 1287.966, 0.07, 21.1, 0.87, 227.67, 1.99248, 14764.5, 18.2543, -0.00823396, -99999.0, 0.15038685219999998, 433.43057193, 1.9711864537, 1.3166826689, -44.595453762, -7.3232960826, 1.930871195363, 433.72788166625, -99999.0, 51.6, 20.52, 7.69, 28.22, -0.297, 6.844, 6.562, -99999.0, -99999.0, -99999.0, -99999.0, -99999.0, -99999.0, -99999.0, 1.4, 5.06, 0.0
1757.0, 40.78069072033333, -111.94099200933333, 1287.959, 0.22, 21.1, 0.57, 230.96, 1.99215, 14802.8, 17.9589, -0.0145329, -99999.0, 0.15038626729, 433.27368882, 1.9711864537, 1.3166826689, -99999.0, -99999.0, -99999.0, -99999.0, -99999.0, 54.0, 20.53, 7.7, 28.23, -0.297, 6.844, 6.562, -99999.0, -99999.0, -99999.0, -99999.0, -99999.0, -99999.0, -99999.0, -99999.0, -99999.0, 0.0
1758.0, 40.78069070516667, -111.94099198, 1287.957, 0.1, 21.1, 0.96, 238.66, 1.99009, 14819.7, 17.7875, 0.0623724, -99999.0, 0.16300498684, 433.24624873000005, 1.97103940795, 1.3129626249, -54.088719598, -7.4575120917, 1.932576280868, 433.7272347291, -99999.0, -99999.0, 20.52, 7.73, 28.24, -0.297, 6.844, 6.562, -99999.0, -99999.0, -99999.0, -99999.0, -99999.0, -99999.0, -99999.0, -99999.0, -99999.0, 0.0
1759.0, 40.78069072033333, -111.94099195933335, 1287.954, 0.04, 21.2, 0.8, 221.36, 1.99233, 14813.7, 17.8955, 0.0559938, -99999.0, 0.16300320814, 433.121960725, 1.9708923622, 1.3092425809, -54.088719598, -7.4575120917, 1.932576280868, 433.7272347291, -99999.0, -99999.0, 20.46, 7.76, 28.22, -0.297, 6.844, 6.562, -99999.0, -99999.0, -99999.0, -99999.0, -99999.0, -99999.0, -99999.0, 1.04, 9.28, 0.0
1760.0, 40.780690736, -111.94099193083333, 1287.958, 0.06, 21.2, 0.92, 237.77, 1.99322, 14805.0, 18.2041, 0.0817965, -99999.0, 0.16067760759, 433.02511281, 1.9708923622, 1.3092425809, -54.088719598, -7.4929998273, 1.932576280868, 434.02290601974994, -99999.0, 53.0, 20.48, 7.77, 28.25, -0.297, 6.844, 6.562, -99999.0, -99999.0, -99999.0, -99999.0, -99999.0, -99999.0, -99999.0, -99999.0, -99999.0, 0.0
1761.0, 40.78069076483333, -111.94099190249999, 1287.96, 0.3, 21.2, 0.77, 249.16, 1.99256, 14785.8, 18.324, 0.110094, -99999.0, 0.16067782414999998, 433.00288581, 1.9713383372, 1.3101529423, -99999.0, -99999.0, -99999.0, -99999.0, -99999.0, 50.1, 20.56, 7.76, 28.32, -0.297, 6.844, 6.562, -99999.0, -99999.0, -99999.0, -99999.0, -99999.0, -99999.0, -99999.0, 1.67, 6.43, 0.0
1762.0, 40.78069077183333, -111.94099186983334, 1287.961, 0.09, 21.2, 0.65, 260.06, 1.99293, 14763.5, 18.0597, 0.119635, -99999.0, 0.16067804071, 433.0653074, 1.9713383372, 1.3101529423, -47.584833453, -7.5284875629, 1.920843081454, 434.02273484799997, -99999.0, -99999.0, 20.52, 7.8, 28.32, -0.297, 6.844, 6.562, -99999.0, -99999.0, -99999.0, -99999.0, -99999.0, -99999.0, -99999.0, -99999.0, -99999.0, 0.0
1763.0, 40.78069074883333, -111.94099181666667, 1287.96, 0.24, 21.2, 0.62, 237.76, 1.99084, 14761.2, 17.9116, 0.131863, -99999.0, 0.16418588943, 433.0653074, 1.9713383372, 1.3101529423, -47.584833453, -7.5284875629, 1.920843081454, 434.02273484799997, -99999.0, -99999.0, 20.51, 7.84, 28.35, -0.297, 6.844, 6.562, -99999.0, -99999.0, -99999.0, -99999.0, -99999.0, -99999.0, -99999.0, -99999.0, -99999.0, 0.0
1764.0, 40.780690755, -111.94099177000001, 1287.958, 0.29, 21.2, 0.6, 251.57, 1.99203, 14739.8, 18.0006, 0.0704957, -99999.0, 0.16418640345666666, 433.09560532, 1.9714613031, 1.3163074099, -47.584833453, -7.4650255384, 1.920843081454, 433.92917886515, -99999.0, 50.6, 20.53, 7.83, 28.37, -0.297, 6.844, 6.562, -99999.0, -99999.0, -99999.0, -99999.0, -99999.0, -99999.0, -99999.0, 2.29, 8.59, 0.0
1765.0, 40.78069075583334, -111.94099173000001, 1287.958, 0.12, 21.2, 0.46, 255.29, 1.99532, 14733.9, 18.1303, 0.207443, -99999.0, 0.1472668551, 433.10809504, 1.9714613031, 1.3163074099, -99999.0, -99999.0, -99999.0, -99999.0, -99999.0, 51.5, 20.54, 7.85, 28.39, -0.297, 6.844, 6.562, -99999.0, -99999.0, -99999.0, -99999.0, -99999.0, -99999.0, -99999.0, -99999.0, -99999.0, 0.0
1766.0, 40.78069078283333, -111.94099167166665, 1287.954, 0.09, 21.2, 0.0, 0.0, 1.99227, 14738.7, 17.943, 0.19651, -99999.0, 0.147267294085, 433.11833634, 1.9715858325, 1.3131600696, -51.203035429, -7.4015635139, 1.938180145179, 433.9294849021, -99999.0, -99999.0, 20.56, 7.85, 28.41, -0.297, 6.844, 6.562, -99999.0, -99999.0, -99999.0, -99999.0, -99999.0, -99999.0, -99999.0, 1.74, 2.32, 0.0
1767.0, 40.78069079283333, -111.94099161666666, 1287.951, 0.03, 21.2, 0.37, 251.68, 1.99253, 14755.9, 18.0098, 0.383206, -99999.0, 0.14726773307, 433.34840078, 1.9715858325, 1.3131600696, -51.203035429, -7.4015635139, 1.938180145179, 433.68627561355, -99999.0, -99999.0, 20.56, 7.87, 28.44, -0.297, 6.844, 6.562, -99999.0, -99999.0, -99999.0, -99999.0, -99999.0, -99999.0, -99999.0, -99999.0, -99999.0, 0.0
1768.0, 40.780690801333336, -111.94099156183331, 1287.948, 0.11, 21.2, 0.59, 262.39, 1.9914, 14768.0, 17.8481, 0.406446, -99999.0, 0.15865687233, 433.34840078, 1.9715858325, 1.3131600696, -51.203035429, -6.2136855805, 1.938180145179, 433.448788283, -99999.0, 51.2, 20.56, 7.87, 28.43, -0.297, 6.844, 6.562, -99999.0, -99999.0, -99999.0, -99999.0, -99999.0, -99999.0, -99999.0, -99999.0, -99999.0, 0.0
1769.0, 40.78069080383333, -111.94099148183335, 1287.944, 0.08, 21.2, 0.53, 309.09, 1.99185, 14767.0, 18.2603, 0.375772, -99999.0, 0.15865826077666664, 433.4058291633333, 1.9716344171, 1.3086798287, -43.997124568, -6.2136855805, 1.920927822468, 433.448788283, -99999.0, 50.3, 20.6, 7.86, 28.46, -0.297, 6.844, 6.562, -99999.0, -99999.0, -99999.0, -99999.0, -99999.0, -99999.0, -99999.0, 1.91, 1.91, 0.0
1770.0, 40.780690844166664, -111.94099143683334, 1287.942, 0.06, 21.2, 0.28, 263.29, 1.99259, 14765.3, 18.0868, 0.394174, -99999.0, 0.15837756918, 433.57266037, 1.9716344171, 1.3086798287, -99999.0, -99999.0, -99999.0, -99999.0, -99999.0, -99999.0, 20.67, 7.87, 28.54, -0.297, 6.844, 6.562, -99999.0, -99999.0, -99999.0, -99999.0, -99999.0, -99999.0, -99999.0, -99999.0, -99999.0, 0.0
1771.0, 40.78069084716667, -111.9409913875, 1287.942, 0.01, 21.2, 0.0, 0.0, 1.99307, 14761.4, 18.1739, 0.394728, -99999.0, 0.158377554845, 433.55022007, 1.9723036275, 1.3065764237, -43.997124568, -6.2136855805, 1.920927822468, 433.68413300015004, -99999.0, -99999.0, 20.67, 7.88, 28.55, -0.297, 6.844, 6.562, -99999.0, -99999.0, -99999.0, -99999.0, -99999.0, -99999.0, -99999.0, -99999.0, -99999.0, 0.0
1772.0, 40.78069086683333, -111.94099135266667, 1287.942, 0.11, 21.2, 0.36, 283.7, 1.99353, 14755.5, 17.9983, 0.370456, -99999.0, 0.15837754051, 433.57067423, 1.9723036275, 1.3065764237, -43.997124568, -6.6670976046, 1.920927822468, 433.9172912789, -99999.0, 51.2, 20.63, 7.92, 28.55, -0.297, 6.844, 6.562, -99999.0, -99999.0, -99999.0, -99999.0, -99999.0, -99999.0, -99999.0, 1.55, 4.52, 0.0
1773.0, 40.78069088283333, -111.94099131050001, 1287.941, 0.07, 21.2, 0.43, 251.72, 1.99159, 14750.3, 17.936, 0.3817, -99999.0, 0.16513169373, 433.57067423, 1.9723036275, 1.3065764237, -53.222193461, -6.6670976046, 1.927459989482, 433.9172912789, -99999.0, 53.3, 20.63, 7.93, 28.56, -0.297, 6.844, 6.562, -99999.0, -99999.0, -99999.0, -99999.0, -99999.0, -99999.0, -99999.0, -99999.0, -99999.0, 0.0
1774.0, 40.780690893, -111.94099126383335, 1287.939, 0.12, 21.2, 0.76, 241.73, 1.99222, 14725.4, 18.16, 0.372468, -99999.0, 0.16513105019500002, 433.59169171, 1.9718031626, 1.3148464553, -99999.0, -99999.0, -99999.0, -99999.0, -99999.0, -99999.0, 20.57, 7.98, 28.55, -0.297, 6.844, 6.562, -99999.0, -99999.0, -99999.0, -99999.0, -99999.0, -99999.0, -99999.0, 1.72, 6.18, 0.0
1775.0, 40.78069093933333, -111.94099121616667, 1287.939, 0.15, 21.2, 0.73, 237.13, 1.99423, 14723.5, 17.8502, 0.271803, -99999.0, 0.16370131769000001, 433.37897122, 1.9718031626, 1.3148464553, -53.222193461, -6.6670976046, 1.927459989482, 434.1238753932, -99999.0, -99999.0, 20.63, 8.0, 28.63, -0.297, 6.844, 6.562, -99999.0, -99999.0, -99999.0, -99999.0, -99999.0, -99999.0, -99999.0, -99999.0, -99999.0, 0.0
1776.0, 40.780690949333334, -111.94099116800001, 1287.935, 0.06, 21.2, 0.56, 235.62, 1.99448, 14722.7, 17.7763, 0.17824, -99999.0, 0.16227222872, 433.4211066, 1.9719250362, 1.3189412441, -53.222193461, -8.2238114216, 1.927459989482, 434.3229455918, -99999.0, 53.8, 20.61, 8.01, 28.62, -0.297, 7.156, 6.594, -99999.0, -99999.0, -99999.0, -99999.0, -99999.0, -99999.0, -99999.0, -99999.0, -99999.0, 0.0
1777.0, 40.780690949000004, -111.94099111533333, 1287.931, 0.07, 21.2, 0.41, 229.32, 1.99209, 14737.4, 18.0833, 0.173259, -99999.0, 0.16227303451, 433.48322569, 1.9719250362, 1.3189412441, -56.928244368, -8.2238114216, 1.929609833819, 434.3229455918, -99999.0, 54.0, 20.6, 8.05, 28.66, -0.551, 7.156, 6.594, -99999.0, -99999.0, -99999.0, -99999.0, -99999.0, -99999.0, -99999.0, 2.25, 3.98, 0.0
1778.0, 40.78069091916666, -111.94099107066668, 1287.926, 0.09, 21.2, 0.27, 182.53, 1.99369, 14746.8, 18.0082, 0.234993, -99999.0, 0.16319617583, 433.54534478, 1.9719250362, 1.3189412441, -99999.0, -99999.0, -99999.0, -99999.0, -99999.0, -99999.0, 20.55, 8.08, 28.62, -0.551, 7.156, 6.594, -99999.0, -99999.0, -99999.0, -99999.0, -99999.0, -99999.0, -99999.0, -99999.0, -99999.0, 0.0
1779.0, 40.78069093016667, -111.94099102016668, 1287.919, 0.17, 21.2, 0.0, 0.0, 1.99236, 14763.0, 17.8572, 0.240779, -99999.0, 0.163196301905, 433.56687053, 1.972133897, 1.3211609307, -56.928244368, -8.2238114216, 1.929609833819, 434.22962468345, -99999.0, -99999.0, 20.6, 8.08, 28.68, -0.551, 7.156, 6.594, -99999.0, -99999.0, -99999.0, -99999.0, -99999.0, -99999.0, -99999.0, -99999.0, -99999.0, 0.0
1780.0, 40.780690937500005, -111.94099096983334, 1287.915, 0.06, 21.2, 0.0, 0.0, 1.99205, 14790.2, 18.195, 0.186912, -99999.0, 0.16319642798, 433.58100107, 1.972133897, 1.3211609307, -56.928244368, -7.0754241083, 1.929609833819, 434.1418444064, -99999.0, 53.4, 20.54, 8.08, 28.62, -0.551, 7.156, 6.594, -99999.0, -99999.0, -99999.0, -99999.0, -99999.0, -99999.0, -99999.0, 2.89, 4.99, 0.0
1781.0, 40.780690983666666, -111.94099092166668, 1287.914, 0.08, 21.2, 0.25, 304.34, 1.99248, 14788.0, 17.8212, 0.190287, -99999.0, 0.15415973246, 433.60080202, 1.97221316175, 1.32585948445, -47.100363739, -7.0754241083, 1.9142388736940001, 434.1418444064, -99999.0, 54.4, 20.52, 8.09, 28.61, -0.551, 7.156, 6.594, -99999.0, -99999.0, -99999.0, -99999.0, -99999.0, -99999.0, -99999.0, -99999.0, -99999.0, 0.0
