arc_raw/USOS-ARL-Suite_ARC_20240716_RA.ict
71,1001
Xinrong Ren
NOAA Air Resources Lab
ARC-Suite
USOS: Utah Summer Ozone Study
1,1
2024,07,16,2024,07,16
1
StartTime_seconds, seconds, Start time in UTC seconds since midnight
38
1,1,1,1,1,1,1,1,1,1,1,1,1,1,1,1,1,1,1,1,1,1,1,1,1,1,1,1,1,1,1,1,1,1,1,1,1,1
-99999,-99999,-99999,-99999,-99999,-99999,-99999,-99999,-99999,-99999,-99999,-99999,-99999,-99999,-99999,-99999,-99999,-99999,-99999,-99999,-99999,-99999,-99999,-99999,-99999,-99999,-99999,-99999,-99999,-99999,-99999,-99999,-99999,-99999,-99999,-99999,-99999,-99999
lat_DGPS_deg, degrees, Latitude in decimal by Hemisphere VS1100 Differential GPS
lon_DGPS_deg, degrees, Longitude in decimal by Hemisphere VS1100 Differential GPS
alt_msl_m, meters, GPS Altitude MSL
speed_km_h, km/s, vehicle speed
RH, percent, relative humidity
true_WS_m_s, m/s, wind speed by 2D sonic sensor
true_WD_deg, degree, wind direction by 2D sonic sensor
CH4_aeris313_ppm, ppm, CH4 mixing ratio by Aeris
H2O_aeris313_ppm, ppm, H2O mixing ratio by Aeris
C2H6_aeris313_ppb, ppb, C2H6 mixing ratio by Aeris
r_aeris313, 1, relavence between CH4 and C2H6 by Aeris
C2C1_aeris313, 1, C2H6 to CH4 ratio by Aeris
CO_g2401m_ppm, ppm, CO mixing ratio by Picarro G2401m
CO2_g2401m_ppm, ppm, CO2 mixing ratio by Picarro G2401m
CH4_g2401m_ppm, ppm, CH4 mixing ratio by Picarro G2401m
H2O_g2401m, ppm, H2O mixing ratio by Picarro G2401m
delta13C_CH4_raw, permill, delta 13C of CH4 by Picarro G2201i
delta13C_CO2_raw, permill, delta 13C of CO2 by Picarro G2201i
CH4_g2201i_ppm, ppm, CH4 mixing ratio by Picarro G2201i
CO2_g2201i_ppm, ppm, CO2 mixing ratio by Picarro G2201i
NH3_g2301_ppb, ppb, NH3 mixing ratio by Picarro G2301
O3_2B_ppm, ppm, O3 mixing ratio by 2B
NO_G60_ppb, ppb, NO mixing ratio by G60
NO2_G60_ppb, ppb, NO2 mixing ratio by G60
NOx_G60_ppb, ppb, NOx mixing ratio by G60
NO_N500_ppb, ppb, NO mixing ratio by N500
NO2_N500_ppb, ppb, NO2 mixing ratio by N500
NOx_N500_ppb, ppb, NOx mixing ratio by N500
BC370_AE43_ng_m3, ng/m3, Black Carbon at 370 nm by AE43
BC470_AE43_ng_m3, ng/m3, Black Carbon at 470 nm by AE43
BC520_AE43_ng_m3, ng/m3, Black Carbon at 520 nm by AE43
BC590_AE43_ng_m3, ng/m3, Black Carbon at 590 nm by AE43
BC660_AE43_ng_m3, ng/m3, Black Carbon at 660 nm by AE43
BC880_AE43_ng_m3, ng/m3, Black Carbon at 880 nm by AE43
BC950_AE43_ng_m3, ng/m3, Black Carbon at 950 nm by AE43
PM25, ug/m3, PM2.5 by particle sensor
PM10, ug/m3, PM10 by particle sensor
Valve, boolian, indicator of valve conditions;0 is measurement; 10 is zeroing; 11 is spanning
1
SPECIAL COMMENTS, N/A
18
PI_CONTACT_INFO: xinrong.ren@noaa.gov, 301-683-1391, NOAA/ARL, 5830 University Research Court, College Park, MD 20740
PLATFORM: NOAA Air Resources Car
LOCATION: Salt Lake City
ASSOCIATED_DATA: N/A
INSTRUMENT_INFO: Hemisphere VS1100 differential GPS (Latitude, Longitude, GPS Altitude, speed), meteorological sensor (RH, WS, WD), 2B (O3), G60 CRDS (NO-NOx), Teledyne N500 (NO-NOx), Picarro G2401-m (CO2, CH4, CO, H2O), Picarro G2201i (CO2, CH4, d13C_CO2, d13C_CH4, H2O), Picarro 2301 (NH3), Aeris Ultra MIRA (CH4, C2H6, H2O, r, C2/C1), AE43 (Black Carbon), Partical sensor (PM2.5, PM10)
DATA_INFO: Records are reported at 1-second intervals. Hemisphere VS1100 differential GPS has 1-second ntervals. 2B O3 values are reported 2-second averages. G60 Cavity Rong Down NO-NO2-NO2 has 1-second average. Teledyne CAPS NO2 analyzer has 10-second time resolution. Picarro 2401m (CO2, CH4, CO, H2O) data has 2.5-second time resolution. Picarro 2201i (isotope) has ~5 second time resolution. Aeris Ultra MIRA has 1-second integration time. AE43 data are 10-second moving averages. Partical sensor has 10-second time resolution.
UNCERTAINTY: -99999, -99999, -99999, 15 m, -99999, -99999, -99999, -99999, 1 ppb, 100 ppm, 0.2 ppb, -99999, -99999, 5 ppb, 0.1 ppm, 1 ppb, 100 ppm, -99999, -99999, -99999, -99999, 2 ppb, 0.3 ppb, -99999, -99999, -99999, 0.05 ppb, 0.05 ppb, 0.05 ppb, 10 ng/m3, 10 ng/m3, 10 ng/m3, 10 ng/m3, 10 ng/m3, 10 ng/m3, 10 ng/m3, 10 ng/m3, 0
ULOD_FLAG: -77777
ULOD_VALUE: N/A
LLOD_FLAG: -88888
LLOD_VALUE: N/A
DM_CONTACT_INFO: Jiayang Sun; University of Maryland; jiayangs@umd.edu
PROJECT_INFO: USOS July - Aug 2024 https://deq.utah.gov/air-quality/utah-summer-ozone-study-usos
STIPULATIONS_ON_USE: Use of these data requires prior ok from PI.
OTHER_COMMENTS: N/A
REVISION: RA
RA: Preliminary Data for in-field use only.
StartTime_seconds, lat_DGPS_deg, lon_DGPS_deg, alt_msl_m, speed_km_h, RH, true_WS_m_s, true_WD_deg, CH4_aeris313_ppm, H2O_aeris313_ppm, C2H6_aeris313_ppb, r_aeris313, C2C1_aeris313, CO_g2401m_ppm, CO2_g2401m_ppm, CH4_g2401m_ppm, H2O_g2401m, delta13C_CH4_raw, delta13C_CO2_raw, CH4_g2201i_ppm, CO2_g2201i_ppm, NH3_g2301_ppb, O3_2B_ppm, NO_G60_ppb, NO2_G60_ppb, NOx_G60_ppb, NO_N500_ppb, NO2_N500_ppb, NOx_N500_ppb, BC370_AE43_ng_m3, BC470_AE43_ng_m3, BC520_AE43_ng_m3, BC590_AE43_ng_m3, BC660_AE43_ng_m3, BC880_AE43_ng_m3, BC950_AE43_ng_m3, PM25, PM10, Valve
[from data line 3130]
3130.0, 40.78066617100001, -111.94101613899998, 1286.166, 0.06, 19.9, 2.46, 246.76, 1.99155, 13532.9, 16.0185, 0.187627, -99999.0, 0.14777965743, 424.86133145, 1.9603380277, 1.1738456355, -99999.0, -99999.0, -99999.0, -99999.0, -99999.0, -99999.0, 17.23, 0.72, 17.95, -0.871, -0.342, -1.211, -99999.0, -99999.0, -99999.0, -99999.0, -99999.0, -99999.0, -99999.0, -99999.0, -99999.0, 0.0
3131.0, 40.780666198, -111.94101615316667, 1286.162, 0.04, 19.9, 0.68, 250.55, 1.99117, 13535.9, 16.1324, 0.188344, -99999.0, 0.14778167082, 425.5897105, 1.9603380277, 1.1738456355, -99999.0, -99999.0, -99999.0, -99999.0, -99999.0, -99999.0, 17.26, 0.71, 17.97, -0.871, -0.342, -1.211, -99999.0, -99999.0, -99999.0, -99999.0, -99999.0, -99999.0, -99999.0, 2.26, 4.67, 0.0
3132.0, 40.780666249666666, -111.94101618083332, 1286.15, 0.11, 19.9, 1.16, 223.35, 1.99013, 13549.2, 16.1037, 0.123363, -99999.0, 0.13894460942, 425.5897105, 1.9603380277, 1.1738456355, -99999.0, -99999.0, -99999.0, -99999.0, -99999.0, -99999.0, 17.24, 0.73, 17.97, -0.871, -0.342, -1.211, -99999.0, -99999.0, -99999.0, -99999.0, -99999.0, -99999.0, -99999.0, -99999.0, -99999.0, 0.0
3133.0, 40.780666299, -111.94101613149999, 1286.153, 0.17, 19.9, 0.64, 267.98, 1.99166, 13565.8, 15.6463, 0.0801638, -99999.0, 0.13894926182666667, 426.09946625666663, 1.9603609095, 1.1951653153, -99999.0, -99999.0, -99999.0, -99999.0, -99999.0, -99999.0, 17.24, 0.73, 17.97, -0.871, -0.342, -1.211, -99999.0, -99999.0, -99999.0, -99999.0, -99999.0, -99999.0, -99999.0, 2.02, 2.6, 0.0
3134.0, 40.780666346000004, -111.94101609466667, 1286.154, 0.15, 19.9, 0.0, 0.0, 1.99084, 13573.9, 15.8939, 0.0869169, -99999.0, 0.13580175286, 426.89105181, 1.9603609095, 1.1951653153, -99999.0, -99999.0, -99999.0, -99999.0, -99999.0, -99999.0, 17.28, 0.74, 18.02, -0.871, -0.342, -1.211, -99999.0, -99999.0, -99999.0, -99999.0, -99999.0, -99999.0, -99999.0, -99999.0, -99999.0, 0.0
3135.0, 40.780666382999996, -111.94101605066665, 1286.16, 0.06, 19.9, 0.56, 216.95, 1.98998, 13557.1, 15.8448, 0.0939493, -99999.0, 0.135798339825, 426.94903473, 1.9601568526, 1.191134667, -99999.0, -99999.0, -99999.0, -99999.0, -99999.0, -99999.0, 17.28, 0.74, 18.02, -0.871, -0.342, -1.211, -99999.0, -99999.0, -99999.0, -99999.0, -99999.0, -99999.0, -99999.0, 1.53, 2.99, 0.0
3136.0, 40.78066639633333, -111.94101599449999, 1286.169, 0.07, 19.9, 0.85, 174.07, 1.99086, 13552.6, 15.7309, 0.105029, -99999.0, 0.13579492679, 425.78253399, 1.9601568526, 1.191134667, -99999.0, -99999.0, -99999.0, -99999.0, -99999.0, -99999.0, 17.3, 0.75, 18.05, -0.871, -0.342, -1.211, -99999.0, -99999.0, -99999.0, -99999.0, -99999.0, -99999.0, -99999.0, -99999.0, -99999.0, 0.0
3137.0, 40.78066638516667, -111.94101593816667, 1286.186, 0.1, 19.9, 1.62, 249.56, 1.99078, 13551.0, 15.7274, 0.108539, -99999.0, 0.14160788948, 425.78253399, 1.9601568526, 1.191134667, -99999.0, -99999.0, -99999.0, -99999.0, -99999.0, -99999.0, 17.28, 0.75, 18.03, -0.871, -0.342, -1.211, -99999.0, -99999.0, -99999.0, -99999.0, -99999.0, -99999.0, -99999.0, 1.67, 1.67, 0.0
3138.0, 40.7806663795, -111.94101589216667, 1286.2, 0.02, 19.9, 0.83, 248.86, 1.98817, 13536.4, 15.2535, 0.365654, -99999.0, 0.14160692272, 425.66211644333333, 1.9599531659, 1.1906541312, -99999.0, -99999.0, -99999.0, -99999.0, -99999.0, -99999.0, 17.29, 0.77, 18.05, -0.871, -0.342, -1.211, -99999.0, -99999.0, -99999.0, -99999.0, -99999.0, -99999.0, -99999.0, -99999.0, -99999.0, 0.0
3139.0, 40.7806663885, -111.94101587733333, 1286.203, 0.08, 19.9, 0.73, 266.23, 1.98977, 13498.6, 15.7625, 0.342874, -99999.0, 0.14175671351, 425.45144743, 1.9599531659, 1.1906541312, -99999.0, -99999.0, -99999.0, -99999.0, -99999.0, -99999.0, 17.29, 0.77, 18.05, -0.871, -0.342, -1.211, -99999.0, -99999.0, -99999.0, -99999.0, -99999.0, -99999.0, -99999.0, 2.01, 4.05, 0.0
3140.0, 40.7806664155, -111.94101587316666, 1286.196, 0.08, 19.9, 0.98, 266.01, 1.98909, 13465.1, 15.7871, 0.324605, -99999.0, 0.14175671351, 425.41963569, 1.9600168328, 1.1816138281, -99999.0, -99999.0, -99999.0, -99999.0, -99999.0, -99999.0, 17.21, 0.76, 17.97, -0.871, -0.342, -1.211, -99999.0, -99999.0, -99999.0, -99999.0, -99999.0, -99999.0, -99999.0, -99999.0, -99999.0, 0.0
3141.0, 40.78066640183334, -111.94101580116667, 1286.206, 0.08, 19.9, 0.64, 248.83, 1.98696, 13437.7, 15.7186, 0.258564, -99999.0, 0.14176724465, 426.35502897000003, 1.9600168328, 1.1816138281, -99999.0, -99999.0, -99999.0, -99999.0, -99999.0, -99999.0, 17.19, 0.77, 17.96, -0.801, -0.428, -1.227, -99999.0, -99999.0, -99999.0, -99999.0, -99999.0, -99999.0, -99999.0, 1.63, 1.63, 0.0
3142.0, 40.780666391833336, -111.94101574033333, 1286.222, 0.12, 19.9, 1.07, 257.44, 1.9904, 13428.3, 15.7028, 0.280926, -99999.0, 0.13601755768, 427.29042225, 1.9600168328, 1.1816138281, -99999.0, -99999.0, -99999.0, -99999.0, -99999.0, -99999.0, 17.19, 0.77, 17.96, -0.801, -0.428, -1.227, -99999.0, -99999.0, -99999.0, -99999.0, -99999.0, -99999.0, -99999.0, 2.48, 2.48, 0.0
3143.0, 40.78066639199999, -111.94101566983333, 1286.232, 0.13, 19.9, 1.59, 273.03, 1.98884, 13438.4, 15.8854, 0.239484, -99999.0, 0.136012576685, 427.23380107, 1.9600618131, 1.1737772071, -99999.0, -99999.0, -99999.0, -99999.0, -99999.0, -99999.0, 17.26, 0.76, 18.02, -0.801, -0.428, -1.227, -99999.0, -99999.0, -99999.0, -99999.0, -99999.0, -99999.0, -99999.0, -99999.0, -99999.0, 0.0
3144.0, 40.780666398666675, -111.94101560916667, 1286.245, 0.08, 19.9, 1.34, 262.21, 1.99024, 13452.2, 15.7366, 0.242681, -99999.0, 0.13600759569, 425.54106498, 1.9600618131, 1.1737772071, -99999.0, -99999.0, -99999.0, -99999.0, -99999.0, -99999.0, 17.26, 0.76, 18.02, -0.801, -0.428, -1.227, -99999.0, -99999.0, -99999.0, -99999.0, -99999.0, -99999.0, -99999.0, 2.13, 4.84, 0.0
3145.0, 40.78066642383334, -111.94101554283334, 1286.256, 0.03, 20.0, 1.57, 248.03, 1.99181, 13505.3, 15.8426, 0.271409, -99999.0, 0.13533538586, 425.524018855, 1.9598756438, 1.1725932361, -99999.0, -99999.0, -99999.0, -99999.0, -99999.0, -99999.0, 17.28, 0.77, 18.05, -0.801, -0.428, -1.227, -99999.0, -99999.0, -99999.0, -99999.0, -99999.0, -99999.0, -99999.0, -99999.0, -99999.0, 0.0
3146.0, 40.78066645649999, -111.94101547116666, 1286.264, 0.06, 20.0, 1.05, 245.64, 1.98815, 13561.1, 15.7241, 0.231417, -99999.0, 0.13533327285, 425.23443111999995, 1.9596894745, 1.1714092651, -99999.0, -99999.0, -99999.0, -99999.0, -99999.0, -99999.0, 17.36, 0.74, 18.1, -0.801, -0.428, -1.227, -99999.0, -99999.0, -99999.0, -99999.0, -99999.0, -99999.0, -99999.0, -99999.0, -99999.0, 0.0
3147.0, 40.78066647183333, -111.94101540266665, 1286.281, 0.06, 20.0, 0.73, 251.92, 1.98867, 13583.7, 15.5525, 0.252475, -99999.0, 0.13027494454, 424.96188951, 1.9596894745, 1.1714092651, -99999.0, -99999.0, -99999.0, -99999.0, -99999.0, -99999.0, 17.38, 0.73, 18.11, -0.801, -0.428, -1.227, -99999.0, -99999.0, -99999.0, -99999.0, -99999.0, -99999.0, -99999.0, 1.88, 1.88, 0.0
3148.0, 40.78066647516666, -111.94101535666665, 1286.291, 0.06, 20.0, 1.16, 233.81, 1.98943, 13586.8, 15.9386, 0.253106, -99999.0, 0.13027472423, 424.9148746, 1.9593763479, 1.1596873643, -99999.0, -99999.0, -99999.0, -99999.0, -99999.0, -99999.0, 17.35, 0.75, 18.11, -0.801, -0.428, -1.227, -99999.0, -99999.0, -99999.0, -99999.0, -99999.0, -99999.0, -99999.0, 2.11, 7.39, 0.0
3149.0, 40.780666465166675, -111.94101531133335, 1286.3, 0.04, 20.0, 0.48, 243.03, 1.98825, 13598.9, 15.6856, 0.24977, -99999.0, 0.13027450392, 424.9576533, 1.9593763479, 1.1596873643, -99999.0, -99999.0, -99999.0, -99999.0, -99999.0, -99999.0, 17.37, 0.75, 18.12, -0.801, -0.428, -1.227, -99999.0, -99999.0, -99999.0, -99999.0, -99999.0, -99999.0, -99999.0, -99999.0, -99999.0, 0.0
3150.0, 40.78066645966667, -111.941015269, 1286.311, 0.07, 20.1, 1.47, 240.03, 1.98851, 13613.7, 15.431, 0.327877, -99999.0, 0.12969600927, 424.95345838000003, 1.9595437752, 1.1642905991, -99999.0, -99999.0, -99999.0, -99999.0, -99999.0, -99999.0, 17.35, 0.76, 18.11, -0.801, -0.428, -1.227, -99999.0, -99999.0, -99999.0, -99999.0, -99999.0, -99999.0, -99999.0, 2.15, 2.15, 0.0
3151.0, 40.78066647716666, -111.94101523366665, 1286.321, 0.05, 20.1, 1.14, 232.61, 1.98899, 13619.6, 15.8913, 0.269174, -99999.0, 0.12969409718, 424.75893309, 1.9597112025, 1.1688938339, -99999.0, -99999.0, -99999.0, -99999.0, -99999.0, -99999.0, 17.33, 0.82, 18.15, -0.801, -0.428, -1.227, -99999.0, -99999.0, -99999.0, -99999.0, -99999.0, -99999.0, -99999.0, -99999.0, -99999.0, 0.0
3152.0, 40.780666471, -111.94101520166666, 1286.333, 0.09, 20.1, 1.0, 271.29, 1.98776, 13605.8, 15.548, 0.309114, -99999.0, 0.14107469703, 424.56860272, 1.9597112025, 1.1688938339, -99999.0, -99999.0, -99999.0, -99999.0, -99999.0, -99999.0, 17.35, 0.83, 18.18, -0.801, -0.428, -1.227, -99999.0, -99999.0, -99999.0, -99999.0, -99999.0, -99999.0, -99999.0, 2.49, 2.49, 0.0
3153.0, 40.78066644333333, -111.94101515466667, 1286.35, 0.05, 20.1, 1.28, 247.71, 1.98973, 13593.7, 15.7706, 0.310417, -99999.0, 0.141074652535, 424.58590403, 1.9597726934, 1.1648766702, -99999.0, -99999.0, -99999.0, -99999.0, -99999.0, -99999.0, 17.35, 0.84, 18.19, -0.801, -0.428, -1.227, -99999.0, -99999.0, -99999.0, -99999.0, -99999.0, -99999.0, -99999.0, -99999.0, -99999.0, 0.0
3154.0, 40.780666426833335, -111.94101516116667, 1286.36, 0.09, 20.1, 1.02, 239.31, 1.98936, 13579.3, 15.3818, 0.316857, -99999.0, 0.14107460804, 424.56720828, 1.9597726934, 1.1648766702, -99999.0, -99999.0, -99999.0, -99999.0, -99999.0, -99999.0, 17.34, 0.85, 18.19, -0.801, -0.428, -1.227, -99999.0, -99999.0, -99999.0, -99999.0, -99999.0, -99999.0, -99999.0, 1.78, 2.36, 0.0
3155.0, 40.780666393500006, -111.9410151465, 1286.37, 0.14, 20.1, 1.62, 221.5, 1.98767, 13560.5, 15.7326, 0.323915, -99999.0, 0.13929286844, 424.56720828, 1.9597726934, 1.1648766702, -99999.0, -99999.0, -99999.0, -99999.0, -99999.0, -99999.0, 17.38, 0.84, 18.22, -0.801, -0.428, -1.227, -99999.0, -99999.0, -99999.0, -99999.0, -99999.0, -99999.0, -99999.0, -99999.0, -99999.0, 0.0
3156.0, 40.780666384999996, -111.9410151745, 1286.369, 0.02, 20.1, 1.7, 217.32, 1.98891, 13538.4, 15.6193, 0.331032, -99999.0, 0.1393003425, 425.22227458666663, 1.9594929886, 1.1673281345, -99999.0, -99999.0, -99999.0, -99999.0, -99999.0, -99999.0, 17.39, 0.84, 18.23, -0.801, -0.428, -1.227, -99999.0, -99999.0, -99999.0, -99999.0, -99999.0, -99999.0, -99999.0, 1.97, 2.55, 0.0
3157.0, 40.7806663765, -111.94101521133334, 1286.369, 0.06, 20.1, 1.23, 243.01, 1.98864, 13516.7, 16.1583, 0.277136, -99999.0, 0.14139649903, 426.54284426, 1.9594929886, 1.1673281345, -99999.0, -99999.0, -99999.0, -99999.0, -99999.0, -99999.0, 17.41, 0.86, 18.27, -0.801, -0.428, -1.227, -99999.0, -99999.0, -99999.0, -99999.0, -99999.0, -99999.0, -99999.0, -99999.0, -99999.0, 0.0
3158.0, 40.78066637399999, -111.94101521016667, 1286.372, 0.09, 20.2, 2.43, 268.14, 1.98889, 13502.8, 15.6539, 0.289135, -99999.0, 0.14140622282, 426.61715873, 1.9598181606, 1.1870700207, -99999.0, -99999.0, -99999.0, -99999.0, -99999.0, -99999.0, 17.44, 0.85, 18.3, -0.801, -0.428, -1.227, -99999.0, -99999.0, -99999.0, -99999.0, -99999.0, -99999.0, -99999.0, 2.2, 2.2, 0.0
3159.0, 40.78066631883333, -111.94101522566667, 1286.378, 0.04, 20.2, 2.34, 266.65, 1.99025, 13485.7, 15.8964, 0.393058, -99999.0, 0.14141594661, 430.15278906, 1.9598181606, 1.1870700207, -99999.0, -99999.0, -99999.0, -99999.0, -99999.0, -99999.0, 17.4, 0.88, 18.29, -0.801, -0.428, -1.227, -99999.0, -99999.0, -99999.0, -99999.0, -99999.0, -99999.0, -99999.0, -99999.0, -99999.0, 0.0
3160.0, 40.7806662795, -111.941015246, 1286.387, 0.07, 20.2, 2.09, 274.83, 1.98931, 13463.3, 15.5494, 0.345252, -99999.0, 0.14454996505, 430.15278906, 1.9598181606, 1.1870700207, -99999.0, -99999.0, -99999.0, -99999.0, -99999.0, -99999.0, 17.41, 0.89, 18.3, -0.801, -0.428, -1.227, -99999.0, -99999.0, -99999.0, -99999.0, -99999.0, -99999.0, -99999.0, 2.29, 4.42, 0.0
3161.0, 40.780666235, -111.94101529299999, 1286.39, 0.1, 20.3, 2.17, 246.72, 1.99016, 13442.1, 15.5437, 0.249106, -99999.0, 0.14454443448499998, 430.25541804, 1.9601100841, 1.1977040191, -99999.0, -99999.0, -99999.0, -99999.0, -99999.0, -99999.0, 17.44, 0.89, 18.33, -0.801, -0.428, -1.227, -99999.0, -99999.0, -99999.0, -99999.0, -99999.0, -99999.0, -99999.0, -99999.0, -99999.0, 0.0
3162.0, 40.780666209500005, -111.94101533883334, 1286.387, 0.08, 20.3, 1.8, 244.01, 1.98768, 13411.6, 15.5115, 0.262437, -99999.0, 0.14473338222999999, 428.29902308, 1.9601100841, 1.1977040191, -99999.0, -99999.0, -99999.0, -99999.0, -99999.0, -99999.0, 17.51, 0.87, 18.37, -0.801, -0.428, -1.227, -99999.0, -99999.0, -99999.0, -99999.0, -99999.0, -99999.0, -99999.0, 1.91, 3.37, 0.0
3163.0, 40.78066617416667, -111.94101543016669, 1286.388, 0.1, 20.3, 2.15, 259.33, 1.99143, 13398.1, 15.8494, 0.331877, -99999.0, 0.14492786054, 428.32740602, 1.9603004781, 1.1955066055, -99999.0, -99999.0, -99999.0, -99999.0, -99999.0, -99999.0, 17.5, 0.88, 18.38, -0.871, -0.428, -1.297, -99999.0, -99999.0, -99999.0, -99999.0, -99999.0, -99999.0, -99999.0, -99999.0, -99999.0, 0.0
3164.0, 40.780666147999995, -111.941015493, 1286.383, 0.11, 20.3, 2.19, 266.24, 1.9881, 13399.9, 15.6792, 0.300556, -99999.0, 0.14492287148, 427.88846395, 1.9603004781, 1.1955066055, -99999.0, -99999.0, -99999.0, -99999.0, -99999.0, -99999.0, 17.46, 0.89, 18.35, -0.871, -0.428, -1.297, -99999.0, -99999.0, -99999.0, -99999.0, -99999.0, -99999.0, -99999.0, 2.05, 5.64, 0.0
3165.0, 40.78066609683334, -111.94101549633334, 1286.39, 0.09, 20.2, 0.0, 0.0, 1.9902, 13413.9, 15.6225, 0.27193, -99999.0, 0.14193920817, 427.44952188, 1.9603004781, 1.1955066055, -99999.0, -99999.0, -99999.0, -99999.0, -99999.0, -99999.0, 17.44, 0.88, 18.32, -0.871, -0.428, -1.297, -99999.0, -99999.0, -99999.0, -99999.0, -99999.0, -99999.0, -99999.0, -99999.0, -99999.0, 0.0
3166.0, 40.78066606216666, -111.94101552566666, 1286.394, 0.11, 20.2, 0.29, 116.94, 1.9899, 13415.8, 15.75, 0.276149, -99999.0, 0.14193561660999998, 427.41304086, 1.959772002, 1.1868369313, -99999.0, -99999.0, -99999.0, -99999.0, -99999.0, -99999.0, 17.47, 0.9, 18.37, -0.871, -0.428, -1.297, -99999.0, -99999.0, -99999.0, -99999.0, -99999.0, -99999.0, -99999.0, 2.32, 2.32, 0.0
3167.0, 40.780666014666664, -111.941015542, 1286.404, 0.0, 20.1, 0.0, 0.0, 1.98792, 13407.8, 15.5083, 0.30403, -99999.0, 0.14193202505, 426.16701127, 1.959772002, 1.1868369313, -99999.0, -99999.0, -99999.0, -99999.0, -99999.0, -99999.0, 17.49, 0.88, 18.37, -0.871, -0.428, -1.297, -99999.0, -99999.0, -99999.0, -99999.0, -99999.0, -99999.0, -99999.0, -99999.0, -99999.0, 0.0
3168.0, 40.780666014999994, -111.94101563133333, 1286.394, 0.08, 20.1, 0.28, 311.24, 1.9879, 13401.0, 15.4377, 0.305362, -99999.0, 0.13918281103, 426.15687098, 1.9598296939000002, 1.18814122935, -99999.0, -99999.0, -99999.0, -99999.0, -99999.0, -99999.0, 17.49, 0.86, 18.35, -0.871, -0.428, -1.297, -99999.0, -99999.0, -99999.0, -99999.0, -99999.0, -99999.0, -99999.0, 2.07, 7.98, 0.0
3169.0, 40.78066602566666, -111.94101571166667, 1286.389, 0.11, 20.1, 0.54, 55.74, 1.98729, 13411.3, 15.6717, 0.29454, -99999.0, 0.13919023007, 426.76271045, 1.9598873858, 1.1894455274, -99999.0, -99999.0, -99999.0, -99999.0, -99999.0, -99999.0, 17.54, 0.86, 18.4, -0.871, -0.428, -1.297, -99999.0, -99999.0, -99999.0, -99999.0, -99999.0, -99999.0, -99999.0, -99999.0, -99999.0, 0.0
3170.0, 40.78066601133333, -111.94101577066667, 1286.386, 0.07, 20.0, 0.42, 324.55, 1.99172, 13410.9, 15.9857, 0.375648, -99999.0, 0.13465195108, 427.37869021, 1.9598873858, 1.1894455274, -99999.0, -99999.0, -99999.0, -99999.0, -99999.0, -99999.0, 17.57, 0.86, 18.43, -0.871, -0.428, -1.297, -99999.0, -99999.0, -99999.0, -99999.0, -99999.0, -99999.0, -99999.0, 2.19, 3.92, 0.0
