arc_raw/USOS-ARL-Suite_ARC_20240716_RA.ict
71,1001
Xinrong Ren
NOAA Air Resources Lab
ARC-Suite
USOS: Utah Summer Ozone Study
1,1
2024,07,16,2024,07,16
1
StartTime_seconds, seconds, Start time in UTC seconds since midnight
38
1,1,1,1,1,1,1,1,1,1,1,1,1,1,1,1,1,1,1,1,1,1,1,1,1,1,1,1,1,1,1,1,1,1,1,1,1,1
-99999,-99999,-99999,-99999,-99999,-99999,-99999,-99999,-99999,-99999,-99999,-99999,-99999,-99999,-99999,-99999,-99999,-99999,-99999,-99999,-99999,-99999,-99999,-99999,-99999,-99999,-99999,-99999,-99999,-99999,-99999,-99999,-99999,-99999,-99999,-99999,-99999,-99999
lat_DGPS_deg, degrees, Latitude in decimal by Hemisphere VS1100 Differential GPS
lon_DGPS_deg, degrees, Longitude in decimal by Hemisphere VS1100 Differential GPS
alt_msl_m, meters, GPS Altitude MSL
speed_km_h, km/s, vehicle speed
RH, percent, relative humidity
true_WS_m_s, m/s, wind speed by 2D sonic sensor
true_WD_deg, degree, wind direction by 2D sonic sensor
CH4_aeris313_ppm, ppm, CH4 mixing ratio by Aeris
H2O_aeris313_ppm, ppm, H2O mixing ratio by Aeris
C2H6_aeris313_ppb, ppb, C2H6 mixing ratio by Aeris
r_aeris313, 1, relavence between CH4 and C2H6 by Aeris
C2C1_aeris313, 1, C2H6 to CH4 ratio by Aeris
CO_g2401m_ppm, ppm, CO mixing ratio by Picarro G2401m
CO2_g2401m_ppm, ppm, CO2 mixing ratio by Picarro G2401m
CH4_g2401m_ppm, ppm, CH4 mixing ratio by Picarro G2401m
H2O_g2401m, ppm, H2O mixing ratio by Picarro G2401m
delta13C_CH4_raw, permill, delta 13C of CH4 by Picarro G2201i
delta13C_CO2_raw, permill, delta 13C of CO2 by Picarro G2201i
CH4_g2201i_ppm, ppm, CH4 mixing ratio by Picarro G2201i
CO2_g2201i_ppm, ppm, CO2 mixing ratio by Picarro G2201i
NH3_g2301_ppb, ppb, NH3 mixing ratio by Picarro G2301
O3_2B_ppm, ppm, O3 mixing ratio by 2B
NO_G60_ppb, ppb, NO mixing ratio by G60
NO2_G60_ppb, ppb, NO2 mixing ratio by G60
NOx_G60_ppb, ppb, NOx mixing ratio by G60
NO_N500_ppb, ppb, NO mixing ratio by N500
NO2_N500_ppb, ppb, NO2 mixing ratio by N500
NOx_N500_ppb, ppb, NOx mixing ratio by N500
BC370_AE43_ng_m3, ng/m3, Black Carbon at 370 nm by AE43
BC470_AE43_ng_m3, ng/m3, Black Carbon at 470 nm by AE43
BC520_AE43_ng_m3, ng/m3, Black Carbon at 520 nm by AE43
BC590_AE43_ng_m3, ng/m3, Black Carbon at 590 nm by AE43
BC660_AE43_ng_m3, ng/m3, Black Carbon at 660 nm by AE43
BC880_AE43_ng_m3, ng/m3, Black Carbon at 880 nm by AE43
BC950_AE43_ng_m3, ng/m3, Black Carbon at 950 nm by AE43
PM25, ug/m3, PM2.5 by particle sensor
PM10, ug/m3, PM10 by particle sensor
Valve, boolian, indicator of valve conditions;0 is measurement; 10 is zeroing; 11 is spanning
1
SPECIAL COMMENTS, N/A
18
PI_CONTACT_INFO: xinrong.ren@noaa.gov, 301-683-1391, NOAA/ARL, 5830 University Research Court, College Park, MD 20740
PLATFORM: NOAA Air Resources Car
LOCATION: Salt Lake City
ASSOCIATED_DATA: N/A
INSTRUMENT_INFO: Hemisphere VS1100 differential GPS (Latitude, Longitude, GPS Altitude, speed), meteorological sensor (RH, WS, WD), 2B (O3), G60 CRDS (NO-NOx), Teledyne N500 (NO-NOx), Picarro G2401-m (CO2, CH4, CO, H2O), Picarro G2201i (CO2, CH4, d13C_CO2, d13C_CH4, H2O), Picarro 2301 (NH3), Aeris Ultra MIRA (CH4, C2H6, H2O, r, C2/C1), AE43 (Black Carbon), Partical sensor (PM2.5, PM10)
DATA_INFO: Records are reported at 1-second intervals. Hemisphere VS1100 differential GPS has 1-second ntervals. 2B O3 values are reported 2-second averages. G60 Cavity Rong Down NO-NO2-NO2 has 1-second average. Teledyne CAPS NO2 analyzer has 10-second time resolution. Picarro 2401m (CO2, CH4, CO, H2O) data has 2.5-second time resolution. Picarro 2201i (isotope) has ~5 second time resolution. Aeris Ultra MIRA has 1-second integration time. AE43 data are 10-second moving averages. Partical sensor has 10-second time resolution.
UNCERTAINTY: -99999, -99999, -99999, 15 m, -99999, -99999, -99999, -99999, 1 ppb, 100 ppm, 0.2 ppb, -99999, -99999, 5 ppb, 0.1 ppm, 1 ppb, 100 ppm, -99999, -99999, -99999, -99999, 2 ppb, 0.3 ppb, -99999, -99999, -99999, 0.05 ppb, 0.05 ppb, 0.05 ppb, 10 ng/m3, 10 ng/m3, 10 ng/m3, 10 ng/m3, 10 ng/m3, 10 ng/m3, 10 ng/m3, 10 ng/m3, 0
ULOD_FLAG: -77777
ULOD_VALUE: N/A
LLOD_FLAG: -88888
LLOD_VALUE: N/A
DM_CONTACT_INFO: Jiayang Sun; University of Maryland; jiayangs@umd.edu
PROJECT_INFO: USOS July - Aug 2024 https://deq.utah.gov/air-quality/utah-summer-ozone-study-usos
STIPULATIONS_ON_USE: Use of these data requires prior ok from PI.
OTHER_COMMENTS: N/A
REVISION: RA
RA: Preliminary Data for in-field use only.
StartTime_seconds, lat_DGPS_deg, lon_DGPS_deg, alt_msl_m, speed_km_h, RH, true_WS_m_s, true_WD_deg, CH4_aeris313_ppm, H2O_aeris313_ppm, C2H6_aeris313_ppb, r_aeris313, C2C1_aeris313, CO_g2401m_ppm, CO2_g2401m_ppm, CH4_g2401m_ppm, H2O_g2401m, delta13C_CH4_raw, delta13C_CO2_raw, CH4_g2201i_ppm, CO2_g2201i_ppm, NH3_g2301_ppb, O3_2B_ppm, NO_G60_ppb, NO2_G60_ppb, NOx_G60_ppb, NO_N500_ppb, NO2_N500_ppb, NOx_N500_ppb, BC370_AE43_ng_m3, BC470_AE43_ng_m3, BC520_AE43_ng_m3, BC590_AE43_ng_m3, BC660_AE43_ng_m3, BC880_AE43_ng_m3, BC950_AE43_ng_m3, PM25, PM10, Valve
[from data line 3088]
3088.0, 40.7806638435, -111.94101716966667, 1286.222, 0.08, 20.7, 1.15, 266.03, 1.98765, 14035.0, 16.104, -0.0928686, -99999.0, 0.1420952551, 424.49552924, 1.9600926199, 1.2003253223, -99999.0, -99999.0, -99999.0, -99999.0, -99999.0, -99999.0, 17.47, 0.77, 18.24, -0.883, -0.216, -1.094, -99999.0, -99999.0, -99999.0, -99999.0, -99999.0, -99999.0, -99999.0, 1.9, 3.43, 0.0
3089.0, 40.7806638595, -111.94101716799999, 1286.213, 0.07, 20.7, 1.5, 259.83, 1.9881, 13988.3, 15.6549, -0.0506362, -99999.0, 0.14209503246, 424.40916938, 1.9609506271, 1.1921234888, -99999.0, -99999.0, -99999.0, -99999.0, -99999.0, -99999.0, 17.52, 0.78, 18.3, -0.883, -0.216, -1.094, -99999.0, -99999.0, -99999.0, -99999.0, -99999.0, -99999.0, -99999.0, -99999.0, -99999.0, 0.0
3090.0, 40.78066387049999, -111.94101716416665, 1286.198, 0.07, 20.6, 1.08, 261.43, 1.98637, 13930.1, 16.0884, -0.182473, -99999.0, 0.14209480982, 424.32483619, 1.9609506271, 1.1921234888, -99999.0, -99999.0, -99999.0, -99999.0, -99999.0, -99999.0, 17.49, 0.78, 18.27, -0.883, -0.216, -1.094, -99999.0, -99999.0, -99999.0, -99999.0, -99999.0, -99999.0, -99999.0, 2.52, 3.47, 0.0
3091.0, 40.78066389966667, -111.94101717050002, 1286.186, 0.05, 20.6, 0.62, 262.21, 1.98879, 13892.7, 15.5992, -0.230823, -99999.0, 0.13667346289, 424.32483619, 1.9609506271, 1.1921234888, -99999.0, -99999.0, -99999.0, -99999.0, -99999.0, -99999.0, 17.47, 0.78, 18.25, -0.883, -0.216, -1.094, -99999.0, -99999.0, -99999.0, -99999.0, -99999.0, -99999.0, -99999.0, -99999.0, -99999.0, 0.0
3092.0, 40.78066390916666, -111.94101716649999, 1286.181, 0.08, 20.5, 1.38, 277.72, 1.98969, 13860.4, 15.7441, -0.241344, -99999.0, 0.13667290825666667, 424.27437204000006, 1.9611410699, 1.1984279541, -99999.0, -99999.0, -99999.0, -99999.0, -99999.0, -99999.0, 17.48, 0.8, 18.27, -0.883, -0.216, -1.094, -99999.0, -99999.0, -99999.0, -99999.0, -99999.0, -99999.0, -99999.0, 1.65, 1.65, 0.0
3093.0, 40.780663965333325, -111.94101718299999, 1286.178, 0.1, 20.5, 1.27, 255.61, 1.98981, 13846.4, 16.0208, -0.170593, -99999.0, 0.14406497773, 424.18608654, 1.9611410699, 1.1984279541, -99999.0, -99999.0, -99999.0, -99999.0, -99999.0, -99999.0, 17.49, 0.8, 18.29, -0.883, -0.216, -1.094, -99999.0, -99999.0, -99999.0, -99999.0, -99999.0, -99999.0, -99999.0, -99999.0, -99999.0, 0.0
3094.0, 40.78066405766666, -111.94101719866667, 1286.174, 0.02, 20.5, 0.81, 261.61, 1.99066, 13837.1, 15.971, -0.12711, -99999.0, 0.14406547279999998, 424.20590177, 1.9613016421, 1.1980709554, -99999.0, -99999.0, -99999.0, -99999.0, -99999.0, -99999.0, 17.52, 0.79, 18.32, -0.883, -0.216, -1.094, -99999.0, -99999.0, -99999.0, -99999.0, -99999.0, -99999.0, -99999.0, 1.84, 1.84, 0.0
3095.0, 40.78066414083333, -111.94101721733333, 1286.166, 0.13, 20.5, 1.48, 250.11, 1.98966, 13828.6, 15.4947, -0.153512, -99999.0, 0.14406596787, 424.33798637, 1.9613016421, 1.1980709554, -99999.0, -99999.0, -99999.0, -99999.0, -99999.0, -99999.0, 17.55, 0.79, 18.34, -0.883, -0.216, -1.094, -99999.0, -99999.0, -99999.0, -99999.0, -99999.0, -99999.0, -99999.0, -99999.0, -99999.0, 0.0
3096.0, 40.78066422433333, -111.94101720516667, 1286.156, 0.09, 20.5, 1.0, 238.0, 1.98981, 13831.2, 15.6451, -0.166967, -99999.0, 0.13451289133, 424.33798637, 1.9613016421, 1.1980709554, -99999.0, -99999.0, -99999.0, -99999.0, -99999.0, -99999.0, 17.55, 0.78, 18.33, -0.777, -0.342, -1.117, -99999.0, -99999.0, -99999.0, -99999.0, -99999.0, -99999.0, -99999.0, 2.41, 3.36, 0.0
3097.0, 40.78066430416667, -111.94101720149999, 1286.149, 0.03, 20.5, 0.74, 254.2, 1.98888, 13843.5, 15.8739, -0.205998, -99999.0, 0.134512576655, 424.41113313, 1.9615079276, 1.2203810804, -99999.0, -99999.0, -99999.0, -99999.0, -99999.0, -99999.0, 17.54, 0.8, 18.34, -0.777, -0.342, -1.117, -99999.0, -99999.0, -99999.0, -99999.0, -99999.0, -99999.0, -99999.0, -99999.0, -99999.0, 0.0
3098.0, 40.78066440266667, -111.94101720516667, 1286.141, 0.02, 20.4, 1.19, 289.0, 1.98939, 13846.8, 15.8675, -0.172385, -99999.0, 0.131783840185, 424.336183, 1.9615079276, 1.2203810804, -99999.0, -99999.0, -99999.0, -99999.0, -99999.0, -99999.0, 17.54, 0.79, 18.33, -0.777, -0.342, -1.117, -99999.0, -99999.0, -99999.0, -99999.0, -99999.0, -99999.0, -99999.0, 2.72, 4.63, 0.0
3099.0, 40.78066449466667, -111.94101719833334, 1286.134, 0.11, 20.4, 1.4, 266.4, 1.98812, 13825.6, 15.5645, -0.132736, -99999.0, 0.12905541839, 424.36382681, 1.9616828178, 1.2063605139, -99999.0, -99999.0, -99999.0, -99999.0, -99999.0, -99999.0, 17.55, 0.8, 18.35, -0.777, -0.342, -1.117, -99999.0, -99999.0, -99999.0, -99999.0, -99999.0, -99999.0, -99999.0, -99999.0, -99999.0, 0.0
3100.0, 40.78066457766667, -111.94101719666666, 1286.131, 0.12, 20.4, 0.91, 257.0, 1.98824, 13793.0, 15.8189, -0.123584, -99999.0, 0.12905611295, 424.41439102, 1.9616828178, 1.2063605139, -99999.0, -99999.0, -99999.0, -99999.0, -99999.0, -99999.0, 17.55, 0.78, 18.33, -0.777, -0.342, -1.117, -99999.0, -99999.0, -99999.0, -99999.0, -99999.0, -99999.0, -99999.0, 2.2, 2.2, 0.0
3101.0, 40.78066467000001, -111.94101720750001, 1286.124, 0.04, 20.3, 1.18, 258.6, 1.99113, 13740.6, 15.9978, -0.0600191, -99999.0, 0.14976398645, 424.46495523, 1.9616828178, 1.2063605139, -99999.0, -99999.0, -99999.0, -99999.0, -99999.0, -99999.0, 17.54, 0.78, 18.33, -0.777, -0.342, -1.117, -99999.0, -99999.0, -99999.0, -99999.0, -99999.0, -99999.0, -99999.0, 2.52, 2.52, 0.0
3102.0, 40.780664755, -111.94101721066666, 1286.125, 0.08, 20.3, 1.37, 261.2, 1.99099, 13705.2, 15.6203, -0.130685, -99999.0, 0.14976417299, 424.32979737, 1.9623820122, 1.1798390546, -99999.0, -99999.0, -99999.0, -99999.0, -99999.0, -99999.0, 17.53, 0.78, 18.3, -0.777, -0.342, -1.117, -99999.0, -99999.0, -99999.0, -99999.0, -99999.0, -99999.0, -99999.0, -99999.0, -99999.0, 0.0
3103.0, 40.78066481383333, -111.94101720966667, 1286.124, 0.11, 20.3, 0.71, 278.9, 1.9914, 13696.4, 15.9438, -0.105149, -99999.0, 0.14976435953, 424.40192823, 1.9623820122, 1.1798390546, -99999.0, -99999.0, -99999.0, -99999.0, -99999.0, -99999.0, 17.53, 0.78, 18.32, -0.777, -0.342, -1.117, -99999.0, -99999.0, -99999.0, -99999.0, -99999.0, -99999.0, -99999.0, 2.34, 2.34, 0.0
3104.0, 40.780664893166666, -111.94101720683332, 1286.121, 0.06, 20.3, 1.23, 262.11, 1.98993, 13698.6, 15.8456, -0.104705, -99999.0, 0.14070181668, 424.34281487500004, 1.96230342795, 1.17535509145, -99999.0, -99999.0, -99999.0, -99999.0, -99999.0, -99999.0, 17.5, 0.8, 18.3, -0.777, -0.342, -1.117, -99999.0, -99999.0, -99999.0, -99999.0, -99999.0, -99999.0, -99999.0, -99999.0, -99999.0, 0.0
3105.0, 40.78066499583333, -111.94101719083334, 1286.119, 0.06, 20.2, 1.26, 281.41, 1.99013, 13707.2, 15.8855, -0.0423673, -99999.0, 0.14070165741, 424.29148144, 1.9622248437, 1.1708711283, -99999.0, -99999.0, -99999.0, -99999.0, -99999.0, -99999.0, 17.51, 0.79, 18.3, -0.777, -0.342, -1.117, -99999.0, -99999.0, -99999.0, -99999.0, -99999.0, -99999.0, -99999.0, 1.94, 2.52, 0.0
3106.0, 40.78066507266667, -111.94101717466668, 1286.118, 0.06, 20.2, 1.44, 268.42, 1.99085, 13699.3, 16.004, -0.00856368, -99999.0, 0.12989936477, 424.29926136, 1.9622248437, 1.1708711283, -99999.0, -99999.0, -99999.0, -99999.0, -99999.0, -99999.0, 17.5, 0.78, 18.28, -0.777, -0.342, -1.117, -99999.0, -99999.0, -99999.0, -99999.0, -99999.0, -99999.0, -99999.0, -99999.0, -99999.0, 0.0
3107.0, 40.780665143, -111.94101717716667, 1286.117, 0.04, 20.2, 2.05, 272.81, 1.99156, 13698.0, 15.813, -0.0125473, -99999.0, 0.129899071875, 424.28537435, 1.9613363666, 1.175669777, -99999.0, -99999.0, -99999.0, -99999.0, -99999.0, -99999.0, 17.48, 0.77, 18.26, -0.777, -0.342, -1.117, -99999.0, -99999.0, -99999.0, -99999.0, -99999.0, -99999.0, -99999.0, 2.4, 14.63, 0.0
3108.0, 40.780665233, -111.94101716516667, 1286.115, 0.04, 20.2, 2.12, 272.52, 1.99033, 13710.3, 15.9148, 0.0286684, -99999.0, 0.12989877898, 424.16792141, 1.9613363666, 1.175669777, -99999.0, -99999.0, -99999.0, -99999.0, -99999.0, -99999.0, 17.47, 0.77, 18.24, -0.777, -0.342, -1.117, -99999.0, -99999.0, -99999.0, -99999.0, -99999.0, -99999.0, -99999.0, -99999.0, -99999.0, 0.0
3109.0, 40.78066530416667, -111.94101713916668, 1286.116, 0.09, 20.3, 1.67, 256.32, 1.98993, 13745.7, 15.6186, 0.0192944, -99999.0, 0.14013836383, 424.190305755, 1.9613377367, 1.17999139905, -99999.0, -99999.0, -99999.0, -99999.0, -99999.0, -99999.0, 17.46, 0.76, 18.22, -0.777, -0.342, -1.117, -99999.0, -99999.0, -99999.0, -99999.0, -99999.0, -99999.0, -99999.0, 2.16, 3.69, 0.0
3110.0, 40.780665381666665, -111.94101710683331, 1286.111, 0.16, 20.3, 2.09, 257.32, 1.99137, 13787.7, 15.7989, 0.00738258, -99999.0, 0.14013919302, 424.29914307, 1.9613391068, 1.1843130211, -99999.0, -99999.0, -99999.0, -99999.0, -99999.0, -99999.0, 17.47, 0.76, 18.24, -0.777, -0.342, -1.117, -99999.0, -99999.0, -99999.0, -99999.0, -99999.0, -99999.0, -99999.0, -99999.0, -99999.0, 0.0
3111.0, 40.78066545483333, -111.94101707716666, 1286.107, 0.13, 20.3, 2.18, 247.42, 1.99255, 13825.4, 15.9994, 0.121672, -99999.0, 0.14484638755, 424.38559604, 1.9613391068, 1.1843130211, -99999.0, -99999.0, -99999.0, -99999.0, -99999.0, -99999.0, 17.45, 0.77, 18.21, -0.777, -0.342, -1.117, -99999.0, -99999.0, -99999.0, -99999.0, -99999.0, -99999.0, -99999.0, 2.19, 5.18, 0.0
3112.0, 40.78066550133334, -111.9410170465, 1286.109, 0.11, 20.3, 2.44, 245.33, 1.99077, 13830.3, 15.4613, 0.072106, -99999.0, 0.14484757361, 424.4224728, 1.961921672, 1.1867343075, -99999.0, -99999.0, -99999.0, -99999.0, -99999.0, -99999.0, 17.42, 0.77, 18.19, -0.777, -0.342, -1.117, -99999.0, -99999.0, -99999.0, -99999.0, -99999.0, -99999.0, -99999.0, -99999.0, -99999.0, 0.0
3113.0, 40.78066560383334, -111.94101702466666, 1286.11, 0.03, 20.2, 2.01, 267.16, 1.99005, 13791.1, 15.7213, 0.0684061, -99999.0, 0.14484875967, 424.79215297, 1.961921672, 1.1867343075, -99999.0, -99999.0, -99999.0, -99999.0, -99999.0, -99999.0, 17.41, 0.77, 18.18, -0.777, -0.342, -1.117, -99999.0, -99999.0, -99999.0, -99999.0, -99999.0, -99999.0, -99999.0, 1.98, 3.13, 0.0
3114.0, 40.780665676333335, -111.94101698383335, 1286.111, 0.03, 20.2, 2.22, 266.85, 1.9909, 13729.4, 15.7752, -0.0105257, -99999.0, 0.14231361521, 424.79215297, 1.961921672, 1.1867343075, -99999.0, -99999.0, -99999.0, -99999.0, -99999.0, -99999.0, 17.38, 0.75, 18.13, -0.777, -0.342, -1.117, -99999.0, -99999.0, -99999.0, -99999.0, -99999.0, -99999.0, -99999.0, -99999.0, -99999.0, 0.0
3115.0, 40.780665754166655, -111.9410169475, 1286.106, 0.04, 20.1, 1.89, 265.55, 1.992, 13672.9, 15.7152, -0.0200378, -99999.0, 0.14231575515666664, 424.95600011000005, 1.9619165984, 1.175699317, -99999.0, -99999.0, -99999.0, -99999.0, -99999.0, -99999.0, 17.35, 0.76, 18.11, -0.777, -0.342, -1.117, -99999.0, -99999.0, -99999.0, -99999.0, -99999.0, -99999.0, -99999.0, 2.24, 3.7, 0.0
3116.0, 40.780665832, -111.94101690000001, 1286.107, 0.02, 20.1, 1.74, 256.85, 1.99185, 13620.9, 16.0949, 0.0589517, -99999.0, 0.13169026162, 425.34116807, 1.9619165984, 1.175699317, -99999.0, -99999.0, -99999.0, -99999.0, -99999.0, -99999.0, 17.33, 0.78, 18.11, -0.777, -0.342, -1.117, -99999.0, -99999.0, -99999.0, -99999.0, -99999.0, -99999.0, -99999.0, -99999.0, -99999.0, 0.0
3117.0, 40.78066591933334, -111.94101685383333, 1286.102, 0.13, 20.0, 2.4, 243.86, 1.99131, 13581.9, 15.9979, 0.0754925, -99999.0, 0.13169026162, 425.31852382, 1.9619600213, 1.179952628, -99999.0, -99999.0, -99999.0, -99999.0, -99999.0, -99999.0, 17.32, 0.77, 18.08, -0.777, -0.342, -1.117, -99999.0, -99999.0, -99999.0, -99999.0, -99999.0, -99999.0, -99999.0, 1.94, 2.89, 0.0
3118.0, 40.78066597733334, -111.94101680433332, 1286.105, 0.17, 20.0, 1.61, 282.85, 1.99166, 13544.3, 15.6657, 0.150633, -99999.0, 0.13170096624, 426.21781115, 1.9619600213, 1.179952628, -99999.0, -99999.0, -99999.0, -99999.0, -99999.0, -99999.0, 17.26, 0.77, 18.03, -0.777, -0.342, -1.117, -99999.0, -99999.0, -99999.0, -99999.0, -99999.0, -99999.0, -99999.0, -99999.0, -99999.0, 0.0
3119.0, 40.780666046, -111.9410167605, 1286.098, 0.05, 20.0, 1.8, 286.95, 1.991, 13523.2, 15.9897, 0.125446, -99999.0, 0.14378891591, 427.11709848, 1.9619600213, 1.179952628, -99999.0, -99999.0, -99999.0, -99999.0, -99999.0, -99999.0, 17.3, 0.76, 18.05, -0.871, -0.342, -1.211, -99999.0, -99999.0, -99999.0, -99999.0, -99999.0, -99999.0, -99999.0, 1.82, 5.37, 0.0
3120.0, 40.7806660845, -111.94101672050002, 1286.09, 0.06, 19.9, 1.05, 296.26, 1.99059, 13519.9, 15.5337, 0.338835, -99999.0, 0.14378264289, 427.15564351, 1.9618332077, 1.1871921354, -99999.0, -99999.0, -99999.0, -99999.0, -99999.0, -99999.0, 17.29, 0.74, 18.03, -0.871, -0.342, -1.211, -99999.0, -99999.0, -99999.0, -99999.0, -99999.0, -99999.0, -99999.0, -99999.0, -99999.0, 0.0
3121.0, 40.78066610766667, -111.9410166695, 1286.079, 0.04, 19.9, 2.08, 253.13, 1.99214, 13514.7, 15.93, 0.318348, -99999.0, 0.14377636987, 425.09276462, 1.9618332077, 1.1871921354, -99999.0, -99999.0, -99999.0, -99999.0, -99999.0, -99999.0, 17.28, 0.72, 18.0, -0.871, -0.342, -1.211, -99999.0, -99999.0, -99999.0, -99999.0, -99999.0, -99999.0, -99999.0, 1.9, 2.85, 0.0
3122.0, 40.780666139000004, -111.9410166165, 1286.07, 0.03, 19.9, 1.71, 262.14, 1.99066, 13533.9, 15.8286, 0.311996, -99999.0, 0.14274513544, 425.0942079, 1.9616643817, 1.1840046712499999, -99999.0, -99999.0, -99999.0, -99999.0, -99999.0, -99999.0, 17.27, 0.71, 17.98, -0.871, -0.342, -1.211, -99999.0, -99999.0, -99999.0, -99999.0, -99999.0, -99999.0, -99999.0, -99999.0, -99999.0, 0.0
3123.0, 40.780666146166666, -111.94101657300001, 1286.071, 0.16, 19.9, 2.37, 246.05, 1.99031, 13545.1, 15.7311, 0.357139, -99999.0, 0.14274643717, 425.152581945, 1.9614955557, 1.1808172071, -99999.0, -99999.0, -99999.0, -99999.0, -99999.0, -99999.0, 17.26, 0.71, 17.97, -0.871, -0.342, -1.211, -99999.0, -99999.0, -99999.0, -99999.0, -99999.0, -99999.0, -99999.0, 2.25, 6.17, 0.0
3124.0, 40.780666159999996, -111.94101652416666, 1286.077, 0.1, 19.9, 1.37, 255.66, 1.99036, 13567.2, 15.7213, 0.363438, -99999.0, 0.12954093109, 425.20951271, 1.9614955557, 1.1808172071, -99999.0, -99999.0, -99999.0, -99999.0, -99999.0, -99999.0, 17.24, 0.72, 17.96, -0.871, -0.342, -1.211, -99999.0, -99999.0, -99999.0, -99999.0, -99999.0, -99999.0, -99999.0, -99999.0, -99999.0, 0.0
3125.0, 40.78066617633334, -111.94101647883332, 1286.082, 0.1, 19.9, 0.94, 250.17, 1.99075, 13568.2, 15.638, 0.321326, -99999.0, 0.12954049812500001, 425.16365948, 1.9607224612, 1.1734583191, -99999.0, -99999.0, -99999.0, -99999.0, -99999.0, -99999.0, 17.2, 0.74, 17.94, -0.871, -0.342, -1.211, -99999.0, -99999.0, -99999.0, -99999.0, -99999.0, -99999.0, -99999.0, 2.8, 6.97, 0.0
3126.0, 40.7806661835, -111.94101644083334, 1286.094, 0.06, 19.9, 1.21, 245.88, 1.99017, 13567.6, 15.7811, 0.304055, -99999.0, 0.12954006516, 425.04583169, 1.9607224612, 1.1734583191, -99999.0, -99999.0, -99999.0, -99999.0, -99999.0, -99999.0, 17.21, 0.73, 17.94, -0.871, -0.342, -1.211, -99999.0, -99999.0, -99999.0, -99999.0, -99999.0, -99999.0, -99999.0, -99999.0, -99999.0, 0.0
3127.0, 40.780666178, -111.94101637583331, 1286.111, 0.08, 19.9, 1.85, 275.57, 1.99215, 13559.2, 15.7357, 0.316603, -99999.0, 0.1473214569, 425.01286792999997, 1.96057126215, 1.1672603110000002, -99999.0, -99999.0, -99999.0, -99999.0, -99999.0, -99999.0, 17.21, 0.73, 17.94, -0.871, -0.342, -1.211, -99999.0, -99999.0, -99999.0, -99999.0, -99999.0, -99999.0, -99999.0, 2.16, 3.31, 0.0
3128.0, 40.780666166833335, -111.9410162545, 1286.135, 0.12, 19.9, 1.47, 262.47, 1.98931, 13539.0, 15.8788, 0.310645, -99999.0, 0.14732049702, 424.91997205999996, 1.9604200631, 1.1610623029, -99999.0, -99999.0, -99999.0, -99999.0, -99999.0, -99999.0, 17.2, 0.73, 17.92, -0.871, -0.342, -1.211, -99999.0, -99999.0, -99999.0, -99999.0, -99999.0, -99999.0, -99999.0, -99999.0, -99999.0, 0.0
