arc_raw/USOS-ARL-Suite_ARC_20240718_RA.ict
71,1001
Xinrong Ren
NOAA Air Resources Lab
ARC-Suite
USOS: Utah Summer Ozone Study
1,1
2024,07,18,2024,07,18
1
StartTime_seconds, seconds, Start time in UTC seconds since midnight
38
1,1,1,1,1,1,1,1,1,1,1,1,1,1,1,1,1,1,1,1,1,1,1,1,1,1,1,1,1,1,1,1,1,1,1,1,1,1
-99999,-99999,-99999,-99999,-99999,-99999,-99999,-99999,-99999,-99999,-99999,-99999,-99999,-99999,-99999,-99999,-99999,-99999,-99999,-99999,-99999,-99999,-99999,-99999,-99999,-99999,-99999,-99999,-99999,-99999,-99999,-99999,-99999,-99999,-99999,-99999,-99999,-99999
lat_DGPS_deg, degrees, Latitude in decimal by Hemisphere VS1100 Differential GPS
lon_DGPS_deg, degrees, Longitude in decimal by Hemisphere VS1100 Differential GPS
alt_msl_m, meters, GPS Altitude MSL
speed_km_h, km/s, vehicle speed
RH, percent, relative humidity
true_WS_m_s, m/s, wind speed by 2D sonic sensor
true_WD_deg, degree, wind direction by 2D sonic sensor
CH4_aeris313_ppm, ppm, CH4 mixing ratio by Aeris
H2O_aeris313_ppm, ppm, H2O mixing ratio by Aeris
C2H6_aeris313_ppb, ppb, C2H6 mixing ratio by Aeris
r_aeris313, 1, relavence between CH4 and C2H6 by Aeris
C2C1_aeris313, 1, C2H6 to CH4 ratio by Aeris
CO_g2401m_ppm, ppm, CO mixing ratio by Picarro G2401m
CO2_g2401m_ppm, ppm, CO2 mixing ratio by Picarro G2401m
CH4_g2401m_ppm, ppm, CH4 mixing ratio by Picarro G2401m
H2O_g2401m, ppm, H2O mixing ratio by Picarro G2401m
delta13C_CH4_raw, permill, delta 13C of CH4 by Picarro G2201i
delta13C_CO2_raw, permill, delta 13C of CO2 by Picarro G2201i
CH4_g2201i_ppm, ppm, CH4 mixing ratio by Picarro G2201i
CO2_g2201i_ppm, ppm, CO2 mixing ratio by Picarro G2201i
NH3_g2301_ppb, ppb, NH3 mixing ratio by Picarro G2301
O3_2B_ppm, ppm, O3 mixing ratio by 2B
NO_G60_ppb, ppb, NO mixing ratio by G60
NO2_G60_ppb, ppb, NO2 mixing ratio by G60
NOx_G60_ppb, ppb, NOx mixing ratio by G60
NO_N500_ppb, ppb, NO mixing ratio by N500
NO2_N500_ppb, ppb, NO2 mixing ratio by N500
NOx_N500_ppb, ppb, NOx mixing ratio by N500
BC370_AE43_ng_m3, ng/m3, Black Carbon at 370 nm by AE43
BC470_AE43_ng_m3, ng/m3, Black Carbon at 470 nm by AE43
BC520_AE43_ng_m3, ng/m3, Black Carbon at 520 nm by AE43
BC590_AE43_ng_m3, ng/m3, Black Carbon at 590 nm by AE43
BC660_AE43_ng_m3, ng/m3, Black Carbon at 660 nm by AE43
BC880_AE43_ng_m3, ng/m3, Black Carbon at 880 nm by AE43
BC950_AE43_ng_m3, ng/m3, Black Carbon at 950 nm by AE43
PM25, ug/m3, PM2.5 by particle sensor
PM10, ug/m3, PM10 by particle sensor
Valve, boolian, indicator of valve conditions;0 is measurement; 10 is zeroing; 11 is spanning
1
SPECIAL COMMENTS, N/A
18
PI_CONTACT_INFO: xinrong.ren@noaa.gov, 301-683-1391, NOAA/ARL, 5830 University Research Court, College Park, MD 20740
PLATFORM: NOAA Air Resources Car
LOCATION: Salt Lake City
ASSOCIATED_DATA: N/A
INSTRUMENT_INFO: Hemisphere VS1100 differential GPS (Latitude, Longitude, GPS Altitude, speed), meteorological sensor (RH, WS, WD), 2B (O3), G60 CRDS (NO-NOx), Teledyne N500 (NO-NOx), Picarro G2401-m (CO2, CH4, CO, H2O), Picarro G2201i (CO2, CH4, d13C_CO2, d13C_CH4, H2O), Picarro 2301 (NH3), Aeris Ultra MIRA (CH4, C2H6, H2O, r, C2/C1), AE43 (Black Carbon), Partical sensor (PM2.5, PM10)
DATA_INFO: Records are reported at 1-second intervals. Hemisphere VS1100 differential GPS has 1-second ntervals. 2B O3 values are reported 2-second averages. G60 Cavity Rong Down NO-NO2-NO2 has 1-second average. Teledyne CAPS NO2 analyzer has 10-second time resolution. Picarro 2401m (CO2, CH4, CO, H2O) data has 2.5-second time resolution. Picarro 2201i (isotope) has ~5 second time resolution. Aeris Ultra MIRA has 1-second integration time. AE43 data are 10-second moving averages. Partical sensor has 10-second time resolution.
UNCERTAINTY: -99999, -99999, -99999, 15 m, -99999, -99999, -99999, -99999, 1 ppb, 100 ppm, 0.2 ppb, -99999, -99999, 5 ppb, 0.1 ppm, 1 ppb, 100 ppm, -99999, -99999, -99999, -99999, 2 ppb, 0.3 ppb, -99999, -99999, -99999, 0.05 ppb, 0.05 ppb, 0.05 ppb, 10 ng/m3, 10 ng/m3, 10 ng/m3, 10 ng/m3, 10 ng/m3, 10 ng/m3, 10 ng/m3, 10 ng/m3, 0
ULOD_FLAG: -77777
ULOD_VALUE: N/A
LLOD_FLAG: -88888
LLOD_VALUE: N/A
DM_CONTACT_INFO: Jiayang Sun; University of Maryland; jiayangs@umd.edu
PROJECT_INFO: USOS July - Aug 2024 https://deq.utah.gov/air-quality/utah-summer-ozone-study-usos
STIPULATIONS_ON_USE: Use of these data requires prior ok from PI.
OTHER_COMMENTS: N/A
REVISION: RA
RA: Preliminary Data for in-field use only.
StartTime_seconds, lat_DGPS_deg, lon_DGPS_deg, alt_msl_m, speed_km_h, RH, true_WS_m_s, true_WD_deg, CH4_aeris313_ppm, H2O_aeris313_ppm, C2H6_aeris313_ppb, r_aeris313, C2C1_aeris313, CO_g2401m_ppm, CO2_g2401m_ppm, CH4_g2401m_ppm, H2O_g2401m, delta13C_CH4_raw, delta13C_CO2_raw, CH4_g2201i_ppm, CO2_g2201i_ppm, NH3_g2301_ppb, O3_2B_ppm, NO_G60_ppb, NO2_G60_ppb, NOx_G60_ppb, NO_N500_ppb, NO2_N500_ppb, NOx_N500_ppb, BC370_AE43_ng_m3, BC470_AE43_ng_m3, BC520_AE43_ng_m3, BC590_AE43_ng_m3, BC660_AE43_ng_m3, BC880_AE43_ng_m3, BC950_AE43_ng_m3, PM25, PM10, Valve
[from data line 3907]
3907.0, 40.780696604333336, -111.94099594949999, 1288.007, 0.04, 16.7, 0.47, 222.37, -99999.0, -99999.0, -99999.0, -99999.0, -99999.0, 0.041617103954499995, 423.90401141, 1.9650463009, 1.0995530249, -33.508496226, -313.25537174, 1.967465114754, 425.646271391, -99999.0, 67.0, 24.39, 5.01, 29.4, 0.173, 1.0, 0.988, -99999.0, -99999.0, -99999.0, -99999.0, -99999.0, -99999.0, -99999.0, 3.38, 3.38, 0.0
3908.0, 40.780696532, -111.9409959295, 1288.011, 0.11, 16.7, 0.72, 205.77, -99999.0, -99999.0, -99999.0, -99999.0, -99999.0, 0.041611778252, 421.48342516, 1.9650463009, 1.0995530249, -33.508496226, -308.62113592, 1.967465114754, 425.6682675299, -99999.0, -99999.0, 24.38, 5.03, 29.41, -0.014, 1.0, 0.988, -99999.0, -99999.0, -99999.0, -99999.0, -99999.0, -99999.0, -99999.0, 3.42, 4.0, 0.0
3909.0, 40.78069646116667, -111.9409958895, 1288.011, 0.12, 16.7, 0.56, 187.87, -99999.0, -99999.0, -99999.0, -99999.0, -99999.0, 0.040100924454, 421.48342516, 1.9650463009, 1.0995530249, -44.483090685, -308.62113592, 1.961880325178, 425.6682675299, -99999.0, -99999.0, 24.34, 5.04, 29.38, -0.014, 1.0, 0.988, -99999.0, -99999.0, -99999.0, -99999.0, -99999.0, -99999.0, -99999.0, -99999.0, -99999.0, 0.0
3910.0, 40.780696413166666, -111.94099586916667, 1288.011, 0.05, 16.7, 0.8, 182.67, -99999.0, -99999.0, -99999.0, -99999.0, -99999.0, 0.040101616253, 421.34884768, 1.9638790785, 1.0842320367, -99999.0, -99999.0, -99999.0, -99999.0, -99999.0, 69.5, 24.36, 5.02, 29.38, -0.014, 1.0, 0.988, -99999.0, -99999.0, -99999.0, -99999.0, -99999.0, -99999.0, -99999.0, 2.54, 3.49, 0.0
3911.0, 40.78069631583334, -111.94099584233332, 1288.016, 0.03, 16.7, 0.0, 0.0, -99999.0, -99999.0, -99999.0, -99999.0, -99999.0, 0.040102308052, 421.71675454, 1.9638790785, 1.0842320367, -44.483090685, -308.62113592, 1.961880325178, 428.71795897355, -99999.0, 73.3, 24.38, 5.01, 29.38, -0.014, 1.0, 0.988, -99999.0, -99999.0, -99999.0, -99999.0, -99999.0, -99999.0, -99999.0, 3.3, 3.3, 0.0
3912.0, 40.78069627233333, -111.94099583583332, 1288.016, 0.09, 16.6, 0.0, 0.0, -99999.0, -99999.0, -99999.0, -99999.0, -99999.0, 0.041454046832, 421.71675454, 1.9638790785, 1.0842320367, -44.483090685, -317.55489849, 1.961880325178, 431.7246392179, -99999.0, -99999.0, 24.35, 4.99, 29.34, -0.014, 1.0, 0.988, -99999.0, -99999.0, -99999.0, -99999.0, -99999.0, -99999.0, -99999.0, 3.2, 5.3, 0.0
3913.0, 40.780696232, -111.94099581699999, 1288.019, 0.05, 16.6, 0.0, 0.0, -99999.0, -99999.0, -99999.0, -99999.0, -99999.0, 0.041451709657, 421.71868718, 1.9638811814, 1.1001374002, -26.073725645, -317.55489849, 1.94741896461, 431.7246392179, -99999.0, -99999.0, 24.3, 4.98, 29.29, -0.014, 1.0, 0.988, -99999.0, -99999.0, -99999.0, -99999.0, -99999.0, -99999.0, -99999.0, -99999.0, -99999.0, 0.0
3914.0, 40.780696188166665, -111.9409958015, 1288.023, 0.13, 16.6, 0.29, 89.15, -99999.0, -99999.0, -99999.0, -99999.0, -99999.0, 0.041449372482, 420.65062574, 1.9638811814, 1.1001374002, -26.073725645, -317.55489849, 1.94741896461, 431.7246392179, -99999.0, 76.4, 24.24, 4.97, 29.21, -0.014, 1.0, 0.988, -99999.0, -99999.0, -99999.0, -99999.0, -99999.0, -99999.0, -99999.0, 3.83, 6.8, 0.0
3915.0, 40.78069612666667, -111.94099579066666, 1288.024, 0.11, 16.6, 0.51, 100.65, -99999.0, -99999.0, -99999.0, -99999.0, -99999.0, 0.052137912107, 420.65062574, 1.9638811814, 1.1001374002, -26.073725645, -317.55489849, 1.94741896461, 424.8191945455, -99999.0, 74.6, 24.17, 4.96, 29.13, -0.014, 1.0, 0.988, -99999.0, -99999.0, -99999.0, -99999.0, -99999.0, -99999.0, -99999.0, 2.23, 2.23, 0.0
3916.0, 40.780696053, -111.94099577366666, 1288.032, 0.03, 16.6, 0.48, 59.23, -99999.0, -99999.0, -99999.0, -99999.0, -99999.0, 0.052143268369000004, 420.71788419, 1.9649324936, 1.1046055899, -26.073725645, -307.99933866, 1.94741896461, 424.8644635119, -99999.0, -99999.0, 24.16, 4.93, 29.09, -0.014, 1.0, 0.988, -99999.0, -99999.0, -99999.0, -99999.0, -99999.0, -99999.0, -99999.0, -99999.0, -99999.0, 0.0
3917.0, 40.78069599466667, -111.94099575433331, 1288.033, 0.08, 16.6, 0.73, 75.53, -99999.0, -99999.0, -99999.0, -99999.0, -99999.0, 0.052148624631, 423.05431177, 1.9649324936, 1.1046055899, -25.143041022, -307.99933866, 1.9405072173890001, 424.8644635119, -99999.0, -99999.0, 24.16, 4.92, 29.08, -0.014, 1.0, 0.988, -99999.0, -99999.0, -99999.0, -99999.0, -99999.0, -99999.0, -99999.0, 2.83, 4.36, 0.0
3918.0, 40.780695944, -111.94099575133332, 1288.033, 0.08, 16.6, 0.74, 74.62, -99999.0, -99999.0, -99999.0, -99999.0, -99999.0, 0.048445046671, 423.05431177, 1.9649324936, 1.1046055899, -25.143041022, -307.99933866, 1.9405072173890001, 424.8644635119, -99999.0, 70.9, 24.14, 4.87, 29.01, -0.014, 1.0, 0.988, -99999.0, -99999.0, -99999.0, -99999.0, -99999.0, -99999.0, -99999.0, 2.22, 4.63, 0.0
3919.0, 40.78069589716667, -111.94099573983334, 1288.034, 0.08, 16.7, 0.57, 90.21, -99999.0, -99999.0, -99999.0, -99999.0, -99999.0, 0.048444062002499996, 423.16609751, 1.9648036193, 1.1338178995, -25.143041022, -307.99933866, 1.9405072173890001, 427.9460905217, -99999.0, 69.3, 24.14, 4.84, 28.98, -0.014, 1.0, 0.988, -99999.0, -99999.0, -99999.0, -99999.0, -99999.0, -99999.0, -99999.0, -99999.0, -99999.0, 0.0
3920.0, 40.780695857, -111.94099571699999, 1288.036, 0.04, 16.7, 0.62, 75.01, -99999.0, -99999.0, -99999.0, -99999.0, -99999.0, 0.049172006559500006, 422.87931495, 1.9648036193, 1.1338178995, -25.143041022, -310.61040878, 1.9405072173890001, 427.9336309925, -99999.0, -99999.0, 24.11, 4.84, 28.95, -0.014, 1.0, 0.988, -99999.0, -99999.0, -99999.0, -99999.0, -99999.0, -99999.0, -99999.0, 2.91, 2.91, 0.0
3921.0, 40.780695811666675, -111.94099568649999, 1288.037, 0.17, 16.7, 0.6, 86.51, -99999.0, -99999.0, -99999.0, -99999.0, -99999.0, 0.049900935785, 423.00755389, 1.9653337395, 1.143227482, -45.044904803, -310.61040878, 1.966624183751, 427.9336309925, -99999.0, -99999.0, 24.14, 4.81, 28.95, -0.014, 1.0, 0.988, -99999.0, -99999.0, -99999.0, -99999.0, -99999.0, -99999.0, -99999.0, 3.03, 5.13, 0.0
3922.0, 40.78069578066666, -111.94099567533334, 1288.036, 0.12, 16.7, 0.25, 92.31, -99999.0, -99999.0, -99999.0, -99999.0, -99999.0, 0.049899612456, 422.79858933, 1.9653337395, 1.143227482, -45.044904803, -310.61040878, 1.966624183751, 427.9336309925, -99999.0, 67.2, 24.16, 4.77, 28.93, -0.014, 1.0, 0.988, -99999.0, -99999.0, -99999.0, -99999.0, -99999.0, -99999.0, -99999.0, -99999.0, -99999.0, 0.0
3923.0, 40.78069579300001, -111.94099566999999, 1288.034, 0.03, 16.6, 0.47, 87.12, -99999.0, -99999.0, -99999.0, -99999.0, -99999.0, 0.042157669381, 422.58962477, 1.9653337395, 1.143227482, -45.044904803, -310.61040878, 1.966624183751, 422.2844864163, -99999.0, 65.1, 24.25, 4.78, 29.03, -0.014, 1.0, 0.988, -99999.0, -99999.0, -99999.0, -99999.0, -99999.0, -99999.0, -99999.0, 2.84, 4.37, 0.0
3924.0, 40.78069578216667, -111.94099566666667, 1288.033, 0.05, 16.6, 0.4, 100.11, -99999.0, -99999.0, -99999.0, -99999.0, -99999.0, 0.042157669381, 422.60928536, 1.9653418337, 1.1397438914, -45.044904803, -302.43791288, 1.966624183751, 422.32296920330003, -99999.0, -99999.0, 24.24, 4.79, 29.03, -0.014, 1.0, 0.988, -99999.0, -99999.0, -99999.0, -99999.0, -99999.0, -99999.0, -99999.0, 2.69, 2.69, 0.0
3925.0, 40.780695777999995, -111.94099564666666, 1288.031, 0.14, 16.5, 0.32, 85.98, -99999.0, -99999.0, -99999.0, -99999.0, -99999.0, 0.042163325722, 423.24799403, 1.9653418337, 1.1397438914, -37.524675043, -302.43791288, 1.9419661171409999, 422.32296920330003, -99999.0, -99999.0, 24.24, 4.79, 29.03, -0.014, 1.0, 0.988, -99999.0, -99999.0, -99999.0, -99999.0, -99999.0, -99999.0, -99999.0, 2.92, 5.63, 0.0
3926.0, 40.78069578016667, -111.94099562966667, 1288.031, 0.13, 16.5, 0.61, 87.09, -99999.0, -99999.0, -99999.0, -99999.0, -99999.0, 0.049792968758, 423.8867027, 1.9653418337, 1.1397438914, -37.524675043, -302.43791288, 1.9419661171409999, 422.32296920330003, -99999.0, 66.4, 24.23, 4.78, 29.01, -0.014, 1.0, 0.988, -99999.0, -99999.0, -99999.0, -99999.0, -99999.0, -99999.0, -99999.0, -99999.0, -99999.0, 0.0
3927.0, 40.7806957815, -111.94099563683334, 1288.029, 0.11, 16.4, 0.79, 77.48, -99999.0, -99999.0, -99999.0, -99999.0, -99999.0, 0.049792968758, 423.84493412, 1.9652907206, 1.1306739306, -37.524675043, -302.43791288, 1.9419661171409999, 430.72613087089996, -99999.0, 67.7, 24.26, 4.76, 29.02, -0.014, 1.0, 0.988, -99999.0, -99999.0, -99999.0, -99999.0, -99999.0, -99999.0, -99999.0, 3.13, 10.53, 0.0
3928.0, 40.78069578766667, -111.9409956425, 1288.029, 0.15, 16.4, 0.77, 69.66, -99999.0, -99999.0, -99999.0, -99999.0, -99999.0, 0.049791693961, 423.68351429, 1.9652907206, 1.1306739306, -37.524675043, -314.02358908, 1.9419661171409999, 430.6704905392, -99999.0, -99999.0, 24.26, 4.77, 29.02, -0.014, 1.0, 0.988, -99999.0, -99999.0, -99999.0, -99999.0, -99999.0, -99999.0, -99999.0, -99999.0, -99999.0, 0.0
3929.0, 40.78069580216667, -111.94099564333334, 1288.02, 0.12, 16.3, 0.6, 94.56, -99999.0, -99999.0, -99999.0, -99999.0, -99999.0, 0.061853107167, 423.52209446, 1.9652907206, 1.1306739306, -31.809901385, -314.02358908, 1.9625440660009998, 430.6704905392, -99999.0, -99999.0, 24.25, 4.76, 29.01, -0.014, 1.0, 0.988, -99999.0, -99999.0, -99999.0, -99999.0, -99999.0, -99999.0, -99999.0, 2.67, 3.62, 0.0
3930.0, 40.78069581133333, -111.9409956395, 1288.011, 0.08, 16.3, 0.58, 103.66, -99999.0, -99999.0, -99999.0, -99999.0, -99999.0, 0.061853107167, 423.48886518, 1.9650283157, 1.1297458443, -31.809901385, -314.02358908, 1.9625440660009998, 430.6704905392, -99999.0, 67.5, 24.29, 4.75, 29.04, 0.037, 1.0, 1.039, -99999.0, -99999.0, -99999.0, -99999.0, -99999.0, -99999.0, -99999.0, 3.37, 4.32, 0.0
3931.0, 40.780695812666664, -111.94099564300001, 1288.004, 0.22, 16.3, 0.62, 74.55, -99999.0, -99999.0, -99999.0, -99999.0, -99999.0, 0.061854841379, 423.48886518, 1.9650283157, 1.1297458443, -31.809901385, -314.02358908, 1.9625440660009998, 428.12401335159996, -99999.0, 69.9, 24.29, 4.74, 29.03, 0.037, 1.0, 1.039, -99999.0, -99999.0, -99999.0, -99999.0, -99999.0, -99999.0, -99999.0, 2.34, 2.34, 0.0
3932.0, 40.780695808666664, -111.94099566733333, 1288.002, 0.1, 16.3, 0.59, 87.54, -99999.0, -99999.0, -99999.0, -99999.0, -99999.0, 0.060236021668999995, 423.77428592, 1.9650283157, 1.1297458443, -31.809901385, -311.79706061, 1.9625440660009998, 428.1346430525, -99999.0, -99999.0, 24.28, 4.71, 28.99, 0.037, 1.0, 1.039, -99999.0, -99999.0, -99999.0, -99999.0, -99999.0, -99999.0, -99999.0, -99999.0, -99999.0, 0.0
3933.0, 40.780695789000006, -111.94099568433333, 1288.001, 0.06, 16.3, 0.42, 45.34, -99999.0, -99999.0, -99999.0, -99999.0, -99999.0, 0.058617201959, 423.81032538, 1.9659628813, 1.1415108479, -36.68211262, -311.79706061, 1.954173443342, 428.1346430525, -99999.0, -99999.0, 24.31, 4.69, 29.0, 0.037, 1.0, 1.039, -99999.0, -99999.0, -99999.0, -99999.0, -99999.0, -99999.0, -99999.0, 3.3, 3.88, 0.0
3934.0, 40.78069573616666, -111.94099571416668, 1288.007, 0.03, 16.3, 0.76, 71.64, -99999.0, -99999.0, -99999.0, -99999.0, -99999.0, 0.058620328419, 423.81032538, 1.9659628813, 1.1415108479, -36.68211262, -311.79706061, 1.954173443342, 428.1346430525, -99999.0, 73.4, 24.32, 4.67, 28.99, 0.037, 1.0, 1.039, -99999.0, -99999.0, -99999.0, -99999.0, -99999.0, -99999.0, -99999.0, 3.96, 5.42, 0.0
3935.0, 40.78069569233333, -111.94099574250001, 1288.001, 0.08, 16.3, 0.32, 65.84, -99999.0, -99999.0, -99999.0, -99999.0, -99999.0, 0.0610538006395, 424.47077661, 1.9659628813, 1.1415108479, -36.68211262, -311.79706061, 1.954173443342, 430.2690203034, -99999.0, 73.4, 24.36, 4.65, 29.0, 0.037, 1.0, 1.039, -99999.0, -99999.0, -99999.0, -99999.0, -99999.0, -99999.0, -99999.0, -99999.0, -99999.0, 0.0
3936.0, 40.780695678833325, -111.94099575516665, 1287.997, 0.05, 16.3, 0.41, 28.73, -99999.0, -99999.0, -99999.0, -99999.0, -99999.0, 0.06348727286, 424.60887015, 1.9651352708, 1.1711948467, -36.68211262, -312.93786771, 1.954173443342, 430.2635468085, -99999.0, -99999.0, 24.34, 4.63, 28.97, 0.037, 1.0, 1.039, -99999.0, -99999.0, -99999.0, -99999.0, -99999.0, -99999.0, -99999.0, 3.13, 7.56, 0.0
3937.0, 40.780695657500004, -111.94099576250001, 1287.993, 0.11, 16.6, 0.31, 118.92, -99999.0, -99999.0, -99999.0, -99999.0, -99999.0, 0.063493397954, 425.24383179999995, 1.9651352708, 1.1711948467, -22.971799687, -312.93786771, 1.9391212823369999, 430.2635468085, -99999.0, -99999.0, 24.29, 4.61, 28.9, 0.037, 1.0, 1.039, -99999.0, -99999.0, -99999.0, -99999.0, -99999.0, -99999.0, -99999.0, 3.56, 5.09, 0.0
3938.0, 40.780695584666674, -111.94099579350001, 1287.997, 0.17, 16.7, 0.42, 67.6, -99999.0, -99999.0, -99999.0, -99999.0, -99999.0, 0.071753282947, 425.87879345, 1.9651352708, 1.1711948467, -22.971799687, -312.93786771, 1.9391212823369999, 430.2635468085, -99999.0, 71.5, 24.31, 4.59, 28.91, 0.037, 1.0, 1.039, -99999.0, -99999.0, -99999.0, -99999.0, -99999.0, -99999.0, -99999.0, -99999.0, -99999.0, 0.0
3939.0, 40.78069553366667, -111.94099583566667, 1288.001, 0.17, 16.9, 0.53, 96.28, -99999.0, -99999.0, -99999.0, -99999.0, -99999.0, 0.071753282947, 426.04909226, 1.9667375076, 1.1924252375, -22.971799687, -312.93786771, 1.9391212823369999, 432.4922294668, -99999.0, 70.6, 24.22, 4.6, 28.82, 0.037, 1.0, 1.039, -99999.0, -99999.0, -99999.0, -99999.0, -99999.0, -99999.0, -99999.0, 3.07, 18.65, 0.0
3940.0, 40.780695422833325, -111.94099586899999, 1288.003, 0.15, 17.0, 0.39, 115.29, -99999.0, -99999.0, -99999.0, -99999.0, -99999.0, 0.071748654711, 425.62089031, 1.9667375076, 1.1924252375, -22.971799687, -317.67608277, 1.9391212823369999, 432.4693781607, -99999.0, -99999.0, 24.18, 4.61, 28.78, 0.037, 1.0, 1.039, -99999.0, -99999.0, -99999.0, -99999.0, -99999.0, -99999.0, -99999.0, 2.45, 3.98, 0.0
3941.0, 40.780695327833335, -111.94099589300001, 1288.007, 0.12, 17.0, 0.94, 139.98, -99999.0, -99999.0, -99999.0, -99999.0, -99999.0, 0.063982419948, 425.19268836, 1.9667375076, 1.1924252375, -30.77575769, -317.67608277, 1.948390927318, 432.4693781607, -99999.0, -99999.0, 24.2, 4.61, 28.81, 0.037, 1.0, 1.039, -99999.0, -99999.0, -99999.0, -99999.0, -99999.0, -99999.0, -99999.0, 3.41, 3.41, 0.0
3942.0, 40.78069524749999, -111.94099591233335, 1288.01, 0.04, 17.1, 0.98, 196.78, -99999.0, -99999.0, -99999.0, -99999.0, -99999.0, 0.063982419948, 425.34268149, 1.9666847124, 1.2161086235, -30.77575769, -317.67608277, 1.948390927318, 432.4693781607, -99999.0, 69.5, 24.21, 4.6, 28.81, 0.037, 1.0, 1.039, -99999.0, -99999.0, -99999.0, -99999.0, -99999.0, -99999.0, -99999.0, 2.96, 3.54, 0.0
3943.0, 40.780695149333326, -111.94099592316667, 1288.008, 0.11, 17.2, 0.55, 122.69, -99999.0, -99999.0, -99999.0, -99999.0, -99999.0, 0.063984336029, 425.510866425, 1.9666847124, 1.2161086235, -30.77575769, -317.67608277, 1.948390927318, 424.66086822399996, -99999.0, 67.4, 24.23, 4.62, 28.85, 0.037, 1.0, 1.039, -99999.0, -99999.0, -99999.0, -99999.0, -99999.0, -99999.0, -99999.0, -99999.0, -99999.0, 0.0
3944.0, 40.780695074, -111.94099594666667, 1288.007, 0.19, 17.2, 0.44, 207.09, -99999.0, -99999.0, -99999.0, -99999.0, -99999.0, 0.071419294643, 425.67905136, 1.9666847124, 1.2161086235, -30.77575769, -303.57354104, 1.948390927318, 424.7276534706, -99999.0, -99999.0, 24.27, 4.64, 28.92, 0.037, 1.0, 1.039, -99999.0, -99999.0, -99999.0, -99999.0, -99999.0, -99999.0, -99999.0, 2.98, 9.51, 0.0
3945.0, 40.78069500683334, -111.94099595733333, 1288.008, 0.08, 17.2, 0.9, 147.87, -99999.0, -99999.0, -99999.0, -99999.0, -99999.0, 0.071419294643, 425.63468501, 1.9659105125, 1.1791651956, -36.294980057, -303.57354104, 1.966261583824, 424.7276534706, -99999.0, -99999.0, 24.29, 4.68, 28.97, 0.037, 1.0, 1.039, -99999.0, -99999.0, -99999.0, -99999.0, -99999.0, -99999.0, -99999.0, -99999.0, -99999.0, 0.0
