arc_raw/USOS-ARL-Suite_ARC_20240801_RA.ict
71,1001
Xinrong Ren
NOAA Air Resources Lab
ARC-Suite
USOS: Utah Summer Ozone Study
1,1
2024,08,01,2024,08,01
1
StartTime_seconds, seconds, Start time in UTC seconds since midnight
38
1,1,1,1,1,1,1,1,1,1,1,1,1,1,1,1,1,1,1,1,1,1,1,1,1,1,1,1,1,1,1,1,1,1,1,1,1,1
-99999,-99999,-99999,-99999,-99999,-99999,-99999,-99999,-99999,-99999,-99999,-99999,-99999,-99999,-99999,-99999,-99999,-99999,-99999,-99999,-99999,-99999,-99999,-99999,-99999,-99999,-99999,-99999,-99999,-99999,-99999,-99999,-99999,-99999,-99999,-99999,-99999,-99999
lat_DGPS_deg, degrees, Latitude in decimal by Hemisphere VS1100 Differential GPS
lon_DGPS_deg, degrees, Longitude in decimal by Hemisphere VS1100 Differential GPS
alt_msl_m, meters, GPS Altitude MSL
speed_km_h, km/s, vehicle speed
RH, percent, relative humidity
true_WS_m_s, m/s, wind speed by 2D sonic sensor
true_WD_deg, degree, wind direction by 2D sonic sensor
CH4_aeris313_ppm, ppm, CH4 mixing ratio by Aeris
H2O_aeris313_ppm, ppm, H2O mixing ratio by Aeris
C2H6_aeris313_ppb, ppb, C2H6 mixing ratio by Aeris
r_aeris313, 1, relavence between CH4 and C2H6 by Aeris
C2C1_aeris313, 1, C2H6 to CH4 ratio by Aeris
CO_g2401m_ppm, ppm, CO mixing ratio by Picarro G2401m
CO2_g2401m_ppm, ppm, CO2 mixing ratio by Picarro G2401m
CH4_g2401m_ppm, ppm, CH4 mixing ratio by Picarro G2401m
H2O_g2401m, ppm, H2O mixing ratio by Picarro G2401m
delta13C_CH4_raw, permill, delta 13C of CH4 by Picarro G2201i
delta13C_CO2_raw, permill, delta 13C of CO2 by Picarro G2201i
CH4_g2201i_ppm, ppm, CH4 mixing ratio by Picarro G2201i
CO2_g2201i_ppm, ppm, CO2 mixing ratio by Picarro G2201i
NH3_g2301_ppb, ppb, NH3 mixing ratio by Picarro G2301
O3_2B_ppm, ppm, O3 mixing ratio by 2B
NO_G60_ppb, ppb, NO mixing ratio by G60
NO2_G60_ppb, ppb, NO2 mixing ratio by G60
NOx_G60_ppb, ppb, NOx mixing ratio by G60
NO_N500_ppb, ppb, NO mixing ratio by N500
NO2_N500_ppb, ppb, NO2 mixing ratio by N500
NOx_N500_ppb, ppb, NOx mixing ratio by N500
BC370_AE43_ng_m3, ng/m3, Black Carbon at 370 nm by AE43
BC470_AE43_ng_m3, ng/m3, Black Carbon at 470 nm by AE43
BC520_AE43_ng_m3, ng/m3, Black Carbon at 520 nm by AE43
BC590_AE43_ng_m3, ng/m3, Black Carbon at 590 nm by AE43
BC660_AE43_ng_m3, ng/m3, Black Carbon at 660 nm by AE43
BC880_AE43_ng_m3, ng/m3, Black Carbon at 880 nm by AE43
BC950_AE43_ng_m3, ng/m3, Black Carbon at 950 nm by AE43
PM25, ug/m3, PM2.5 by particle sensor
PM10, ug/m3, PM10 by particle sensor
Valve, boolian, indicator of valve conditions;0 is measurement; 10 is zeroing; 11 is spanning
1
SPECIAL COMMENTS, N/A
18
PI_CONTACT_INFO: xinrong.ren@noaa.gov, 301-683-1391, NOAA/ARL, 5830 University Research Court, College Park, MD 20740
PLATFORM: NOAA Air Resources Car
LOCATION: Salt Lake City
ASSOCIATED_DATA: N/A
INSTRUMENT_INFO: Hemisphere VS1100 differential GPS (Latitude, Longitude, GPS Altitude, speed), meteorological sensor (RH, WS, WD), 2B (O3), G60 CRDS (NO-NOx), Teledyne N500 (NO-NOx), Picarro G2401-m (CO2, CH4, CO, H2O), Picarro G2201i (CO2, CH4, d13C_CO2, d13C_CH4, H2O), Picarro 2301 (NH3), Aeris Ultra MIRA (CH4, C2H6, H2O, r, C2/C1), AE43 (Black Carbon), Partical sensor (PM2.5, PM10)
DATA_INFO: Records are reported at 1-second intervals. Hemisphere VS1100 differential GPS has 1-second ntervals. 2B O3 values are reported 2-second averages. G60 Cavity Rong Down NO-NO2-NO2 has 1-second average. Teledyne CAPS NO2 analyzer has 10-second time resolution. Picarro 2401m (CO2, CH4, CO, H2O) data has 2.5-second time resolution. Picarro 2201i (isotope) has ~5 second time resolution. Aeris Ultra MIRA has 1-second integration time. AE43 data are 10-second moving averages. Partical sensor has 10-second time resolution.
UNCERTAINTY: -99999, -99999, -99999, 15 m, -99999, -99999, -99999, -99999, 1 ppb, 100 ppm, 0.2 ppb, -99999, -99999, 5 ppb, 0.1 ppm, 1 ppb, 100 ppm, -99999, -99999, -99999, -99999, 2 ppb, 0.3 ppb, -99999, -99999, -99999, 0.05 ppb, 0.05 ppb, 0.05 ppb, 10 ng/m3, 10 ng/m3, 10 ng/m3, 10 ng/m3, 10 ng/m3, 10 ng/m3, 10 ng/m3, 10 ng/m3, 0
ULOD_FLAG: -77777
ULOD_VALUE: N/A
LLOD_FLAG: -88888
LLOD_VALUE: N/A
DM_CONTACT_INFO: Jiayang Sun; University of Maryland; jiayangs@umd.edu
PROJECT_INFO: USOS July - Aug 2024 https://deq.utah.gov/air-quality/utah-summer-ozone-study-usos
STIPULATIONS_ON_USE: Use of these data requires prior ok from PI.
OTHER_COMMENTS: N/A
REVISION: RA
RA: Preliminary Data for in-field use only.
StartTime_seconds, lat_DGPS_deg, lon_DGPS_deg, alt_msl_m, speed_km_h, RH, true_WS_m_s, true_WD_deg, CH4_aeris313_ppm, H2O_aeris313_ppm, C2H6_aeris313_ppb, r_aeris313, C2C1_aeris313, CO_g2401m_ppm, CO2_g2401m_ppm, CH4_g2401m_ppm, H2O_g2401m, delta13C_CH4_raw, delta13C_CO2_raw, CH4_g2201i_ppm, CO2_g2201i_ppm, NH3_g2301_ppb, O3_2B_ppm, NO_G60_ppb, NO2_G60_ppb, NOx_G60_ppb, NO_N500_ppb, NO2_N500_ppb, NOx_N500_ppb, BC370_AE43_ng_m3, BC470_AE43_ng_m3, BC520_AE43_ng_m3, BC590_AE43_ng_m3, BC660_AE43_ng_m3, BC880_AE43_ng_m3, BC950_AE43_ng_m3, PM25, PM10, Valve
[from data line 5590]
5590.0, 40.78069397516666, -111.94099262700001, 1293.506, 0.07, 18.0, 0.65, 228.49, 2.07374, 12363.8, -1.44061, -0.361836, -99999.0, 0.24990378947, 421.29193076499996, 2.0365908087, 1.0660942773, -28.995077036, -7.3760264314, 1.971392022736, 422.5313059574, -99999.0, 58.6, 3.61, 0.44, 4.05, -0.132, 1.312, 1.18, 1381.0, 1230.0, 1181.0, 1163.0, 566.0, 553.0, 862.0, -99999.0, -99999.0, 0.0
5591.0, 40.7806936985, -111.940992281, 1293.602, 0.04, 18.0, 0.67, 238.78, 2.07017, 12348.3, -1.25779, -0.365632, -99999.0, 0.2662106021, 421.14983906, 2.0365908087, 1.0660942773, -99999.0, -99999.0, -99999.0, -99999.0, -99999.0, -99999.0, 3.6, 0.44, 4.04, -0.132, 1.312, 1.18, 1215.0, 960.0, 664.0, 1282.0, 812.0, 484.0, 835.0, -99999.0, -99999.0, 0.0
5592.0, 40.78069336166667, -111.9409918955, 1293.681, 0.0, 18.0, 0.44, 234.84, 2.07293, 12325.1, -0.751026, -0.272565, -99999.0, 0.266210898185, 421.12555478, 2.0369458459, 1.0686678833, -39.767569901, -7.3760264314, 1.98261932876, 422.5313059574, -99999.0, -99999.0, 3.66, 0.44, 4.1, -0.132, 1.312, 1.18, 1644.0, 1331.0, 1254.0, 557.0, 1295.0, 641.0, 558.0, -99999.0, -99999.0, 0.0
5593.0, 40.780693149, -111.94099150916666, 1293.749, 0.06, 18.0, 0.58, 229.96, 2.07159, 12314.8, -0.871105, -0.212283, -99999.0, 0.26621119427, 421.25045123, 2.0369458459, 1.0686678833, -99999.0, -99999.0, -99999.0, -99999.0, -99999.0, 57.8, 3.63, 0.39, 4.01, -0.132, 1.312, 1.18, 1387.0, 1305.0, 697.0, 1066.0, 546.0, 519.0, 797.0, -99999.0, -99999.0, 0.0
5594.0, 40.78069298483333, -111.94099110683334, 1293.786, 0.09, 18.0, 0.28, 199.75, 2.07115, 12303.0, -1.16952, -0.264146, -99999.0, 0.24850861576, 421.25318427, 2.03678313715, 1.0682081621, -39.767569901, -7.3760264314, 1.98261932876, 422.26088837354996, -99999.0, 58.9, 3.65, 0.38, 4.04, -0.132, 1.312, 1.18, 1719.0, 1293.0, 796.0, 509.0, 871.0, 417.0, 911.0, -99999.0, -99999.0, 0.0
5595.0, 40.780692747333326, -111.94099078416666, 1293.841, 0.12, 18.0, 0.0, 0.0, 2.07369, 12308.0, -1.41962, -0.295729, -99999.0, 0.24850878227, 421.241568015, 2.0366204284, 1.0677484409, -39.767569901, -6.1906533041, 1.98261932876, 421.9960298117, -99999.0, -99999.0, 3.63, 0.4, 4.02, -0.132, 1.312, 1.18, 1977.0, 1123.0, 876.0, 557.0, 812.0, 767.0, 764.0, -99999.0, -99999.0, 0.0
5596.0, 40.78069260083333, -111.94099038983335, 1293.888, 0.09, 18.0, 0.72, 208.92, 2.07465, 12310.5, -1.20599, -0.304538, -99999.0, 0.25880104449, 421.22721872, 2.0366204284, 1.0677484409, -99999.0, -99999.0, -99999.0, -99999.0, -99999.0, -99999.0, 3.66, 0.4, 4.06, -0.132, 1.312, 1.18, 1570.0, 1205.0, 876.0, 899.0, 1045.0, 748.0, 905.0, -99999.0, -99999.0, 0.0
5597.0, 40.78069233716667, -111.94099002783332, 1293.91, 0.03, 18.0, 0.66, 225.22, 2.07245, 12301.0, -1.30087, -0.257936, -99999.0, 0.25880083908, 421.21099248, 2.0366761333, 1.0637569866, -47.79808732, -6.1906533041, 1.983122955144, 421.9960298117, -99999.0, 60.1, 3.7, 0.38, 4.07, -0.132, 1.312, 1.18, 1811.0, 1098.0, 883.0, 752.0, 934.0, 442.0, 764.0, -99999.0, -99999.0, 0.0
5598.0, 40.78069216316667, -111.94098968633334, 1293.949, 0.24, 18.0, 0.32, 253.13, 2.07148, 12301.6, -1.09862, -0.216437, -99999.0, 0.25880063367, 421.14375518, 2.0366761333, 1.0637569866, -99999.0, -99999.0, -99999.0, -99999.0, -99999.0, 60.4, 3.74, 0.36, 4.11, -0.132, 1.312, 1.18, 1891.0, 1381.0, 889.0, 749.0, 1109.0, 628.0, 1041.0, -99999.0, -99999.0, 0.0
5599.0, 40.78069190316667, -111.94098923783334, 1293.961, 0.17, 18.0, 0.51, 193.53, 2.07133, 12287.5, -0.796978, -0.383608, -99999.0, 0.25384253911, 421.125297285, 2.03692620185, 1.0601649578, -47.79808732, -6.1906533041, 1.983122955144, 421.9960298117, -99999.0, -99999.0, 3.72, 0.35, 4.08, -0.132, 1.312, 1.18, 1891.0, 1011.0, 1015.0, 512.0, 1097.0, 720.0, 569.0, -99999.0, -99999.0, 0.0
5600.0, 40.78069167966666, -111.9409888025, 1293.974, 0.08, 18.0, 0.44, 155.39, 2.07454, 12275.0, -1.28481, -0.356686, -99999.0, 0.25384182911, 421.017706265, 2.0371762704, 1.056572929, -47.79808732, -7.03385376535, 1.983122955144, 422.1271230039, -99999.0, -99999.0, 3.74, 0.36, 4.09, -0.132, 1.312, 1.18, 1553.0, 1211.0, 1261.0, 968.0, 618.0, 565.0, 1062.0, -99999.0, -99999.0, 0.0
5601.0, 40.7806914475, -111.94098841949999, 1293.999, 0.01, 18.0, 0.47, 129.23, 2.07224, 12253.4, -0.91916, -0.309049, -99999.0, 0.24851934608, 420.92857314, 2.0371762704, 1.056572929, -99999.0, -99999.0, -99999.0, -99999.0, -99999.0, 59.5, 3.71, 0.36, 4.06, -0.132, 1.312, 1.18, 1805.0, 1111.0, 1055.0, 704.0, 942.0, 699.0, 721.0, -99999.0, -99999.0, 0.0
5602.0, 40.78069120233334, -111.94098804450002, 1294.016, 0.09, 18.0, 0.66, 63.19, 2.07399, 12238.1, -0.964765, -0.232391, -99999.0, 0.2485194473, 420.90459142, 2.0371165307, 1.0564920173, -35.919973335, -7.8770542266, 1.978227895247, 422.12316739709996, -99999.0, 56.1, 3.74, 0.34, 4.08, -0.132, 1.312, 1.18, 1364.0, 1167.0, 1533.0, 944.0, 1176.0, 783.0, 542.0, -99999.0, -99999.0, 0.0
5603.0, 40.780690962499996, -111.94098762200001, 1294.009, 0.08, 18.0, 0.26, 349.58, 2.07129, 12221.5, -1.04422, -0.234916, -99999.0, 0.24851954852, 420.98755096, 2.0371165307, 1.0564920173, -99999.0, -99999.0, -99999.0, -99999.0, -99999.0, -99999.0, 3.77, 0.33, 4.1, -0.132, 1.312, 1.18, 1404.0, 1199.0, 783.0, 825.0, 685.0, 799.0, 764.0, -99999.0, -99999.0, 0.0
5604.0, 40.78069071483333, -111.94098730016667, 1293.993, 0.16, 18.0, 0.71, 71.51, 2.07445, 12209.3, -0.877687, -0.0873068, -99999.0, 0.24694246862, 420.98755096, 2.0371165307, 1.0564920173, -35.919973335, -7.8770542266, 1.978227895247, 422.12316739709996, -99999.0, -99999.0, 3.77, 0.31, 4.08, -0.132, 1.312, 1.18, 1948.0, 948.0, 1168.0, 895.0, 934.0, 718.0, 705.0, -99999.0, -99999.0, 0.0
5605.0, 40.7806903995, -111.94098699250002, 1293.993, 0.05, 18.0, 0.74, 85.21, 2.07187, 12201.5, -1.19553, -0.0855217, -99999.0, 0.24694375677333333, 421.1816876433333, 2.037364863, 1.0699658297, -35.919973335, -6.95862629945, 1.978227895247, 421.7604496104, -99999.0, 53.6, 3.79, 0.32, 4.11, -0.132, 1.312, 1.18, 1215.0, 1193.0, 1055.0, 773.0, 871.0, 730.0, 293.0, -99999.0, -99999.0, 0.0
5606.0, 40.780690122, -111.9409867505, 1294.014, 0.19, 18.0, 0.56, 95.15, 2.07176, 12203.4, -1.37605, -0.119041, -99999.0, 0.25596781741, 421.48152823, 2.037364863, 1.0699658297, -99999.0, -99999.0, -99999.0, -99999.0, -99999.0, 54.9, 3.84, 0.29, 4.13, -0.132, 1.312, 1.18, 1777.0, 1161.0, 962.0, 509.0, 697.0, 790.0, 1182.0, -99999.0, -99999.0, 0.0
5607.0, 40.780689780833335, -111.94098646266666, 1294.01, 0.22, 18.0, 0.84, 92.44, 2.07094, 12233.7, -1.13267, -0.109126, -99999.0, 0.25596897878, 421.57068577, 2.0364377995, 1.0834564773, -33.913895775, -6.0401983723, 1.9732909543600001, 421.7647543768, -99999.0, -99999.0, 3.82, 0.27, 4.09, -0.132, 1.312, 1.18, 1135.0, 1205.0, 949.0, 895.0, 701.0, 667.0, 276.0, -99999.0, -99999.0, 0.0
5608.0, 40.780689477, -111.94098622233332, 1294.002, 0.09, 18.0, 0.77, 65.51, 2.07068, 12279.6, -1.0061, -0.0960743, -99999.0, 0.25597014015, 422.04231338, 2.0364377995, 1.0834564773, -99999.0, -99999.0, -99999.0, -99999.0, -99999.0, -99999.0, 3.85, 0.26, 4.1, -0.132, 1.312, 1.18, 1473.0, 1080.0, 690.0, 968.0, 934.0, 813.0, 699.0, -99999.0, -99999.0, 0.0
5609.0, 40.780689197833325, -111.9409859415, 1293.994, 0.12, 18.0, 0.51, 60.54, 2.07233, 12318.3, -1.15114, -0.0897406, -99999.0, 0.2440822157, 422.04231338, 2.0364377995, 1.0834564773, -33.913895775, -6.0401983723, 1.9732909543600001, 421.7647543768, -99999.0, 56.1, 3.87, 0.25, 4.12, -0.132, 1.312, 1.18, 1880.0, 804.0, 1069.0, 968.0, 1303.0, 764.0, 699.0, -99999.0, -99999.0, 0.0
5610.0, 40.780688911999995, -111.94098571666667, 1293.998, 0.14, 18.0, 0.55, 73.08, 2.07192, 12346.2, -1.52803, -0.0914171, -99999.0, 0.24407976366666664, 421.7965280066667, 2.0366391584, 1.0688856709, -33.913895775, -6.0401983723, 1.9732909543600001, 421.82623139889995, -99999.0, 55.6, 3.87, 0.25, 4.12, -0.109, 1.289, 1.18, 1651.0, 1073.0, 1069.0, 749.0, 495.0, 987.0, 493.0, -99999.0, -99999.0, 0.0
5611.0, 40.78068862483333, -111.9409855345, 1293.998, 0.05, 18.0, 0.25, 146.78, 2.07147, 12349.6, -1.21678, -0.0844828, -99999.0, 0.25355594948, 421.31211236, 2.0366391584, 1.0688856709, -33.913895775, -6.8558229462, 1.9732909543600001, 421.82240792519997, -99999.0, -99999.0, 3.88, 0.27, 4.15, -0.109, 1.289, 1.18, 1628.0, 1256.0, 1062.0, 920.0, 693.0, 841.0, 932.0, -99999.0, -99999.0, 0.0
5612.0, 40.78068834816667, -111.94098531733334, 1293.998, 0.12, 18.0, 0.27, 103.86, 2.07297, 12331.5, -1.49666, -0.0943174, -99999.0, 0.25355594948, 421.26638782, 2.0372899882, 1.0696172706, -40.029628595, -6.8558229462, 1.984816932485, 421.82240792519997, -99999.0, -99999.0, 3.88, 0.27, 4.15, -0.109, 1.289, 1.18, 1479.0, 898.0, 1168.0, 798.0, 1243.0, 711.0, 417.0, -99999.0, -99999.0, 0.0
5613.0, 40.78068808033334, -111.9409851075, 1294.02, 0.2, 18.0, 0.0, 0.0, 2.07096, 12317.8, -1.24151, -0.0602186, -99999.0, 0.253556033, 421.224160835, 2.0372899882, 1.0696172706, -99999.0, -99999.0, -99999.0, -99999.0, -99999.0, 56.9, 3.96, 0.28, 4.25, -0.109, 1.289, 1.18, 1628.0, 885.0, 690.0, 968.0, 875.0, 866.0, 629.0, -99999.0, -99999.0, 0.0
5614.0, 40.780687802, -111.94098485466665, 1294.024, 0.07, 18.0, 0.0, 0.0, 2.07211, 12308.5, -1.4004, -0.0499342, -99999.0, 0.24924627528, 421.18193385, 2.0372899882, 1.0696172706, -40.029628595, -6.8558229462, 1.984816932485, 421.82240792519997, -99999.0, 57.8, 4.0, 0.28, 4.28, -0.109, 1.289, 1.18, 1634.0, 1017.0, 1261.0, 1428.0, 1053.0, 222.0, 911.0, -99999.0, -99999.0, 0.0
5615.0, 40.780687516, -111.9409846395, 1294.017, 0.13, 18.0, 0.0, 0.0, 2.07338, 12301.1, -1.0489, -0.0272182, -99999.0, 0.249245663705, 421.17252583, 2.0371598103, 1.0660381285, -40.029628595, -6.8558229462, 1.984816932485, 421.8729287022, -99999.0, -99999.0, 4.01, 0.26, 4.27, -0.109, 1.289, 1.18, 1800.0, 1318.0, 856.0, 847.0, 863.0, 887.0, 1008.0, -99999.0, -99999.0, 0.0
5616.0, 40.7806872445, -111.94098440983335, 1294.011, 0.15, 18.0, 0.28, 114.31, 2.0728, 12302.1, -1.56448, -0.10104, -99999.0, 0.24924505213, 420.96497625, 2.0371598103, 1.0660381285, -40.029628595, -5.7984075316, 1.984816932485, 421.8778862334, -99999.0, -99999.0, 4.0, 0.26, 4.26, -0.109, 1.289, 1.18, 1702.0, 1155.0, 1042.0, 773.0, 800.0, 922.0, 694.0, -99999.0, -99999.0, 0.0
5617.0, 40.7806869725, -111.94098420633333, 1294.012, 0.13, 18.0, 0.35, 95.9, 2.07408, 12292.0, -1.3212, -0.122239, -99999.0, 0.24696622739, 420.947579485, 2.0374094462, 1.06255908025, -41.409898379, -5.7984075316, 1.9850797966340001, 421.8778862334, -99999.0, 56.5, 4.03, 0.27, 4.29, -0.109, 1.289, 1.18, 1376.0, 1337.0, 969.0, 631.0, 808.0, 514.0, 895.0, -99999.0, -99999.0, 0.0
5618.0, 40.78068671933334, -111.94098397566668, 1294.007, 0.06, 18.0, 0.47, 63.88, 2.07347, 12281.0, -1.13825, -0.113772, -99999.0, 0.24696434072, 420.706327365, 2.0376590821, 1.059080032, -99999.0, -99999.0, -99999.0, -99999.0, -99999.0, 56.6, 4.05, 0.27, 4.32, -0.109, 1.289, 1.18, 1467.0, 1450.0, 763.0, 1066.0, 808.0, 510.0, 1057.0, -99999.0, -99999.0, 0.0
5619.0, 40.78068647933333, -111.94098381399999, 1294.006, 0.12, 18.0, 0.65, 96.43, 2.07389, 12257.8, -1.42763, -0.142121, -99999.0, 0.25318962405, 420.48247201, 2.0376590821, 1.059080032, -99999.0, -99999.0, -99999.0, -99999.0, -99999.0, -99999.0, 4.11, 0.25, 4.36, -0.109, 1.289, 1.18, 1874.0, 1168.0, 491.0, 850.0, 804.0, 831.0, 385.0, -99999.0, -99999.0, 0.0
5620.0, 40.780686253333336, -111.94098364949998, 1294.021, 0.22, 18.0, 0.51, 108.61, 2.07378, 12246.9, -1.36367, -0.132604, -99999.0, 0.25319007835, 420.46344647, 2.0375245364, 1.060268558, -41.409898379, -5.7984075316, 1.9850797966340001, 421.8187220011, -99999.0, -99999.0, 4.11, 0.25, 4.36, -0.109, 1.289, 1.18, 1628.0, 1444.0, 976.0, 871.0, 321.0, 662.0, 634.0, -99999.0, -99999.0, 0.0
5621.0, 40.78068604766667, -111.94098349899998, 1294.037, 0.05, 18.0, 0.52, 102.45, 2.07294, 12224.3, -1.41065, -0.171963, -99999.0, 0.25319053265, 420.61951618, 2.0375245364, 1.060268558, -41.409898379, -6.2668767813, 1.9850797966340001, 421.757362038, -99999.0, 58.3, 4.16, 0.22, 4.38, -0.109, 1.289, 1.18, 1725.0, 1438.0, 770.0, 603.0, 1061.0, 646.0, 564.0, -99999.0, -99999.0, 0.0
5622.0, 40.780685801, -111.94098335733334, 1294.051, 0.12, 18.0, 0.51, 75.25, 2.07288, 12219.6, -1.37647, -0.213482, -99999.0, 0.25468948075, 420.63094973, 2.0376428991999997, 1.06314007565, -38.400224358, -6.2668767813, 1.9846106463270001, 421.757362038, -99999.0, 59.0, 4.16, 0.22, 4.38, -0.109, 1.289, 1.18, 1553.0, 1381.0, 1168.0, 752.0, 693.0, 885.0, 602.0, -99999.0, -99999.0, 0.0
5623.0, 40.78068558883333, -111.94098322433335, 1294.09, 0.22, 18.0, 0.6, 107.48, 2.0747, 12217.4, -1.263, -0.178897, -99999.0, 0.25469036323, 420.75086147, 2.037761262, 1.0660115933, -99999.0, -99999.0, -99999.0, -99999.0, -99999.0, -99999.0, 4.17, 0.24, 4.41, -0.109, 1.289, 1.18, 1393.0, 1180.0, 797.0, 1160.0, 879.0, 820.0, 992.0, -99999.0, -99999.0, 0.0
5624.0, 40.78068537266667, -111.94098311966667, 1294.151, 0.07, 18.0, 0.0, 0.0, 2.07322, 12227.3, -1.42566, -0.181797, -99999.0, 0.26077541796, 420.85933966, 2.037761262, 1.0660115933, -99999.0, -99999.0, -99999.0, -99999.0, -99999.0, -99999.0, 4.2, 0.25, 4.45, -0.109, 1.289, 1.18, 1582.0, 1318.0, 1182.0, 728.0, 753.0, 570.0, 455.0, -99999.0, -99999.0, 0.0
5625.0, 40.78068516566667, -111.940983025, 1294.202, 0.05, 18.0, 0.64, 68.49, 2.07483, 12239.0, -1.50743, -0.224408, -99999.0, 0.2607761687, 420.8930706, 2.0377650131, 1.0704859835, -38.400224358, -6.2668767813, 1.9846106463270001, 422.06348546425, -99999.0, 57.9, 4.23, 0.23, 4.46, -0.109, 1.289, 1.18, 1393.0, 791.0, 969.0, 1066.0, 554.0, 723.0, 813.0, -99999.0, -99999.0, 0.0
5626.0, 40.780684943333334, -111.9409829365, 1294.243, 0.14, 18.0, 0.43, 85.36, 2.07296, 12244.5, -1.32676, -0.243953, -99999.0, 0.26077691944, 421.24730384, 2.0377650131, 1.0704859835, -38.400224358, -6.7061344523, 1.9846106463270001, 422.36754708670003, -99999.0, 56.1, 4.2, 0.22, 4.43, -0.109, 1.289, 1.18, 1502.0, 1388.0, 982.0, 631.0, 1117.0, 584.0, 510.0, -99999.0, -99999.0, 0.0
5627.0, 40.78068468316667, -111.94098284166667, 1294.279, 0.1, 18.0, 0.0, 0.0, 2.07292, 12265.1, -1.23797, -0.246834, -99999.0, 0.25283393242, 421.24730384, 2.0377650131, 1.0704859835, -99999.0, -99999.0, -99999.0, -99999.0, -99999.0, -99999.0, 4.2, 0.22, 4.42, -0.109, 1.289, 1.18, 1806.0, 1080.0, 1275.0, 578.0, 1184.0, 855.0, 1144.0, -99999.0, -99999.0, 0.0
5628.0, 40.78068445216667, -111.94098280066667, 1294.307, 0.08, 18.1, 0.0, 0.0, 2.07426, 12266.1, -1.49254, -0.265333, -99999.0, 0.25283665412, 421.58030656, 2.0390480914, 1.0816955924, -30.013273653, -6.7061344523, 1.966310320967, 422.36754708670003, -99999.0, -99999.0, 4.15, 0.22, 4.37, -0.109, 1.289, 1.18, 1737.0, 1180.0, 783.0, 1042.0, 673.0, 739.0, 716.0, -99999.0, -99999.0, 0.0
5629.0, 40.780684154166664, -111.940982695, 1294.288, 0.09, 18.1, 0.0, 0.0, 2.07397, 12283.1, -1.17692, -0.173425, -99999.0, 0.26546221556, 422.14266432, 2.0390480914, 1.0816955924, -99999.0, -99999.0, -99999.0, -99999.0, -99999.0, 54.9, 4.15, 0.22, 4.37, -0.109, 1.289, 1.18, 1393.0, 1457.0, 1288.0, 899.0, 927.0, 433.0, 1003.0, -99999.0, -99999.0, 0.0
5630.0, 40.780683912499995, -111.94098262383335, 1294.29, 0.17, 18.1, 0.61, 93.18, 2.07627, 12322.4, -1.11508, -0.0852079, -99999.0, 0.26546287731499996, 422.20115238, 2.0395369861, 1.0881448784, -30.013273653, -6.7061344523, 1.966310320967, 422.36754708670003, -99999.0, 53.7, 4.14, 0.21, 4.35, -0.109, 1.289, 1.18, 1577.0, 779.0, 1188.0, 777.0, 796.0, 507.0, 455.0, -99999.0, -99999.0, 0.0
