arc_raw/USOS-ARL-Suite_ARC_20240731_RA.ict
71,1001
Xinrong Ren
NOAA Air Resources Lab
ARC-Suite
USOS: Utah Summer Ozone Study
1,1
2024,07,31,2024,07,31
1
StartTime_seconds, seconds, Start time in UTC seconds since midnight
38
1,1,1,1,1,1,1,1,1,1,1,1,1,1,1,1,1,1,1,1,1,1,1,1,1,1,1,1,1,1,1,1,1,1,1,1,1,1
-99999,-99999,-99999,-99999,-99999,-99999,-99999,-99999,-99999,-99999,-99999,-99999,-99999,-99999,-99999,-99999,-99999,-99999,-99999,-99999,-99999,-99999,-99999,-99999,-99999,-99999,-99999,-99999,-99999,-99999,-99999,-99999,-99999,-99999,-99999,-99999,-99999,-99999
lat_DGPS_deg, degrees, Latitude in decimal by Hemisphere VS1100 Differential GPS
lon_DGPS_deg, degrees, Longitude in decimal by Hemisphere VS1100 Differential GPS
alt_msl_m, meters, GPS Altitude MSL
speed_km_h, km/s, vehicle speed
RH, percent, relative humidity
true_WS_m_s, m/s, wind speed by 2D sonic sensor
true_WD_deg, degree, wind direction by 2D sonic sensor
CH4_aeris313_ppm, ppm, CH4 mixing ratio by Aeris
H2O_aeris313_ppm, ppm, H2O mixing ratio by Aeris
C2H6_aeris313_ppb, ppb, C2H6 mixing ratio by Aeris
r_aeris313, 1, relavence between CH4 and C2H6 by Aeris
C2C1_aeris313, 1, C2H6 to CH4 ratio by Aeris
CO_g2401m_ppm, ppm, CO mixing ratio by Picarro G2401m
CO2_g2401m_ppm, ppm, CO2 mixing ratio by Picarro G2401m
CH4_g2401m_ppm, ppm, CH4 mixing ratio by Picarro G2401m
H2O_g2401m, ppm, H2O mixing ratio by Picarro G2401m
delta13C_CH4_raw, permill, delta 13C of CH4 by Picarro G2201i
delta13C_CO2_raw, permill, delta 13C of CO2 by Picarro G2201i
CH4_g2201i_ppm, ppm, CH4 mixing ratio by Picarro G2201i
CO2_g2201i_ppm, ppm, CO2 mixing ratio by Picarro G2201i
NH3_g2301_ppb, ppb, NH3 mixing ratio by Picarro G2301
O3_2B_ppm, ppm, O3 mixing ratio by 2B
NO_G60_ppb, ppb, NO mixing ratio by G60
NO2_G60_ppb, ppb, NO2 mixing ratio by G60
NOx_G60_ppb, ppb, NOx mixing ratio by G60
NO_N500_ppb, ppb, NO mixing ratio by N500
NO2_N500_ppb, ppb, NO2 mixing ratio by N500
NOx_N500_ppb, ppb, NOx mixing ratio by N500
BC370_AE43_ng_m3, ng/m3, Black Carbon at 370 nm by AE43
BC470_AE43_ng_m3, ng/m3, Black Carbon at 470 nm by AE43
BC520_AE43_ng_m3, ng/m3, Black Carbon at 520 nm by AE43
BC590_AE43_ng_m3, ng/m3, Black Carbon at 590 nm by AE43
BC660_AE43_ng_m3, ng/m3, Black Carbon at 660 nm by AE43
BC880_AE43_ng_m3, ng/m3, Black Carbon at 880 nm by AE43
BC950_AE43_ng_m3, ng/m3, Black Carbon at 950 nm by AE43
PM25, ug/m3, PM2.5 by particle sensor
PM10, ug/m3, PM10 by particle sensor
Valve, boolian, indicator of valve conditions;0 is measurement; 10 is zeroing; 11 is spanning
1
SPECIAL COMMENTS, N/A
18
PI_CONTACT_INFO: xinrong.ren@noaa.gov, 301-683-1391, NOAA/ARL, 5830 University Research Court, College Park, MD 20740
PLATFORM: NOAA Air Resources Car
LOCATION: Salt Lake City
ASSOCIATED_DATA: N/A
INSTRUMENT_INFO: Hemisphere VS1100 differential GPS (Latitude, Longitude, GPS Altitude, speed), meteorological sensor (RH, WS, WD), 2B (O3), G60 CRDS (NO-NOx), Teledyne N500 (NO-NOx), Picarro G2401-m (CO2, CH4, CO, H2O), Picarro G2201i (CO2, CH4, d13C_CO2, d13C_CH4, H2O), Picarro 2301 (NH3), Aeris Ultra MIRA (CH4, C2H6, H2O, r, C2/C1), AE43 (Black Carbon), Partical sensor (PM2.5, PM10)
DATA_INFO: Records are reported at 1-second intervals. Hemisphere VS1100 differential GPS has 1-second ntervals. 2B O3 values are reported 2-second averages. G60 Cavity Rong Down NO-NO2-NO2 has 1-second average. Teledyne CAPS NO2 analyzer has 10-second time resolution. Picarro 2401m (CO2, CH4, CO, H2O) data has 2.5-second time resolution. Picarro 2201i (isotope) has ~5 second time resolution. Aeris Ultra MIRA has 1-second integration time. AE43 data are 10-second moving averages. Partical sensor has 10-second time resolution.
UNCERTAINTY: -99999, -99999, -99999, 15 m, -99999, -99999, -99999, -99999, 1 ppb, 100 ppm, 0.2 ppb, -99999, -99999, 5 ppb, 0.1 ppm, 1 ppb, 100 ppm, -99999, -99999, -99999, -99999, 2 ppb, 0.3 ppb, -99999, -99999, -99999, 0.05 ppb, 0.05 ppb, 0.05 ppb, 10 ng/m3, 10 ng/m3, 10 ng/m3, 10 ng/m3, 10 ng/m3, 10 ng/m3, 10 ng/m3, 10 ng/m3, 0
ULOD_FLAG: -77777
ULOD_VALUE: N/A
LLOD_FLAG: -88888
LLOD_VALUE: N/A
DM_CONTACT_INFO: Jiayang Sun; University of Maryland; jiayangs@umd.edu
PROJECT_INFO: USOS July - Aug 2024 https://deq.utah.gov/air-quality/utah-summer-ozone-study-usos
STIPULATIONS_ON_USE: Use of these data requires prior ok from PI.
OTHER_COMMENTS: N/A
REVISION: RA
RA: Preliminary Data for in-field use only.
StartTime_seconds, lat_DGPS_deg, lon_DGPS_deg, alt_msl_m, speed_km_h, RH, true_WS_m_s, true_WD_deg, CH4_aeris313_ppm, H2O_aeris313_ppm, C2H6_aeris313_ppb, r_aeris313, C2C1_aeris313, CO_g2401m_ppm, CO2_g2401m_ppm, CH4_g2401m_ppm, H2O_g2401m, delta13C_CH4_raw, delta13C_CO2_raw, CH4_g2201i_ppm, CO2_g2201i_ppm, NH3_g2301_ppb, O3_2B_ppm, NO_G60_ppb, NO2_G60_ppb, NOx_G60_ppb, NO_N500_ppb, NO2_N500_ppb, NOx_N500_ppb, BC370_AE43_ng_m3, BC470_AE43_ng_m3, BC520_AE43_ng_m3, BC590_AE43_ng_m3, BC660_AE43_ng_m3, BC880_AE43_ng_m3, BC950_AE43_ng_m3, PM25, PM10, Valve
[from data line 2775]
2775.0, 40.7807009425, -111.94098956083332, 1287.882, 0.17, 12.7, 0.72, 294.48, 2.03884, 8742.69, -0.675062, -0.20982, -99999.0, 0.26477708601, 420.30204597, 1.9998716672, 0.75031734464, -37.759190462, -9.0967683243, 1.959920371289, 420.9869143859, -99999.0, 68.0, 3.45, -0.12, 3.34, 0.754, 2.016, 2.781, 1210.0, 940.0, 622.0, 752.0, 745.0, 877.0, 1031.0, -99999.0, -99999.0, 0.0
2776.0, 40.7807011605, -111.94098963266667, 1287.853, 0.15, 12.7, 1.09, 284.44, 2.03971, 8730.49, -0.609866, -0.215348, -99999.0, 0.28107655128, 420.27192574, 1.9998716672, 0.75031734464, -37.759190462, -5.6588617102, 1.959920371289, 420.83217889049996, -99999.0, -99999.0, 3.37, -0.07, 3.3, 0.754, 2.016, 2.781, 1147.0, 1130.0, 1073.0, 917.0, 761.0, 1004.0, 780.0, -99999.0, -99999.0, 0.0
2777.0, 40.78070146383334, -111.94098968066668, 1287.812, 0.17, 12.7, 1.18, 252.82, 2.04009, 8715.61, -0.730957, -0.215353, -99999.0, 0.281076598765, 420.31588305, 2.0000166442, 0.75689142948, -99999.0, -99999.0, -99999.0, -99999.0, -99999.0, 70.1, 3.39, -0.07, 3.32, 0.754, 2.016, 2.781, 1071.0, 914.0, 892.0, 710.0, 1061.0, 960.0, 789.0, -99999.0, -99999.0, 0.0
2778.0, 40.78070168983333, -111.94098967633333, 1287.785, 0.12, 12.7, 1.59, 239.74, 2.04026, 8727.36, -0.608621, -0.237403, -99999.0, 0.28107664625, 420.32847892, 2.0000166442, 0.75689142948, -35.500011311, -5.6588617102, 1.94961312382, 420.83217889049996, -99999.0, -99999.0, 3.36, -0.08, 3.28, 0.754, 2.016, 2.781, 1273.0, 896.0, 1033.0, 908.0, 572.0, 575.0, 855.0, -99999.0, -99999.0, 0.0
2779.0, 40.78070193583334, -111.94098972766666, 1287.718, 0.17, 12.7, 0.71, 260.23, 2.04043, 8750.89, -0.552625, -0.22079, -99999.0, 0.27603070511, 420.32847892, 2.0000166442, 0.75689142948, -99999.0, -99999.0, -99999.0, -99999.0, -99999.0, 68.6, 3.35, -0.1, 3.25, 0.754, 2.016, 2.781, 1290.0, 1038.0, 840.0, 877.0, 722.0, 641.0, 485.0, -99999.0, -99999.0, 0.0
2780.0, 40.780702254666664, -111.94098975966666, 1287.644, 0.2, 12.7, 0.82, 239.63, 2.04155, 8769.83, -0.579399, -0.172121, -99999.0, 0.2760306989633334, 420.3195279466667, 2.0002171831, 0.75000524718, -35.500011311, -5.6588617102, 1.94961312382, 421.0229829016, -99999.0, -99999.0, 3.33, -0.1, 3.22, 0.754, 2.016, 2.781, 1193.0, 1011.0, 766.0, 772.0, 591.0, 505.0, 932.0, -99999.0, -99999.0, 0.0
2781.0, 40.780702561666665, -111.94098977033333, 1287.563, 0.15, 12.7, 0.39, 82.04, 2.03881, 8787.37, -0.340004, -0.202072, -99999.0, 0.25975826215, 420.3036785, 2.0002171831, 0.75000524718, -35.500011311, -7.1723030232, 1.94961312382, 421.2067025539, -99999.0, 66.0, 3.36, -0.13, 3.23, 0.754, 2.016, 2.781, 1038.0, 963.0, 855.0, 1052.0, 981.0, 728.0, 326.0, -99999.0, -99999.0, 0.0
2782.0, 40.78070287433333, -111.94098980016666, 1287.493, 0.05, 12.7, 0.39, 43.16, 2.04122, 8794.1, -0.90028, -0.252723, -99999.0, 0.25975832636499996, 420.26929977, 2.0001780668, 0.74643245322, -99999.0, -99999.0, -99999.0, -99999.0, -99999.0, -99999.0, 3.37, -0.13, 3.24, 0.754, 2.016, 2.781, 1117.0, 1086.0, 733.0, 772.0, 888.0, 779.0, 860.0, -99999.0, -99999.0, 0.0
2783.0, 40.780703214333336, -111.94098983650001, 1287.408, 0.09, 12.7, 0.28, 189.4, 2.03796, 8790.31, -0.479202, -0.293924, -99999.0, 0.25975839058, 420.3666299, 2.0001780668, 0.74643245322, -46.315937667, -7.1723030232, 1.955905003217, 421.2067025539, -99999.0, 65.5, 3.33, -0.15, 3.19, 0.754, 2.016, 2.781, 1147.0, 1104.0, 944.0, 869.0, 406.0, 456.0, 223.0, -99999.0, -99999.0, 0.0
2784.0, 40.78070358783334, -111.9409898175, 1287.33, 0.06, 12.7, 0.32, 132.18, 2.04251, 8769.62, -0.656214, -0.237088, -99999.0, 0.27005529152, 420.3666299, 2.0001780668, 0.74643245322, -99999.0, -99999.0, -99999.0, -99999.0, -99999.0, -99999.0, 3.31, -0.14, 3.17, 0.754, 2.016, 2.781, 1306.0, 737.0, 572.0, 806.0, 783.0, 346.0, 932.0, -99999.0, -99999.0, 0.0
2785.0, 40.780703854, -111.9409897865, 1287.311, 0.29, 12.7, 0.68, 110.57, 2.03978, 8753.93, -0.69238, -0.239294, -99999.0, 0.27005561032, 420.46679672333335, 2.0003305738, 0.7506141727400001, -46.315937667, -7.1723030232, 1.955905003217, 421.14996180445, -99999.0, 67.4, 3.3, -0.15, 3.15, 0.754, 2.016, 2.781, 1243.0, 892.0, 714.0, 837.0, 502.0, 1030.0, 105.0, -99999.0, -99999.0, 0.0
2786.0, 40.78070413466667, -111.94098969933333, 1287.272, 0.16, 12.7, 0.63, 114.97, 2.04152, 8743.17, -0.578328, -0.212118, -99999.0, 0.27280278512, 420.66312685, 2.0003305738, 0.75061417274, -46.315937667, -5.0962138635, 1.955905003217, 421.1029365277, -99999.0, -99999.0, 3.26, -0.14, 3.12, 0.754, 2.016, 2.781, 1051.0, 883.0, 733.0, 761.0, 671.0, 724.0, 445.0, -99999.0, -99999.0, 0.0
2787.0, 40.78070448650001, -111.94098959016668, 1287.198, 0.12, 12.7, 0.32, 94.99, 2.04003, 8733.4, -0.627093, -0.143611, -99999.0, 0.27280278512, 420.6907816, 2.0007381229, 0.7548376035, -99999.0, -99999.0, -99999.0, -99999.0, -99999.0, 68.5, 3.28, -0.16, 3.11, 0.754, 2.016, 2.781, 1134.0, 1064.0, 803.0, 993.0, 876.0, 845.0, 1010.0, -99999.0, -99999.0, 0.0
2788.0, 40.78070484233333, -111.94098951733334, 1287.13, 0.08, 12.7, 0.33, 99.37, 2.04021, 8736.67, -0.535073, -0.194528, -99999.0, 0.27280286733, 420.746180425, 2.0007381229, 0.7548376035, -41.441332133, -5.0962138635, 1.958804092728, 421.1029365277, -99999.0, -99999.0, 3.25, -0.17, 3.08, 0.754, 2.016, 2.781, 1051.0, 782.0, 1070.0, 750.0, 767.0, 792.0, 672.0, -99999.0, -99999.0, 0.0
2789.0, 40.78070512183333, -111.9409894425, 1287.085, 0.11, 12.7, 0.43, 138.26, 2.03982, 8743.01, -0.753891, -0.185711, -99999.0, 0.27692049452, 420.80157925, 2.0007381229, 0.7548376035, -99999.0, -99999.0, -99999.0, -99999.0, -99999.0, 66.5, 3.25, -0.19, 3.06, 0.754, 2.016, 2.781, 1084.0, 720.0, 624.0, 781.0, 856.0, 911.0, 731.0, -99999.0, -99999.0, 0.0
2790.0, 40.780705407833345, -111.94098936616668, 1287.043, 0.05, 12.7, 0.73, 107.32, 2.03869, 8737.59, -0.387264, -0.363796, -99999.0, 0.27692042673, 420.88160215, 2.0003720086, 0.77493008882, -41.441332133, -5.0962138635, 1.958804092728, 421.1029365277, -99999.0, -99999.0, 3.25, -0.21, 3.04, 1.094, 1.617, 2.703, 1164.0, 1029.0, 892.0, 857.0, 543.0, 773.0, 869.0, -99999.0, -99999.0, 0.0
2791.0, 40.78070565983333, -111.94098923716668, 1286.994, 0.17, 12.8, 0.0, 0.0, 2.04017, 8752.53, -0.722805, -0.365254, -99999.0, 0.27237396302, 420.81660523, 2.0003720086, 0.77493008882, -41.441332133, -6.36211338815, 1.958804092728, 421.25522482434997, -99999.0, 66.3, 3.27, -0.21, 3.06, 1.094, 1.617, 2.703, 1306.0, 843.0, 751.0, 962.0, 1023.0, 732.0, 679.0, -99999.0, -99999.0, 0.0
2792.0, 40.780705868000005, -111.94098912116667, 1286.959, 0.38, 12.8, 0.8, 135.11, 2.04064, 8779.19, -0.556406, -0.367857, -99999.0, 0.2678275671, 420.93487741, 2.0004427381, 0.79075749912, -99999.0, -99999.0, -99999.0, -99999.0, -99999.0, -99999.0, 3.25, -0.2, 3.05, 1.094, 1.617, 2.703, 1147.0, 1064.0, 1142.0, 535.0, 722.0, 934.0, 635.0, -99999.0, -99999.0, 0.0
2793.0, 40.7807060125, -111.9409889715, 1286.93, 0.23, 12.9, 0.69, 135.52, 2.04056, 8821.38, -0.570491, -0.288538, -99999.0, 0.26782781453, 420.94904293, 2.0004427381, 0.79075749912, -37.225501383, -7.6280129128, 1.949706981907, 421.2492985696, -99999.0, 68.6, 3.28, -0.17, 3.1, 1.094, 1.617, 2.703, 1068.0, 941.0, 946.0, 1027.0, 898.0, 594.0, 1228.0, -99999.0, -99999.0, 0.0
2794.0, 40.78070616, -111.94098886300002, 1286.918, 0.1, 13.0, 0.48, 128.1, 2.03856, 8883.52, -0.373472, -0.339119, -99999.0, 0.27036534459, 420.96320845, 2.0004427381, 0.79075749912, -99999.0, -99999.0, -99999.0, -99999.0, -99999.0, -99999.0, 3.28, -0.19, 3.1, 1.094, 1.617, 2.703, 991.0, 1086.0, 840.0, 826.0, 761.0, 747.0, 897.0, -99999.0, -99999.0, 0.0
2795.0, 40.780706269166664, -111.94098873883334, 1286.922, 0.28, 13.0, 0.0, 0.0, 2.03988, 8945.48, -0.420868, -0.348469, -99999.0, 0.270365339605, 420.9786951, 2.0005169309, 0.7796303945, -37.225501383, -7.6280129128, 1.949706981907, 421.2492985696, -99999.0, 67.5, 3.23, -0.17, 3.06, 1.094, 1.617, 2.703, 1273.0, 954.0, 912.0, 767.0, 668.0, 495.0, 424.0, -99999.0, -99999.0, 0.0
2796.0, 40.780706455, -111.94098862716667, 1286.909, 0.21, 13.0, 0.0, 0.0, 2.04124, 8992.27, -0.511199, -0.338962, -99999.0, 0.27036533462, 420.94697599, 2.0005169309, 0.7796303945, -37.225501383, -7.6280129128, 1.949706981907, 421.29344109540006, -99999.0, -99999.0, 3.14, -0.15, 3.0, 1.094, 1.617, 2.703, 1054.0, 839.0, 731.0, 869.0, 914.0, 737.0, 483.0, -99999.0, -99999.0, 0.0
2797.0, 40.780706602, -111.94098848099999, 1286.884, 0.11, 13.0, 0.68, 242.6, 2.03945, 9024.38, -0.681229, -0.31484, -99999.0, 0.2719997174, 420.901992055, 2.0004805909499996, 0.771533646085, -37.225501383, -6.565863177, 1.949706981907, 421.29841402520003, -99999.0, 64.4, 3.11, -0.14, 2.97, 1.094, 1.617, 2.703, 1227.0, 1170.0, 894.0, 721.0, 630.0, 894.0, 562.0, -99999.0, -99999.0, 0.0
2798.0, 40.780706787, -111.94098834033333, 1286.871, 0.15, 13.0, 0.36, 147.68, 2.04123, 9029.97, -0.318486, -0.220419, -99999.0, 0.27199980229, 420.92553587500004, 2.000444251, 0.76343689767, -40.454833258, -6.565863177, 1.957699817508, 421.29841402520003, -99999.0, -99999.0, 3.14, -0.15, 2.99, 1.094, 1.617, 2.703, 1194.0, 570.0, 785.0, 761.0, 911.0, 796.0, 290.0, -99999.0, -99999.0, 0.0
2799.0, 40.780707039333336, -111.94098818483332, 1286.833, 0.18, 13.1, 0.92, 268.28, 2.04166, 9011.73, -0.639971, -0.233721, -99999.0, 0.2722646321, 420.99406363, 2.000444251, 0.76343689767, -99999.0, -99999.0, -99999.0, -99999.0, -99999.0, 65.2, 3.16, -0.16, 2.99, 1.094, 1.617, 2.703, 991.0, 1038.0, 855.0, 682.0, 853.0, 548.0, 977.0, -99999.0, -99999.0, 0.0
2800.0, 40.78070726916666, -111.940988048, 1286.792, 0.2, 13.1, 0.54, 223.57, 2.04017, 8985.25, -0.448189, -0.230828, -99999.0, 0.27226451509000005, 420.89535911, 2.0008913292, 0.74965260142, -99999.0, -99999.0, -99999.0, -99999.0, -99999.0, -99999.0, 3.13, -0.15, 2.98, 1.094, 1.617, 2.703, 1180.0, 826.0, 894.0, 826.0, 802.0, 766.0, 555.0, -99999.0, -99999.0, 0.0
2801.0, 40.780707484333334, -111.94098788066667, 1286.759, 0.13, 13.0, 0.46, 252.39, 2.04155, 8953.17, -0.36645, -0.164818, -99999.0, 0.27226439808, 420.73460659, 2.0008913292, 0.74965260142, -40.454833258, -6.565863177, 1.957699817508, 421.11713453345, -99999.0, 67.8, 3.06, -0.13, 2.93, 1.094, 1.617, 2.703, 1353.0, 857.0, 731.0, 798.0, 780.0, 769.0, 546.0, -99999.0, -99999.0, 0.0
2802.0, 40.78070771516666, -111.94098772366667, 1286.716, 0.13, 13.0, 0.28, 188.39, 2.0393, 8910.65, -0.266968, -0.215417, -99999.0, 0.27387202428, 420.695250575, 2.00078893645, 0.7445830869100001, -40.454833258, -5.3105639943, 1.957699817508, 420.94172722940004, -99999.0, -99999.0, 3.07, -0.15, 2.92, 1.094, 1.617, 2.703, 1290.0, 1258.0, 696.0, 806.0, 837.0, 722.0, 417.0, -99999.0, -99999.0, 0.0
2803.0, 40.78070794133334, -111.94098760916668, 1286.684, 0.11, 13.0, 0.4, 298.87, 2.03974, 8875.8, -0.304837, -0.285782, -99999.0, 0.27387188317, 420.60360761, 2.0006865437, 0.7395135724, -99999.0, -99999.0, -99999.0, -99999.0, -99999.0, 68.8, 3.06, -0.15, 2.91, 1.094, 1.617, 2.703, 1224.0, 941.0, 984.0, 747.0, 575.0, 775.0, 1103.0, -99999.0, -99999.0, 0.0
2804.0, 40.780708159499994, -111.94098751133333, 1286.66, 0.16, 13.0, 0.0, 0.0, 2.04209, 8829.79, -0.682971, -0.29405, -99999.0, 0.27332734217, 420.55132066, 2.0006865437, 0.7395135724, -38.426960485, -5.3105639943, 1.957557762766, 420.94172722940004, -99999.0, -99999.0, 3.08, -0.16, 2.92, 1.094, 1.617, 2.703, 1277.0, 1042.0, 892.0, 755.0, 591.0, 756.0, 724.0, -99999.0, -99999.0, 0.0
2805.0, 40.78070837083333, -111.94098736666668, 1286.629, 0.07, 13.0, 0.0, 0.0, 2.04158, 8799.82, -0.690046, -0.366348, -99999.0, 0.273327371765, 420.51189202, 2.0008358077, 0.73766240997, -99999.0, -99999.0, -99999.0, -99999.0, -99999.0, 69.0, 3.13, -0.19, 2.94, 1.094, 1.617, 2.703, 1114.0, 1060.0, 986.0, 781.0, 988.0, 724.0, 893.0, -99999.0, -99999.0, 0.0
2806.0, 40.780708631, -111.94098723849999, 1286.603, 0.09, 13.0, 0.29, 153.34, 2.04192, 8763.45, -0.952459, -0.436571, -99999.0, 0.27332740136, 420.5434383, 2.0008358077, 0.73766240997, -38.426960485, -5.3105639943, 1.957557762766, 421.12466616555, -99999.0, -99999.0, 3.1, -0.21, 2.9, 1.094, 1.617, 2.703, 1038.0, 1038.0, 857.0, 710.0, 946.0, 779.0, 804.0, -99999.0, -99999.0, 0.0
2807.0, 40.780708884000006, -111.94098707416667, 1286.565, 0.01, 13.0, 0.26, 226.63, 2.04035, 8725.35, -0.744496, -0.443593, -99999.0, 0.28274976824, 420.54604817999996, 2.00079923905, 0.73938160778, -38.426960485, -7.9836759838, 1.957557762766, 421.2950896319, -99999.0, 69.8, 3.16, -0.23, 2.93, 1.094, 1.617, 2.703, 1214.0, 945.0, 751.0, 908.0, 802.0, 745.0, 743.0, -99999.0, -99999.0, 0.0
2808.0, 40.780709176500004, -111.94098693416666, 1286.527, 0.04, 12.9, 0.0, 0.0, 2.04165, 8699.73, -0.600184, -0.444567, -99999.0, 0.28274950773, 420.488614835, 2.0007626704, 0.74110080559, -99999.0, -99999.0, -99999.0, -99999.0, -99999.0, -99999.0, 3.17, -0.23, 2.94, 1.094, 1.617, 2.703, 1227.0, 901.0, 857.0, 849.0, 831.0, 783.0, 499.0, -99999.0, -99999.0, 0.0
2809.0, 40.78070945816666, -111.94098677183335, 1286.483, 0.26, 12.9, 0.0, 0.0, 2.03855, 8687.57, -0.340652, -0.481209, -99999.0, 0.27689242396, 420.42857161, 2.0007626704, 0.74110080559, -33.687868052, -7.9836759838, 1.948323881192, 421.2950896319, -99999.0, 70.6, 3.18, -0.23, 2.94, 1.094, 1.617, 2.703, 1038.0, 1100.0, 877.0, 671.0, 876.0, 745.0, 886.0, -99999.0, -99999.0, 0.0
2810.0, 40.78070962550001, -111.940986617, 1286.466, 0.08, 12.9, 0.47, 266.52, 2.04087, 8681.92, -0.563563, -0.484066, -99999.0, 0.27689248507499997, 420.44758039, 2.0006899129, 0.7434434665, -99999.0, -99999.0, -99999.0, -99999.0, -99999.0, -99999.0, 3.13, -0.23, 2.9, 1.094, 1.617, 2.703, 1177.0, 649.0, 1018.0, 832.0, 799.0, 684.0, 506.0, -99999.0, -99999.0, 0.0
2811.0, 40.78070976883334, -111.94098647933333, 1286.452, 0.09, 12.9, 0.0, 0.0, 2.0413, 8678.53, -0.649716, -0.458423, -99999.0, 0.27689254619, 420.44312432, 2.0006899129, 0.7434434665, -33.687868052, -7.9836759838, 1.948323881192, 421.2001881976, -99999.0, 69.7, 3.07, -0.24, 2.83, 1.094, 1.617, 2.703, 1058.0, 799.0, 714.0, 789.0, 984.0, 958.0, 471.0, -99999.0, -99999.0, 0.0
2812.0, 40.78070987350001, -111.94098635883331, 1286.442, 0.05, 12.9, 0.52, 321.63, 2.04249, 8681.23, -0.308423, -0.327381, -99999.0, 0.27442566512, 420.44312432, 2.0006899129, 0.7434434665, -33.687868052, -6.4363187529, 1.948323881192, 421.1125282024, -99999.0, -99999.0, 3.06, -0.22, 2.84, 0.215, 1.617, 1.828, 1320.0, 1122.0, 909.0, 1005.0, 952.0, 631.0, 618.0, -99999.0, -99999.0, 0.0
2813.0, 40.78070997316667, -111.94098632266666, 1286.444, 0.17, 12.9, 0.43, 123.4, 2.04172, 8677.14, -0.765088, -0.351908, -99999.0, 0.27442544675999997, 420.4457712733333, 2.0008098028, 0.75939235519, -99999.0, -99999.0, -99999.0, -99999.0, -99999.0, 66.8, 3.06, -0.23, 2.83, 0.215, 1.617, 1.828, 1088.0, 976.0, 820.0, 1010.0, 815.0, 870.0, 511.0, -99999.0, -99999.0, 0.0
2814.0, 40.78070989933334, -111.940986322, 1286.465, 0.27, 12.9, 0.55, 205.81, 2.04074, 8682.42, -0.798591, -0.332129, -99999.0, 0.26905747435, 420.3307856, 2.0008098028, 0.75939235519, -36.360537449, -6.4363187529, 1.94539302765, 421.1125282024, -99999.0, -99999.0, 3.08, -0.24, 2.84, 0.215, 1.617, 1.828, 1114.0, 967.0, 857.0, 877.0, 952.0, 934.0, 921.0, -99999.0, -99999.0, 0.0
2815.0, 40.7807098985, -111.94098633633332, 1286.475, 0.25, 12.9, 0.9, 214.87, 2.04014, 8706.11, -0.551914, -0.358386, -99999.0, 0.26905738610999996, 420.35126485, 2.000989051, 0.74967021418, -99999.0, -99999.0, -99999.0, -99999.0, -99999.0, 63.9, 3.06, -0.23, 2.83, 0.215, 1.617, 1.828, 1227.0, 1038.0, 1036.0, 877.0, 968.0, 554.0, 907.0, -99999.0, -99999.0, 0.0
