arc_raw/USOS-ARL-Suite_ARC_20240728_RA.ict
71,1001
Xinrong Ren
NOAA Air Resources Lab
ARC-Suite
USOS: Utah Summer Ozone Study
1,1
2024,07,28,2024,07,28
1
StartTime_seconds, seconds, Start time in UTC seconds since midnight
38
1,1,1,1,1,1,1,1,1,1,1,1,1,1,1,1,1,1,1,1,1,1,1,1,1,1,1,1,1,1,1,1,1,1,1,1,1,1
-99999,-99999,-99999,-99999,-99999,-99999,-99999,-99999,-99999,-99999,-99999,-99999,-99999,-99999,-99999,-99999,-99999,-99999,-99999,-99999,-99999,-99999,-99999,-99999,-99999,-99999,-99999,-99999,-99999,-99999,-99999,-99999,-99999,-99999,-99999,-99999,-99999,-99999
lat_DGPS_deg, degrees, Latitude in decimal by Hemisphere VS1100 Differential GPS
lon_DGPS_deg, degrees, Longitude in decimal by Hemisphere VS1100 Differential GPS
alt_msl_m, meters, GPS Altitude MSL
speed_km_h, km/s, vehicle speed
RH, percent, relative humidity
true_WS_m_s, m/s, wind speed by 2D sonic sensor
true_WD_deg, degree, wind direction by 2D sonic sensor
CH4_aeris313_ppm, ppm, CH4 mixing ratio by Aeris
H2O_aeris313_ppm, ppm, H2O mixing ratio by Aeris
C2H6_aeris313_ppb, ppb, C2H6 mixing ratio by Aeris
r_aeris313, 1, relavence between CH4 and C2H6 by Aeris
C2C1_aeris313, 1, C2H6 to CH4 ratio by Aeris
CO_g2401m_ppm, ppm, CO mixing ratio by Picarro G2401m
CO2_g2401m_ppm, ppm, CO2 mixing ratio by Picarro G2401m
CH4_g2401m_ppm, ppm, CH4 mixing ratio by Picarro G2401m
H2O_g2401m, ppm, H2O mixing ratio by Picarro G2401m
delta13C_CH4_raw, permill, delta 13C of CH4 by Picarro G2201i
delta13C_CO2_raw, permill, delta 13C of CO2 by Picarro G2201i
CH4_g2201i_ppm, ppm, CH4 mixing ratio by Picarro G2201i
CO2_g2201i_ppm, ppm, CO2 mixing ratio by Picarro G2201i
NH3_g2301_ppb, ppb, NH3 mixing ratio by Picarro G2301
O3_2B_ppm, ppm, O3 mixing ratio by 2B
NO_G60_ppb, ppb, NO mixing ratio by G60
NO2_G60_ppb, ppb, NO2 mixing ratio by G60
NOx_G60_ppb, ppb, NOx mixing ratio by G60
NO_N500_ppb, ppb, NO mixing ratio by N500
NO2_N500_ppb, ppb, NO2 mixing ratio by N500
NOx_N500_ppb, ppb, NOx mixing ratio by N500
BC370_AE43_ng_m3, ng/m3, Black Carbon at 370 nm by AE43
BC470_AE43_ng_m3, ng/m3, Black Carbon at 470 nm by AE43
BC520_AE43_ng_m3, ng/m3, Black Carbon at 520 nm by AE43
BC590_AE43_ng_m3, ng/m3, Black Carbon at 590 nm by AE43
BC660_AE43_ng_m3, ng/m3, Black Carbon at 660 nm by AE43
BC880_AE43_ng_m3, ng/m3, Black Carbon at 880 nm by AE43
BC950_AE43_ng_m3, ng/m3, Black Carbon at 950 nm by AE43
PM25, ug/m3, PM2.5 by particle sensor
PM10, ug/m3, PM10 by particle sensor
Valve, boolian, indicator of valve conditions;0 is measurement; 10 is zeroing; 11 is spanning
1
SPECIAL COMMENTS, N/A
18
PI_CONTACT_INFO: xinrong.ren@noaa.gov, 301-683-1391, NOAA/ARL, 5830 University Research Court, College Park, MD 20740
PLATFORM: NOAA Air Resources Car
LOCATION: Salt Lake City
ASSOCIATED_DATA: N/A
INSTRUMENT_INFO: Hemisphere VS1100 differential GPS (Latitude, Longitude, GPS Altitude, speed), meteorological sensor (RH, WS, WD), 2B (O3), G60 CRDS (NO-NOx), Teledyne N500 (NO-NOx), Picarro G2401-m (CO2, CH4, CO, H2O), Picarro G2201i (CO2, CH4, d13C_CO2, d13C_CH4, H2O), Picarro 2301 (NH3), Aeris Ultra MIRA (CH4, C2H6, H2O, r, C2/C1), AE43 (Black Carbon), Partical sensor (PM2.5, PM10)
DATA_INFO: Records are reported at 1-second intervals. Hemisphere VS1100 differential GPS has 1-second ntervals. 2B O3 values are reported 2-second averages. G60 Cavity Rong Down NO-NO2-NO2 has 1-second average. Teledyne CAPS NO2 analyzer has 10-second time resolution. Picarro 2401m (CO2, CH4, CO, H2O) data has 2.5-second time resolution. Picarro 2201i (isotope) has ~5 second time resolution. Aeris Ultra MIRA has 1-second integration time. AE43 data are 10-second moving averages. Partical sensor has 10-second time resolution.
UNCERTAINTY: -99999, -99999, -99999, 15 m, -99999, -99999, -99999, -99999, 1 ppb, 100 ppm, 0.2 ppb, -99999, -99999, 5 ppb, 0.1 ppm, 1 ppb, 100 ppm, -99999, -99999, -99999, -99999, 2 ppb, 0.3 ppb, -99999, -99999, -99999, 0.05 ppb, 0.05 ppb, 0.05 ppb, 10 ng/m3, 10 ng/m3, 10 ng/m3, 10 ng/m3, 10 ng/m3, 10 ng/m3, 10 ng/m3, 10 ng/m3, 0
ULOD_FLAG: -77777
ULOD_VALUE: N/A
LLOD_FLAG: -88888
LLOD_VALUE: N/A
DM_CONTACT_INFO: Jiayang Sun; University of Maryland; jiayangs@umd.edu
PROJECT_INFO: USOS July - Aug 2024 https://deq.utah.gov/air-quality/utah-summer-ozone-study-usos
STIPULATIONS_ON_USE: Use of these data requires prior ok from PI.
OTHER_COMMENTS: N/A
REVISION: RA
RA: Preliminary Data for in-field use only.
StartTime_seconds, lat_DGPS_deg, lon_DGPS_deg, alt_msl_m, speed_km_h, RH, true_WS_m_s, true_WD_deg, CH4_aeris313_ppm, H2O_aeris313_ppm, C2H6_aeris313_ppb, r_aeris313, C2C1_aeris313, CO_g2401m_ppm, CO2_g2401m_ppm, CH4_g2401m_ppm, H2O_g2401m, delta13C_CH4_raw, delta13C_CO2_raw, CH4_g2201i_ppm, CO2_g2201i_ppm, NH3_g2301_ppb, O3_2B_ppm, NO_G60_ppb, NO2_G60_ppb, NOx_G60_ppb, NO_N500_ppb, NO2_N500_ppb, NOx_N500_ppb, BC370_AE43_ng_m3, BC470_AE43_ng_m3, BC520_AE43_ng_m3, BC590_AE43_ng_m3, BC660_AE43_ng_m3, BC880_AE43_ng_m3, BC950_AE43_ng_m3, PM25, PM10, Valve
[from data line 645]
645.0, 40.780690082666666, -111.94098641083335, 1288.628, 0.16, 23.2, -99999.0, -99999.0, -99999.0, -99999.0, -99999.0, -99999.0, -99999.0, 0.18260996488, 431.92372038999997, 1.97581887455, 1.39588033015, -99999.0, -99999.0, -99999.0, -99999.0, -99999.0, -99999.0, 26.98, 3.84, 30.82, 0.594, 5.031, 5.625, 951.0, 538.0, 636.0, 429.0, 248.0, -23.0, 226.0, -99999.0, -99999.0, 0.0
646.0, 40.7806902305, -111.94098650433334, 1288.589, 0.03, 23.2, -99999.0, -99999.0, -99999.0, -99999.0, -99999.0, -99999.0, -99999.0, 0.18260722835, 431.67577991999997, 1.9759375255, 1.3784288843, -99999.0, -99999.0, -99999.0, -99999.0, -99999.0, 55.8, 26.93, 3.79, 30.72, 0.594, 5.031, 5.625, 1133.0, 791.0, -51.0, 330.0, 636.0, 424.0, 303.0, -99999.0, -99999.0, 0.0
647.0, 40.78069039416666, -111.94098654250001, 1288.541, 0.22, 23.2, -99999.0, -99999.0, -99999.0, -99999.0, -99999.0, -99999.0, -99999.0, 0.1741878408, 431.49641174, 1.9759375255, 1.3784288843, -99999.0, -99999.0, -99999.0, -99999.0, -99999.0, -99999.0, 26.85, 3.73, 30.58, 0.594, 5.031, 5.625, 847.0, 504.0, 365.0, 256.0, -47.0, 334.0, 512.0, -99999.0, -99999.0, 0.0
648.0, 40.780690555, -111.94098661483334, 1288.503, 0.1, 23.2, -99999.0, -99999.0, -99999.0, -99999.0, -99999.0, -99999.0, -99999.0, 0.1741876571, 431.34647775, 1.9758326025, 1.3691432288, -99999.0, -99999.0, -99999.0, -99999.0, -99999.0, 57.7, 26.82, 3.65, 30.47, 0.594, 5.031, 5.625, 1140.0, 465.0, 727.0, 244.0, 107.0, 452.0, 230.0, -99999.0, -99999.0, 0.0
649.0, 40.78069068333333, -111.940986651, 1288.47, 0.08, 23.2, -99999.0, -99999.0, -99999.0, -99999.0, -99999.0, -99999.0, -99999.0, 0.1741874734, 431.2865265, 1.9758326025, 1.3691432288, -99999.0, -99999.0, -99999.0, -99999.0, -99999.0, -99999.0, 26.77, 3.58, 30.34, 0.594, 5.031, 5.625, 1100.0, 538.0, 675.0, 501.0, 261.0, 261.0, 425.0, -99999.0, -99999.0, 0.0
650.0, 40.780690805166664, -111.94098663866667, 1288.44, 0.08, 23.2, -99999.0, -99999.0, -99999.0, -99999.0, -99999.0, -99999.0, -99999.0, 0.17929677261, 431.35512554, 1.9760688841, 1.3940162123, -99999.0, -99999.0, -99999.0, -99999.0, -99999.0, 57.0, 26.64, 3.5, 30.14, 0.594, 5.031, 5.625, 998.0, 951.0, 366.0, 600.0, 295.0, 416.0, 396.0, -99999.0, -99999.0, 0.0
651.0, 40.78069095, -111.94098668933333, 1288.407, 0.06, 23.2, -99999.0, -99999.0, -99999.0, -99999.0, -99999.0, -99999.0, -99999.0, 0.17929343071, 431.21737429, 1.9763051657, 1.4188891958, -99999.0, -99999.0, -99999.0, -99999.0, -99999.0, -99999.0, 26.57, 3.44, 30.01, 0.594, 5.031, 5.625, 843.0, 1157.0, 868.0, 165.0, 649.0, 280.0, 344.0, -99999.0, -99999.0, 0.0
652.0, 40.780691073666674, -111.94098669983332, 1288.38, 0.09, 23.2, -99999.0, -99999.0, -99999.0, -99999.0, -99999.0, -99999.0, -99999.0, 0.18704225112, 431.011024, 1.9763051657, 1.4188891958, -99999.0, -99999.0, -99999.0, -99999.0, -99999.0, 55.0, 26.53, 3.41, 29.94, 0.594, 5.031, 5.625, 1511.0, 166.0, 456.0, 178.0, 127.0, 214.0, 307.0, -99999.0, -99999.0, 0.0
653.0, 40.7806912075, -111.940986734, 1288.353, 0.04, 23.3, -99999.0, -99999.0, -99999.0, -99999.0, -99999.0, -99999.0, -99999.0, 0.18704090161, 431.28756773, 1.9761669754, 1.4506250172, -99999.0, -99999.0, -99999.0, -99999.0, -99999.0, -99999.0, 26.47, 3.38, 29.85, 0.594, 5.031, 5.625, 897.0, 1064.0, 733.0, 336.0, 609.0, 397.0, 340.0, -99999.0, -99999.0, 0.0
654.0, 40.78069140433333, -111.94098681766667, 1288.316, 0.15, 23.4, -99999.0, -99999.0, -99999.0, -99999.0, -99999.0, -99999.0, -99999.0, 0.1870395521, 431.01168388, 1.9761669754, 1.4506250172, -99999.0, -99999.0, -99999.0, -99999.0, -99999.0, 55.7, 26.42, 3.34, 29.76, 0.594, 5.031, 5.625, 857.0, 479.0, 637.0, 409.0, 201.0, 366.0, 376.0, -99999.0, -99999.0, 0.0
655.0, 40.78069147666666, -111.94098682866667, 1288.296, 0.11, 23.4, -99999.0, -99999.0, -99999.0, -99999.0, -99999.0, -99999.0, -99999.0, 0.16559905755, 431.01168388, 1.9761669754, 1.4506250172, -99999.0, -99999.0, -99999.0, -99999.0, -99999.0, -99999.0, 26.38, 3.29, 29.67, 0.594, 5.031, 5.625, 1046.0, 951.0, 772.0, 501.0, 469.0, 319.0, 8.0, -99999.0, -99999.0, 0.0
656.0, 40.780691570833326, -111.94098683850001, 1288.276, 0.07, 23.5, -99999.0, -99999.0, -99999.0, -99999.0, -99999.0, -99999.0, -99999.0, 0.1655984110833333, 431.10642205333335, 1.9755689399999998, 1.4614690606, -99999.0, -99999.0, -99999.0, -99999.0, -99999.0, 56.8, 26.3, 3.26, 29.56, 0.594, 5.031, 5.625, 1187.0, 731.0, 360.0, 422.0, 756.0, 300.0, 453.0, -99999.0, -99999.0, 0.0
657.0, 40.780691725666664, -111.94098688566667, 1288.249, 0.08, 23.5, -99999.0, -99999.0, -99999.0, -99999.0, -99999.0, -99999.0, -99999.0, 0.18273955397, 431.0068175, 1.97556894, 1.4614690606, -99999.0, -99999.0, -99999.0, -99999.0, -99999.0, -99999.0, 26.26, 3.21, 29.48, 0.594, 5.031, 5.625, 621.0, 771.0, 405.0, 574.0, 482.0, 498.0, 259.0, -99999.0, -99999.0, 0.0
658.0, 40.780691865333324, -111.9409869075, 1288.223, 0.1, 23.5, -99999.0, -99999.0, -99999.0, -99999.0, -99999.0, -99999.0, -99999.0, 0.18274167422499998, 431.03621045, 1.9759053406, 1.4592849368, -99999.0, -99999.0, -99999.0, -99999.0, -99999.0, 55.6, 26.21, 3.18, 29.38, 0.594, 5.031, 5.625, 1329.0, 492.0, 772.0, 574.0, 790.0, 249.0, 603.0, -99999.0, -99999.0, 0.0
659.0, 40.78069204650001, -111.94098699899999, 1288.193, 0.16, 23.5, -99999.0, -99999.0, -99999.0, -99999.0, -99999.0, -99999.0, -99999.0, 0.18274379448, 431.61980433, 1.9759053406, 1.4592849368, -99999.0, -99999.0, -99999.0, -99999.0, -99999.0, -99999.0, 26.16, 3.15, 29.32, 0.594, 5.031, 5.625, 1289.0, 592.0, 180.0, 237.0, 462.0, 335.0, 356.0, -99999.0, -99999.0, 0.0
660.0, 40.780692177999995, -111.94098707133335, 1288.175, 0.09, 23.4, -99999.0, -99999.0, -99999.0, -99999.0, -99999.0, -99999.0, -99999.0, 0.17299685378, 431.61980433, 1.9759053406, 1.4592849368, -99999.0, -99999.0, -99999.0, -99999.0, -99999.0, 55.8, 26.09, 3.12, 29.21, 0.594, 5.031, 5.625, 1241.0, 1017.0, 585.0, 587.0, 669.0, 253.0, 336.0, -99999.0, -99999.0, 0.0
661.0, 40.78069230399999, -111.94098716716665, 1288.158, 0.07, 23.4, -99999.0, -99999.0, -99999.0, -99999.0, -99999.0, -99999.0, -99999.0, 0.17299971415999998, 431.57308037, 1.9761127462, 1.4477204585, -99999.0, -99999.0, -99999.0, -99999.0, -99999.0, -99999.0, 26.03, 3.11, 29.14, 0.629, 5.031, 5.656, 1052.0, 425.0, 180.0, 323.0, 616.0, 568.0, 226.0, -99999.0, -99999.0, 0.0
662.0, 40.78069245883333, -111.9409872945, 1288.133, 0.11, 23.3, -99999.0, -99999.0, -99999.0, -99999.0, -99999.0, -99999.0, -99999.0, 0.178855113915, 432.21543353, 1.9761127462, 1.4477204585, -99999.0, -99999.0, -99999.0, -99999.0, -99999.0, 58.0, 25.97, 3.1, 29.07, 0.629, 5.031, 5.656, 1228.0, 971.0, 810.0, 772.0, 823.0, 490.0, 303.0, -99999.0, -99999.0, 0.0
663.0, 40.7806925855, -111.9409874615, 1288.114, 0.16, 23.1, -99999.0, -99999.0, -99999.0, -99999.0, -99999.0, -99999.0, -99999.0, 0.18470765329, 431.99624316, 1.975704816, 1.3948799098, -99999.0, -99999.0, -99999.0, -99999.0, -99999.0, -99999.0, 25.89, 3.11, 29.01, 0.629, 5.031, 5.656, 958.0, 598.0, 592.0, 409.0, 214.0, 397.0, 740.0, -99999.0, -99999.0, 0.0
664.0, 40.78069271133334, -111.94098761949999, 1288.093, 0.15, 23.1, -99999.0, -99999.0, -99999.0, -99999.0, -99999.0, -99999.0, -99999.0, 0.18472295484, 432.9144306, 1.975704816, 1.3948799098, -99999.0, -99999.0, -99999.0, -99999.0, -99999.0, 59.4, 25.88, 3.09, 28.97, 0.629, 5.031, 5.656, 1329.0, 804.0, 412.0, 594.0, 422.0, 498.0, 425.0, -99999.0, -99999.0, 0.0
665.0, 40.780692871, -111.94098778116668, 1288.066, 0.12, 22.9, -99999.0, -99999.0, -99999.0, -99999.0, -99999.0, -99999.0, -99999.0, 0.16718016697, 433.83261804, 1.975704816, 1.3948799098, -99999.0, -99999.0, -99999.0, -99999.0, -99999.0, -99999.0, 25.85, 3.1, 28.95, 0.629, 5.031, 5.656, 1275.0, 858.0, 682.0, 343.0, 449.0, 296.0, 210.0, -99999.0, -99999.0, 0.0
666.0, 40.780693025, -111.94098792783333, 1288.044, 0.07, 22.9, -99999.0, -99999.0, -99999.0, -99999.0, -99999.0, -99999.0, -99999.0, 0.16718438281499998, 433.86906396, 1.9765401263, 1.4584109351, -99999.0, -99999.0, -99999.0, -99999.0, -99999.0, 58.5, 25.8, 3.12, 28.91, 0.629, 5.031, 5.656, 1372.0, 1080.0, 628.0, 342.0, 200.0, 442.0, 133.0, -99999.0, -99999.0, 0.0
667.0, 40.780693148000005, -111.94098805099999, 1288.022, 0.03, 22.8, -99999.0, -99999.0, -99999.0, -99999.0, -99999.0, -99999.0, -99999.0, 0.16718859866, 435.04574922, 1.9765401263, 1.4584109351, -99999.0, -99999.0, -99999.0, -99999.0, -99999.0, -99999.0, 25.82, 3.11, 28.92, 0.629, 5.031, 5.656, 941.0, 915.0, 1045.0, 421.0, 327.0, 252.0, 572.0, -99999.0, -99999.0, 0.0
668.0, 40.780693261833335, -111.94098811766668, 1287.994, 0.09, 22.8, -99999.0, -99999.0, -99999.0, -99999.0, -99999.0, -99999.0, -99999.0, 0.17715522618, 435.10786394499996, 1.9761936199, 1.4447586925, -99999.0, -99999.0, -99999.0, -99999.0, -99999.0, 57.4, 25.84, 3.08, 28.92, 0.629, 5.031, 5.656, 1039.0, 598.0, 412.0, 752.0, 402.0, 152.0, 441.0, -99999.0, -99999.0, 0.0
669.0, 40.78069332983334, -111.940988185, 1287.98, 0.01, 22.6, -99999.0, -99999.0, -99999.0, -99999.0, -99999.0, -99999.0, -99999.0, 0.17714319275, 434.403990115, 1.9758471135, 1.4311064499, -99999.0, -99999.0, -99999.0, -99999.0, -99999.0, -99999.0, 25.7, 3.16, 28.86, 0.629, 5.031, 5.656, 1275.0, 1150.0, 1042.0, 508.0, 435.0, 276.0, 481.0, -99999.0, -99999.0, 0.0
670.0, 40.78069337483333, -111.94098826866666, 1287.974, 0.14, 22.6, -99999.0, -99999.0, -99999.0, -99999.0, -99999.0, -99999.0, -99999.0, 0.17950196362, 433.63800156, 1.9758471135, 1.4311064499, -99999.0, -99999.0, -99999.0, -99999.0, -99999.0, 56.8, 25.66, 3.18, 28.85, 0.629, 5.031, 5.656, 1329.0, 632.0, 778.0, 152.0, 469.0, 483.0, 283.0, -99999.0, -99999.0, 0.0
671.0, 40.780693384, -111.940988336, 1287.972, 0.08, 22.6, -99999.0, -99999.0, -99999.0, -99999.0, -99999.0, -99999.0, -99999.0, 0.179499700305, 433.52695589, 1.9771558749, 1.4258647145, -99999.0, -99999.0, -99999.0, -99999.0, -99999.0, -99999.0, 25.63, 3.22, 28.85, 0.629, 5.031, 5.656, 1559.0, 372.0, 727.0, 699.0, 509.0, 541.0, -117.0, -99999.0, -99999.0, 0.0
672.0, 40.7806933975, -111.940988402, 1287.976, 0.08, 22.6, -99999.0, -99999.0, -99999.0, -99999.0, -99999.0, -99999.0, -99999.0, 0.17949743699, 432.95630405, 1.9771558749, 1.4258647145, -99999.0, -99999.0, -99999.0, -99999.0, -99999.0, 55.5, 25.61, 3.27, 28.89, 0.629, 5.031, 5.656, 992.0, 672.0, 315.0, 165.0, 469.0, 183.0, 259.0, -99999.0, -99999.0, 0.0
673.0, 40.78069344066666, -111.9409884875, 1287.975, 0.04, 22.5, -99999.0, -99999.0, -99999.0, -99999.0, -99999.0, -99999.0, -99999.0, 0.16501631704, 432.93415552500005, 1.9770295666, 1.4219858579, -99999.0, -99999.0, -99999.0, -99999.0, -99999.0, -99999.0, 25.62, 3.3, 28.92, 0.629, 5.031, 5.656, 1235.0, 712.0, 868.0, 613.0, 763.0, 218.0, 307.0, -99999.0, -99999.0, 0.0
674.0, 40.78069341016667, -111.94098852566667, 1287.982, 0.04, 22.5, -99999.0, -99999.0, -99999.0, -99999.0, -99999.0, -99999.0, -99999.0, 0.16502816615, 433.68304189, 1.9769032583, 1.4181070013, -99999.0, -99999.0, -99999.0, -99999.0, -99999.0, 56.4, 25.67, 3.33, 29.0, 0.629, 5.031, 5.656, 850.0, 971.0, 508.0, 791.0, 388.0, 175.0, 218.0, -99999.0, -99999.0, 0.0
675.0, 40.78069344483333, -111.94098859966668, 1287.985, 0.01, 22.5, -99999.0, -99999.0, -99999.0, -99999.0, -99999.0, -99999.0, -99999.0, 0.17797578565, 434.45407678, 1.9769032583, 1.4181070013, -99999.0, -99999.0, -99999.0, -99999.0, -99999.0, -99999.0, 25.64, 3.35, 28.99, 0.629, 5.031, 5.656, 1181.0, 273.0, 495.0, 594.0, 777.0, 323.0, 372.0, -99999.0, -99999.0, 0.0
676.0, 40.78069347666668, -111.94098867133334, 1287.98, 0.06, 22.4, -99999.0, -99999.0, -99999.0, -99999.0, -99999.0, -99999.0, -99999.0, 0.17798436522, 434.44140177, 1.9772997907, 1.4221571704, -99999.0, -99999.0, -99999.0, -99999.0, -99999.0, 57.7, 25.63, 3.36, 28.99, 0.629, 5.031, 5.656, 1282.0, 951.0, 823.0, 86.0, 516.0, 490.0, -40.0, -99999.0, -99999.0, 0.0
677.0, 40.780693521500005, -111.94098873666665, 1287.98, 0.08, 22.4, -99999.0, -99999.0, -99999.0, -99999.0, -99999.0, -99999.0, -99999.0, 0.17799294479, 436.63196256, 1.9772997907, 1.4221571704, -99999.0, -99999.0, -99999.0, -99999.0, -99999.0, -99999.0, 25.64, 3.36, 29.0, 0.629, 5.031, 5.656, 1194.0, 539.0, 412.0, 759.0, 228.0, 226.0, 489.0, -99999.0, -99999.0, 0.0
678.0, 40.780693571, -111.94098882949999, 1287.969, 0.12, 22.3, -99999.0, -99999.0, -99999.0, -99999.0, -99999.0, -99999.0, -99999.0, 0.16596221328, 436.63196256, 1.9772997907, 1.4221571704, -99999.0, -99999.0, -99999.0, -99999.0, -99999.0, 56.2, 25.61, 3.36, 28.97, 0.629, 5.031, 5.656, 992.0, 924.0, 585.0, 514.0, 234.0, 202.0, 311.0, -99999.0, -99999.0, 0.0
679.0, 40.78069362033334, -111.94098892583334, 1287.97, 0.08, 22.3, -99999.0, -99999.0, -99999.0, -99999.0, -99999.0, -99999.0, -99999.0, 0.16596843046666668, 437.08009023666665, 1.9771997633, 1.4374149474, -99999.0, -99999.0, -99999.0, -99999.0, -99999.0, -99999.0, 25.64, 3.4, 29.04, 0.629, 5.031, 5.656, 1181.0, 978.0, 733.0, 488.0, 556.0, 16.0, 522.0, -99999.0, -99999.0, 0.0
680.0, 40.78069369566666, -111.94098900066668, 1287.966, 0.08, 22.3, -99999.0, -99999.0, -99999.0, -99999.0, -99999.0, -99999.0, -99999.0, 0.17974773776, 437.84364913, 1.9771997633, 1.4374149474, -99999.0, -99999.0, -99999.0, -99999.0, -99999.0, 54.8, 25.62, 3.44, 29.05, 0.629, 5.031, 5.656, 1188.0, 991.0, 997.0, 844.0, 449.0, 315.0, 712.0, -99999.0, -99999.0, 0.0
681.0, 40.78069376366667, -111.94098908216665, 1287.962, 0.08, 22.2, -99999.0, -99999.0, -99999.0, -99999.0, -99999.0, -99999.0, -99999.0, 0.179740699695, 437.72033577, 1.9768315463, 1.3864002041, -99999.0, -99999.0, -99999.0, -99999.0, -99999.0, -99999.0, 25.59, 3.49, 29.08, 0.629, 5.031, 5.656, 1282.0, 612.0, 502.0, 310.0, 375.0, 654.0, 700.0, -99999.0, -99999.0, 0.0
682.0, 40.78069380850001, -111.94098918283335, 1287.966, 0.04, 22.2, -99999.0, -99999.0, -99999.0, -99999.0, -99999.0, -99999.0, -99999.0, 0.17973366163, 435.92594296, 1.9768315463, 1.3864002041, -99999.0, -99999.0, -99999.0, -99999.0, -99999.0, 55.2, 25.58, 3.57, 29.15, 0.629, 5.031, 5.656, 1377.0, 579.0, 952.0, 46.0, 321.0, 568.0, 445.0, -99999.0, -99999.0, 0.0
683.0, 40.780693899666666, -111.94098926733335, 1287.958, 0.18, 22.2, -99999.0, -99999.0, -99999.0, -99999.0, -99999.0, -99999.0, -99999.0, 0.17357767636, 435.92594296, 1.9768315463, 1.3864002041, -99999.0, -99999.0, -99999.0, -99999.0, -99999.0, -99999.0, 25.63, 3.67, 29.3, 0.629, 5.031, 5.656, 952.0, 1004.0, 547.0, 79.0, 321.0, 498.0, 61.0, -99999.0, -99999.0, 0.0
684.0, 40.78069401583333, -111.94098935416666, 1287.945, 0.07, 22.2, -99999.0, -99999.0, -99999.0, -99999.0, -99999.0, -99999.0, -99999.0, 0.17357123145499997, 435.62564098, 1.976505834, 1.3498123702, -99999.0, -99999.0, -99999.0, -99999.0, -99999.0, 57.5, 25.7, 3.75, 29.45, 0.128, 5.625, 5.75, 1275.0, 898.0, 637.0, 508.0, 80.0, 199.0, 506.0, -99999.0, -99999.0, 0.0
685.0, 40.78069413433333, -111.94098943283333, 1287.932, 0.11, 22.2, -99999.0, -99999.0, -99999.0, -99999.0, -99999.0, -99999.0, -99999.0, 0.17533212253, 433.81500027, 1.976505834, 1.3498123702, -99999.0, -99999.0, -99999.0, -99999.0, -99999.0, -99999.0, 25.78, 3.84, 29.61, 0.128, 5.625, 5.75, 567.0, 585.0, 630.0, 600.0, 449.0, 397.0, 319.0, -99999.0, -99999.0, 0.0
686.0, 40.78069425166666, -111.94098954616666, 1287.917, 0.15, 22.2, -99999.0, -99999.0, -99999.0, -99999.0, -99999.0, -99999.0, -99999.0, 0.17709945851, 433.59324043, 1.9766859298, 1.3213821033, -99999.0, -99999.0, -99999.0, -99999.0, -99999.0, 60.6, 25.82, 3.93, 29.74, 0.128, 5.625, 5.75, 1087.0, 964.0, 682.0, 574.0, 422.0, 191.0, 315.0, -99999.0, -99999.0, 0.0
687.0, 40.78069434266666, -111.94098965933333, 1287.904, 0.11, 22.2, -99999.0, -99999.0, -99999.0, -99999.0, -99999.0, -99999.0, -99999.0, 0.17709042736, 432.98644664, 1.9766859298, 1.3213821033, -99999.0, -99999.0, -99999.0, -99999.0, -99999.0, -99999.0, 25.95, 3.99, 29.94, 0.128, 5.625, 5.75, 810.0, 86.0, 502.0, 343.0, 449.0, 311.0, 287.0, -99999.0, -99999.0, 0.0
