arc_raw/USOS-ARL-Suite_ARC_20240730_RA.ict
71,1001
Xinrong Ren
NOAA Air Resources Lab
ARC-Suite
USOS: Utah Summer Ozone Study
1,1
2024,07,30,2024,07,30
1
StartTime_seconds, seconds, Start time in UTC seconds since midnight
38
1,1,1,1,1,1,1,1,1,1,1,1,1,1,1,1,1,1,1,1,1,1,1,1,1,1,1,1,1,1,1,1,1,1,1,1,1,1
-99999,-99999,-99999,-99999,-99999,-99999,-99999,-99999,-99999,-99999,-99999,-99999,-99999,-99999,-99999,-99999,-99999,-99999,-99999,-99999,-99999,-99999,-99999,-99999,-99999,-99999,-99999,-99999,-99999,-99999,-99999,-99999,-99999,-99999,-99999,-99999,-99999,-99999
lat_DGPS_deg, degrees, Latitude in decimal by Hemisphere VS1100 Differential GPS
lon_DGPS_deg, degrees, Longitude in decimal by Hemisphere VS1100 Differential GPS
alt_msl_m, meters, GPS Altitude MSL
speed_km_h, km/s, vehicle speed
RH, percent, relative humidity
true_WS_m_s, m/s, wind speed by 2D sonic sensor
true_WD_deg, degree, wind direction by 2D sonic sensor
CH4_aeris313_ppm, ppm, CH4 mixing ratio by Aeris
H2O_aeris313_ppm, ppm, H2O mixing ratio by Aeris
C2H6_aeris313_ppb, ppb, C2H6 mixing ratio by Aeris
r_aeris313, 1, relavence between CH4 and C2H6 by Aeris
C2C1_aeris313, 1, C2H6 to CH4 ratio by Aeris
CO_g2401m_ppm, ppm, CO mixing ratio by Picarro G2401m
CO2_g2401m_ppm, ppm, CO2 mixing ratio by Picarro G2401m
CH4_g2401m_ppm, ppm, CH4 mixing ratio by Picarro G2401m
H2O_g2401m, ppm, H2O mixing ratio by Picarro G2401m
delta13C_CH4_raw, permill, delta 13C of CH4 by Picarro G2201i
delta13C_CO2_raw, permill, delta 13C of CO2 by Picarro G2201i
CH4_g2201i_ppm, ppm, CH4 mixing ratio by Picarro G2201i
CO2_g2201i_ppm, ppm, CO2 mixing ratio by Picarro G2201i
NH3_g2301_ppb, ppb, NH3 mixing ratio by Picarro G2301
O3_2B_ppm, ppm, O3 mixing ratio by 2B
NO_G60_ppb, ppb, NO mixing ratio by G60
NO2_G60_ppb, ppb, NO2 mixing ratio by G60
NOx_G60_ppb, ppb, NOx mixing ratio by G60
NO_N500_ppb, ppb, NO mixing ratio by N500
NO2_N500_ppb, ppb, NO2 mixing ratio by N500
NOx_N500_ppb, ppb, NOx mixing ratio by N500
BC370_AE43_ng_m3, ng/m3, Black Carbon at 370 nm by AE43
BC470_AE43_ng_m3, ng/m3, Black Carbon at 470 nm by AE43
BC520_AE43_ng_m3, ng/m3, Black Carbon at 520 nm by AE43
BC590_AE43_ng_m3, ng/m3, Black Carbon at 590 nm by AE43
BC660_AE43_ng_m3, ng/m3, Black Carbon at 660 nm by AE43
BC880_AE43_ng_m3, ng/m3, Black Carbon at 880 nm by AE43
BC950_AE43_ng_m3, ng/m3, Black Carbon at 950 nm by AE43
PM25, ug/m3, PM2.5 by particle sensor
PM10, ug/m3, PM10 by particle sensor
Valve, boolian, indicator of valve conditions;0 is measurement; 10 is zeroing; 11 is spanning
1
SPECIAL COMMENTS, N/A
18
PI_CONTACT_INFO: xinrong.ren@noaa.gov, 301-683-1391, NOAA/ARL, 5830 University Research Court, College Park, MD 20740
PLATFORM: NOAA Air Resources Car
LOCATION: Salt Lake City
ASSOCIATED_DATA: N/A
INSTRUMENT_INFO: Hemisphere VS1100 differential GPS (Latitude, Longitude, GPS Altitude, speed), meteorological sensor (RH, WS, WD), 2B (O3), G60 CRDS (NO-NOx), Teledyne N500 (NO-NOx), Picarro G2401-m (CO2, CH4, CO, H2O), Picarro G2201i (CO2, CH4, d13C_CO2, d13C_CH4, H2O), Picarro 2301 (NH3), Aeris Ultra MIRA (CH4, C2H6, H2O, r, C2/C1), AE43 (Black Carbon), Partical sensor (PM2.5, PM10)
DATA_INFO: Records are reported at 1-second intervals. Hemisphere VS1100 differential GPS has 1-second ntervals. 2B O3 values are reported 2-second averages. G60 Cavity Rong Down NO-NO2-NO2 has 1-second average. Teledyne CAPS NO2 analyzer has 10-second time resolution. Picarro 2401m (CO2, CH4, CO, H2O) data has 2.5-second time resolution. Picarro 2201i (isotope) has ~5 second time resolution. Aeris Ultra MIRA has 1-second integration time. AE43 data are 10-second moving averages. Partical sensor has 10-second time resolution.
UNCERTAINTY: -99999, -99999, -99999, 15 m, -99999, -99999, -99999, -99999, 1 ppb, 100 ppm, 0.2 ppb, -99999, -99999, 5 ppb, 0.1 ppm, 1 ppb, 100 ppm, -99999, -99999, -99999, -99999, 2 ppb, 0.3 ppb, -99999, -99999, -99999, 0.05 ppb, 0.05 ppb, 0.05 ppb, 10 ng/m3, 10 ng/m3, 10 ng/m3, 10 ng/m3, 10 ng/m3, 10 ng/m3, 10 ng/m3, 10 ng/m3, 0
ULOD_FLAG: -77777
ULOD_VALUE: N/A
LLOD_FLAG: -88888
LLOD_VALUE: N/A
DM_CONTACT_INFO: Jiayang Sun; University of Maryland; jiayangs@umd.edu
PROJECT_INFO: USOS July - Aug 2024 https://deq.utah.gov/air-quality/utah-summer-ozone-study-usos
STIPULATIONS_ON_USE: Use of these data requires prior ok from PI.
OTHER_COMMENTS: N/A
REVISION: RA
RA: Preliminary Data for in-field use only.
StartTime_seconds, lat_DGPS_deg, lon_DGPS_deg, alt_msl_m, speed_km_h, RH, true_WS_m_s, true_WD_deg, CH4_aeris313_ppm, H2O_aeris313_ppm, C2H6_aeris313_ppb, r_aeris313, C2C1_aeris313, CO_g2401m_ppm, CO2_g2401m_ppm, CH4_g2401m_ppm, H2O_g2401m, delta13C_CH4_raw, delta13C_CO2_raw, CH4_g2201i_ppm, CO2_g2201i_ppm, NH3_g2301_ppb, O3_2B_ppm, NO_G60_ppb, NO2_G60_ppb, NOx_G60_ppb, NO_N500_ppb, NO2_N500_ppb, NOx_N500_ppb, BC370_AE43_ng_m3, BC470_AE43_ng_m3, BC520_AE43_ng_m3, BC590_AE43_ng_m3, BC660_AE43_ng_m3, BC880_AE43_ng_m3, BC950_AE43_ng_m3, PM25, PM10, Valve
[from data line 1447]
1447.0, 40.780680028666666, -111.940981628, 1289.829, 0.19, 11.0, 0.0, 0.0, -99999.0, -99999.0, -99999.0, -99999.0, -99999.0, -0.26056031209, 414.76783128, 1.9284401619, 0.67887537196, 97.414898259, -502.60846958, 1.954153516942, 425.3809486687, -99999.0, -99999.0, -99999.0, -99999.0, -99999.0, 0.379, 2.844, 3.219, 1114.0, 773.0, 581.0, 531.0, 187.0, 307.0, 381.0, -99999.0, -99999.0, 0.0
1448.0, 40.78068012400001, -111.94098182649999, 1289.814, 0.11, 11.0, 0.0, 0.0, -99999.0, -99999.0, -99999.0, -99999.0, -99999.0, -0.27984470914, 414.71485475, 1.9284401619, 0.67887537196, 89.408320831, -502.60846958, 1.93575427919, 425.3809486687, -99999.0, 50.0, -99999.0, -99999.0, -99999.0, 0.379, 2.844, 3.219, 928.0, 452.0, 486.0, -13.0, 455.0, 284.0, 454.0, -99999.0, -99999.0, 0.0
1449.0, 40.78068018049999, -111.94098199733335, 1289.806, 0.11, 10.9, 0.0, 0.0, -99999.0, -99999.0, -99999.0, -99999.0, -99999.0, -0.27984470914, 414.71485475, 1.9304718112, 0.67887537196, -99999.0, -99999.0, -99999.0, -99999.0, -99999.0, -99999.0, -99999.0, -99999.0, -99999.0, 0.379, 2.844, 3.219, 817.0, 445.0, 189.0, 272.0, 268.0, 724.0, 818.0, -99999.0, -99999.0, 0.0
1450.0, 40.78068031366667, -111.940982271, 1289.792, 0.22, 10.9, 0.35, 150.8, -99999.0, -99999.0, -99999.0, -99999.0, -99999.0, -0.27984481635, 414.71485475, 1.9304718112, 0.67887537196, 89.408320831, -502.60846958, 1.93575427919, 425.40345786985, -99999.0, 53.1, -99999.0, -99999.0, -99999.0, 0.379, 2.844, 3.219, 433.0, 589.0, 641.0, 671.0, 284.0, 324.0, -246.0, -99999.0, -99999.0, 0.0
1451.0, 40.78068040983334, -111.94098249566666, 1289.783, 0.12, 10.9, 0.0, 0.0, -99999.0, -99999.0, -99999.0, -99999.0, -99999.0, -0.27984481635, 414.62604471, 1.9304718112, 0.67887537196, 89.408320831, -500.90665233, 1.93575427919, 425.43405755279997, -99999.0, -99999.0, -99999.0, -99999.0, -99999.0, 0.379, 2.844, 3.219, 829.0, 668.0, 263.0, 252.0, 682.0, 200.0, 409.0, -99999.0, -99999.0, 0.0
1452.0, 40.78068051966666, -111.940982693, 1289.766, 0.07, 10.9, 0.0, 0.0, -99999.0, -99999.0, -99999.0, -99999.0, -99999.0, -0.29243242408, 414.62604471, 1.9304718112, 0.67887537196, 88.92581437, -500.90665233, 1.9520435222899999, 425.43405755279997, -99999.0, 58.3, -99999.0, -99999.0, -99999.0, 0.379, 2.844, 3.219, 718.0, 530.0, 635.0, 545.0, -244.0, 413.0, 297.0, -99999.0, -99999.0, 0.0
1453.0, 40.7806806075, -111.94098289733334, 1289.748, 0.05, 10.9, 0.0, 0.0, -99999.0, -99999.0, -99999.0, -99999.0, -99999.0, -0.29243242408, 414.62604471, 1.9326161025, 0.67887537196, -99999.0, -99999.0, -99999.0, -99999.0, -99999.0, -99999.0, -99999.0, -99999.0, -99999.0, 0.379, 2.844, 3.219, 606.0, 498.0, 824.0, 398.0, 495.0, 382.0, -112.0, -99999.0, -99999.0, 0.0
1454.0, 40.780680699, -111.94098314266667, 1289.723, 0.11, 10.9, 0.0, 0.0, -99999.0, -99999.0, -99999.0, -99999.0, -99999.0, -0.29243210291, 414.62604471, 1.9326161025, 0.67887537196, 88.92581437, -500.90665233, 1.9520435222899999, 425.4462106774, -99999.0, 62.2, -99999.0, -99999.0, -99999.0, 0.379, 2.844, 3.219, 421.0, 648.0, 642.0, 405.0, 650.0, 444.0, 230.0, -99999.0, -99999.0, 0.0
1455.0, 40.78068080966666, -111.94098335550001, 1289.704, 0.06, 10.9, 0.25, 206.73, -99999.0, -99999.0, -99999.0, -99999.0, -99999.0, -0.29243210291, 414.84505011, 1.9326161025, 0.67887537196, 88.92581437, -502.8456952, 1.9520435222899999, 425.449145017, -99999.0, -99999.0, -99999.0, -99999.0, -99999.0, 0.379, 2.844, 3.219, 1077.0, 85.0, 358.0, 259.0, 690.0, 275.0, 650.0, -99999.0, -99999.0, 0.0
1456.0, 40.78068095483333, -111.94098357816665, 1289.678, 0.02, 11.0, 0.4, 132.49, -99999.0, -99999.0, -99999.0, -99999.0, -99999.0, -0.26456737606, 414.84505011, 1.9326161025, 0.67887537196, 85.619599004, -502.8456952, 2.006226391613, 425.449145017, -99999.0, 60.3, -99999.0, -99999.0, -99999.0, 0.379, 2.844, 3.219, 866.0, 268.0, 655.0, 412.0, 179.0, 93.0, 224.0, -99999.0, -99999.0, 0.0
1457.0, 40.78068111016666, -111.94098378816668, 1289.655, 0.06, 11.0, 0.4, 240.96, -99999.0, -99999.0, -99999.0, -99999.0, -99999.0, -0.26456737606, 414.84505011, 1.930476784, 0.67887537196, -99999.0, -99999.0, -99999.0, -99999.0, -99999.0, -99999.0, -99999.0, -99999.0, -99999.0, 0.379, 2.844, 3.219, 606.0, 766.0, 621.0, 405.0, 333.0, 13.0, 711.0, -99999.0, -99999.0, 0.0
1458.0, 40.78068118516667, -111.940983942, 1289.641, 0.09, 11.2, 0.64, 241.52, -99999.0, -99999.0, -99999.0, -99999.0, -99999.0, -0.26456421151, 415.44917523, 1.930476784, 0.67887537196, 85.619599004, -502.8456952, 2.006226391613, 426.31811815644994, -99999.0, 54.4, -99999.0, -99999.0, -99999.0, 0.379, 2.844, 3.219, 792.0, 530.0, 614.0, -20.0, 861.0, 702.0, 554.0, -99999.0, -99999.0, 0.0
1459.0, 40.78068128966667, -111.94098416866667, 1289.645, 0.29, 11.2, 0.28, 14.86, -99999.0, -99999.0, -99999.0, -99999.0, -99999.0, -0.29366937651, 416.05330035, 1.930476784, 0.67887537196, 85.619599004, -505.14598568, 2.006226391613, 427.1761103582, -99999.0, -99999.0, -99999.0, -99999.0, -99999.0, 0.379, 2.844, 3.219, 780.0, 439.0, 763.0, 279.0, 536.0, 324.0, 739.0, -99999.0, -99999.0, 0.0
1460.0, 40.78068126983334, -111.94098421233333, 1289.649, 0.07, 11.3, 0.36, 177.3, -99999.0, -99999.0, -99999.0, -99999.0, -99999.0, -99999.0, -99999.0, -99999.0, -99999.0, 98.454625343, -505.14598568, 1.957305257434, 427.1761103582, -99999.0, 52.2, -99999.0, -99999.0, -99999.0, 0.562, 2.625, 3.188, 1052.0, 681.0, 405.0, 398.0, 780.0, 373.0, 476.0, -99999.0, -99999.0, 0.0
1461.0, 40.78068133883333, -111.94098433466667, 1289.655, 0.13, 11.3, 0.41, 144.42, -99999.0, -99999.0, -99999.0, -99999.0, -99999.0, -0.293669539865, 416.05330035, 1.9317973502, 0.67887537196, -99999.0, -99999.0, -99999.0, -99999.0, -99999.0, -99999.0, -99999.0, -99999.0, -99999.0, 0.562, 2.625, 3.188, 817.0, 203.0, 473.0, 531.0, 73.0, -22.0, 280.0, -99999.0, -99999.0, 0.0
1462.0, 40.78068143600001, -111.94098446049999, 1289.651, 0.14, 11.4, 0.42, 137.27, -99999.0, -99999.0, -99999.0, -99999.0, -99999.0, -0.29366970322, 415.82819533, 1.9317973502, 0.67887537196, 98.454625343, -505.14598568, 1.957305257434, 425.8857841002, -99999.0, 54.8, -99999.0, -99999.0, -99999.0, 0.562, 2.625, 3.188, 891.0, 478.0, 560.0, 538.0, 365.0, 373.0, 594.0, -99999.0, -99999.0, 0.0
1463.0, 40.78068141516667, -111.94098452349999, 1289.643, 0.07, 11.4, 0.28, 173.93, -99999.0, -99999.0, -99999.0, -99999.0, -99999.0, -0.30730805438, 415.82819533, 1.9317973502, 0.67887537196, 98.454625343, -502.93426175, 1.957305257434, 424.60595220439996, -99999.0, -99999.0, -99999.0, -99999.0, -99999.0, 0.562, 2.625, 3.188, 619.0, 498.0, 621.0, 272.0, 203.0, 924.0, 409.0, -99999.0, -99999.0, 0.0
1464.0, 40.78068137666667, -111.9409845535, 1289.637, 0.04, 11.4, 0.0, 0.0, -99999.0, -99999.0, -99999.0, -99999.0, -99999.0, -0.30730805438, 415.82819533, 1.9318963923, 0.67887537196, 97.877628264, -502.93426175, 1.951499760433, 424.60595220439996, -99999.0, 56.6, -99999.0, -99999.0, -99999.0, 0.562, 2.625, 3.188, 780.0, 504.0, 216.0, 392.0, 698.0, 467.0, 605.0, -99999.0, -99999.0, 0.0
1465.0, 40.78068137816667, -111.94098457183333, 1289.631, 0.26, 11.5, 0.34, 120.19, -99999.0, -99999.0, -99999.0, -99999.0, -99999.0, -0.30730864449, 415.82819533, 1.9318963923, 0.67887537196, -99999.0, -99999.0, -99999.0, -99999.0, -99999.0, -99999.0, -99999.0, -99999.0, -99999.0, 0.562, 2.625, 3.188, 1003.0, 596.0, 135.0, 405.0, 479.0, 520.0, 392.0, -99999.0, -99999.0, 0.0
1466.0, 40.780681346166666, -111.9409845605, 1289.63, 0.05, 11.5, 0.27, 138.09, -99999.0, -99999.0, -99999.0, -99999.0, -99999.0, -0.303389395375, 415.49863, 1.9318963923, 0.67887537196, 97.877628264, -502.93426175, 1.951499760433, 424.75222719364996, -99999.0, 55.8, -99999.0, -99999.0, -99999.0, 0.562, 2.625, 3.188, 1077.0, 1009.0, 311.0, 551.0, -138.0, -67.0, 101.0, -99999.0, -99999.0, 0.0
1467.0, 40.78068127666666, -111.94098453983334, 1289.636, 0.08, 11.5, 0.36, 153.3, -99999.0, -99999.0, -99999.0, -99999.0, -99999.0, -99999.0, -99999.0, -99999.0, -99999.0, 97.877628264, -500.96453923, 1.951499760433, 424.90785471699996, -99999.0, -99999.0, -99999.0, -99999.0, -99999.0, 0.562, 2.625, 3.188, 891.0, 799.0, 432.0, 100.0, 97.0, 391.0, -185.0, -99999.0, -99999.0, 0.0
1468.0, 40.780681163000004, -111.94098448033334, 1289.65, 0.11, 11.5, 0.44, 147.39, -99999.0, -99999.0, -99999.0, -99999.0, -99999.0, -0.29947014626, 415.49863, 1.9312365418, 0.67887537196, 92.609660847, -500.96453923, 1.952545232744, 424.90785471699996, -99999.0, 56.2, -99999.0, -99999.0, -99999.0, 0.562, 2.625, 3.188, 706.0, 491.0, 14.0, 392.0, 341.0, 662.0, 45.0, -99999.0, -99999.0, 0.0
1469.0, 40.7806811795, -111.9409844595, 1289.669, 0.21, 11.4, 0.49, 153.8, -99999.0, -99999.0, -99999.0, -99999.0, -99999.0, -0.2994704587, 415.41400663499996, 1.9312365418, 0.67887537196, -99999.0, -99999.0, -99999.0, -99999.0, -99999.0, -99999.0, -99999.0, -99999.0, -99999.0, 0.562, 2.625, 3.188, 767.0, 1054.0, 216.0, 120.0, 463.0, 200.0, 118.0, -99999.0, -99999.0, 0.0
1470.0, 40.78068115866666, -111.94098443083334, 1289.679, 0.04, 11.3, 0.73, 117.58, -99999.0, -99999.0, -99999.0, -99999.0, -99999.0, -0.32492870446, 415.32938327, 1.9312365418, 0.67887537196, 92.609660847, -500.96453923, 1.952545232744, 424.8144251882, -99999.0, 58.7, -99999.0, -99999.0, -99999.0, 0.562, 2.625, 3.188, 706.0, 720.0, 466.0, 525.0, 495.0, 253.0, 67.0, -99999.0, -99999.0, 0.0
1471.0, 40.78068111033333, -111.94098443033333, 1289.699, 0.11, 11.3, 0.36, 153.32, -99999.0, -99999.0, -99999.0, -99999.0, -99999.0, -99999.0, -99999.0, -99999.0, -99999.0, 92.609660847, -501.37292512, 1.952545232744, 424.7190574355, -99999.0, -99999.0, -99999.0, -99999.0, -99999.0, 0.562, 2.625, 3.188, 1164.0, 832.0, 162.0, 252.0, 203.0, -191.0, 17.0, -99999.0, -99999.0, 0.0
1472.0, 40.78068087016666, -111.94098433633332, 1289.727, 0.15, 11.2, 0.35, 138.09, -99999.0, -99999.0, -99999.0, -99999.0, -99999.0, -0.324928969995, 415.32938327, 1.9304785, 0.67887537196, 81.51943311, -501.37292512, 1.97462631283, 424.7190574355, -99999.0, 60.5, -99999.0, -99999.0, -99999.0, 0.562, 2.625, 3.188, 842.0, 825.0, 668.0, 525.0, 455.0, 129.0, 274.0, -99999.0, -99999.0, 0.0
1473.0, 40.780680699166666, -111.94098429383332, 1289.752, 0.05, 11.2, 0.69, 142.6, -99999.0, -99999.0, -99999.0, -99999.0, -99999.0, -0.32492923553, 414.86444068, 1.9304785, 0.67887537196, 81.51943311, -501.37292512, 1.97462631283, 424.7190574355, -99999.0, -99999.0, -99999.0, -99999.0, -99999.0, 0.562, 2.625, 3.188, 396.0, 563.0, 824.0, 511.0, 495.0, 76.0, 543.0, -99999.0, -99999.0, 0.0
1474.0, 40.78068052133334, -111.94098425966668, 1289.805, 0.04, 11.1, 0.94, 134.09, -99999.0, -99999.0, -99999.0, -99999.0, -99999.0, -0.29690893418, 414.86444068, 1.9304785, 0.67887537196, 81.51943311, -501.37292512, 1.97462631283, 423.5121159761, -99999.0, 63.5, -99999.0, -99999.0, -99999.0, 0.562, 2.625, 3.188, 978.0, 714.0, 925.0, 405.0, 317.0, -84.0, 773.0, -99999.0, -99999.0, 0.0
1475.0, 40.780680487000005, -111.94098436, 1289.881, 0.07, 11.0, 0.71, 124.29, -99999.0, -99999.0, -99999.0, -99999.0, -99999.0, -0.29690893418, 414.86444068, 1.9311792039, 0.67887537196, 81.51943311, -501.58589946, 1.97462631283, 423.5111080595, -99999.0, -99999.0, -99999.0, -99999.0, -99999.0, 0.562, 2.625, 3.188, 805.0, 602.0, 304.0, 266.0, 341.0, 382.0, 588.0, -99999.0, -99999.0, 0.0
1476.0, 40.780680545833334, -111.9409843995, 1289.922, 0.09, 11.0, 0.9, 165.47, -99999.0, -99999.0, -99999.0, -99999.0, -99999.0, -0.2969093403, 414.86444068, 1.9311792039, 0.67887537196, 105.54618599, -501.58589946, 1.978989621149, 423.5111080595, -99999.0, 64.9, -99999.0, -99999.0, -99999.0, 0.562, 2.625, 3.188, 904.0, 465.0, 777.0, 272.0, 634.0, 195.0, 386.0, -99999.0, -99999.0, 0.0
1477.0, 40.78068062183334, -111.94098441983333, 1289.954, 0.13, 10.9, 1.13, 156.65, -99999.0, -99999.0, -99999.0, -99999.0, -99999.0, -0.2969093403, 414.66087651, 1.9311792039, 0.67887537196, 105.54618599, -501.58589946, 1.978989621149, 423.5111080595, -99999.0, -99999.0, -99999.0, -99999.0, -99999.0, 0.562, 2.625, 3.188, 718.0, 46.0, 723.0, -7.0, 32.0, 458.0, 454.0, -99999.0, -99999.0, 0.0
1478.0, 40.780680675, -111.94098444133333, 1289.978, 0.12, 10.9, 1.04, 168.45, -99999.0, -99999.0, -99999.0, -99999.0, -99999.0, -0.28966141166, 414.66087651, 1.9311792039, 0.67887537196, 105.54618599, -501.58589946, 1.978989621149, 426.7223922193, -99999.0, 61.1, -99999.0, -99999.0, -99999.0, 0.562, 2.625, 3.188, 904.0, 956.0, 209.0, 531.0, 430.0, 404.0, 392.0, -99999.0, -99999.0, 0.0
1479.0, 40.780680794666665, -111.94098443516665, 1289.99, 0.19, 10.9, 0.57, 194.61, -99999.0, -99999.0, -99999.0, -99999.0, -99999.0, -0.28966141166, 414.66087651, 1.9310805857, 0.67887537196, 105.54618599, -503.15911097, 1.978989621149, 426.7148904267, -99999.0, -99999.0, -99999.0, -99999.0, -99999.0, 0.562, 2.625, 3.188, 1201.0, 282.0, 520.0, 246.0, 317.0, 400.0, 846.0, -99999.0, -99999.0, 0.0
1480.0, 40.78068084266667, -111.94098443316668, 1290.008, 0.06, 10.8, 0.57, 159.74, -99999.0, -99999.0, -99999.0, -99999.0, -99999.0, -0.28966122614, 414.73669731999996, 1.9310805857, 0.67887537196, 76.768460482, -503.15911097, 1.966540014054, 426.7148904267, -99999.0, 57.1, -99999.0, -99999.0, -99999.0, 0.562, 2.625, 3.188, 978.0, 733.0, 419.0, 266.0, 560.0, 591.0, 50.0, -99999.0, -99999.0, 0.0
1481.0, 40.78068089366667, -111.94098447216666, 1290.031, 0.22, 10.8, 0.0, 0.0, -99999.0, -99999.0, -99999.0, -99999.0, -99999.0, -0.28216640551, 414.81251813, 1.9310805857, 0.67887537196, 76.768460482, -503.15911097, 1.966540014054, 426.7148904267, -99999.0, -99999.0, -99999.0, -99999.0, -99999.0, 0.562, 2.625, 3.188, 1386.0, 439.0, 574.0, 684.0, 187.0, 538.0, 11.0, -99999.0, -99999.0, 0.0
1482.0, 40.78068102583334, -111.94098449183333, 1290.058, 0.08, 10.8, 0.27, 132.49, -99999.0, -99999.0, -99999.0, -99999.0, -99999.0, -99999.0, -99999.0, -99999.0, -99999.0, 76.768460482, -503.15911097, 1.966540014054, 423.8514250937, -99999.0, 57.6, -99999.0, -99999.0, -99999.0, 0.562, 2.625, 3.188, 607.0, 380.0, 122.0, 651.0, 625.0, 733.0, -252.0, -99999.0, -99999.0, 0.0
1483.0, 40.780681118000004, -111.94098449350001, 1290.064, 0.1, 10.7, 0.55, 106.46, -99999.0, -99999.0, -99999.0, -99999.0, -99999.0, -0.28216640551, 414.81251813, 1.9319142917, 0.67887537196, 76.768460482, -499.71066181, 1.966540014054, 423.8677585321, -99999.0, -99999.0, -99999.0, -99999.0, -99999.0, 0.494, 2.625, 3.109, 904.0, 675.0, 736.0, 259.0, 747.0, 391.0, 773.0, -99999.0, -99999.0, 0.0
1484.0, 40.780681069, -111.94098447233334, 1290.086, 0.05, 10.7, 0.45, 120.17, -99999.0, -99999.0, -99999.0, -99999.0, -99999.0, -0.28216668992, 414.737569755, 1.9319142917, 0.67887537196, 90.061006308, -499.71066181, 1.9515060908339998, 423.8677585321, -99999.0, 59.6, -99999.0, -99999.0, -99999.0, 0.494, 2.625, 3.109, 792.0, 445.0, 155.0, 259.0, 227.0, 284.0, 605.0, -99999.0, -99999.0, 0.0
1485.0, 40.780681049833326, -111.9409843795, 1290.081, 0.05, 10.7, 0.36, 99.27, -99999.0, -99999.0, -99999.0, -99999.0, -99999.0, -0.29708895445, 414.66262138, 1.9319142917, 0.67887537196, 90.061006308, -499.71066181, 1.9515060908339998, 423.8677585321, -99999.0, -99999.0, -99999.0, -99999.0, -99999.0, 0.494, 2.625, 3.109, 1065.0, 936.0, 466.0, 823.0, 918.0, 4.0, 695.0, -99999.0, -99999.0, 0.0
1486.0, 40.78068096333334, -111.94098430300001, 1290.077, 0.21, 10.7, 0.31, 112.76, -99999.0, -99999.0, -99999.0, -99999.0, -99999.0, -0.29708895445, 414.66262138, 1.932001873, 0.67887537196, 90.061006308, -499.71066181, 1.9515060908339998, 425.8069187476, -99999.0, 59.8, -99999.0, -99999.0, -99999.0, 0.494, 2.625, 3.109, 965.0, 282.0, 878.0, 259.0, 739.0, 627.0, 599.0, -99999.0, -99999.0, 0.0
