ARC/USOS-ARL-Suite_ARC_20240724_RA.ict
71,1001
Xinrong Ren
NOAA Air Resources Lab
ARC-Suite
USOS: Utah Summer Ozone Study
1,1
2024,07,24,2024,07,24
1
StartTime_seconds, seconds, Start time in UTC seconds since midnight
38
1,1,1,1,1,1,1,1,1,1,1,1,1,1,1,1,1,1,1,1,1,1,1,1,1,1,1,1,1,1,1,1,1,1,1,1,1,1
-99999,-99999,-99999,-99999,-99999,-99999,-99999,-99999,-99999,-99999,-99999,-99999,-99999,-99999,-99999,-99999,-99999,-99999,-99999,-99999,-99999,-99999,-99999,-99999,-99999,-99999,-99999,-99999,-99999,-99999,-99999,-99999,-99999,-99999,-99999,-99999,-99999,-99999
lat_DGPS_deg, degrees, Latitude in decimal by Hemisphere VS1100 Differential GPS
lon_DGPS_deg, degrees, Longitude in decimal by Hemisphere VS1100 Differential GPS
alt_msl_m, meters, GPS Altitude MSL
speed_km_h, km/s, vehicle speed
RH, percent, relative humidity
true_WS_m_s, m/s, wind speed by 2D sonic sensor
true_WD_deg, degree, wind direction by 2D sonic sensor
CH4_aeris313_ppm, ppm, CH4 mixing ratio by Aeris
H2O_aeris313_ppm, ppm, H2O mixing ratio by Aeris
C2H6_aeris313_ppb, ppb, C2H6 mixing ratio by Aeris
r_aeris313, 1, relavence between CH4 and C2H6 by Aeris
C2C1_aeris313, 1, C2H6 to CH4 ratio by Aeris
CO_g2401m_ppm, ppm, CO mixing ratio by Picarro G2401m
CO2_g2401m_ppm, ppm, CO2 mixing ratio by Picarro G2401m
CH4_g2401m_ppm, ppm, CH4 mixing ratio by Picarro G2401m
H2O_g2401m, ppm, H2O mixing ratio by Picarro G2401m
delta13C_CH4_raw, permill, delta 13C of CH4 by Picarro G2201i
delta13C_CO2_raw, permill, delta 13C of CO2 by Picarro G2201i
CH4_g2201i_ppm, ppm, CH4 mixing ratio by Picarro G2201i
CO2_g2201i_ppm, ppm, CO2 mixing ratio by Picarro G2201i
NH3_g2301_ppb, ppb, NH3 mixing ratio by Picarro G2301
O3_2B_ppm, ppm, O3 mixing ratio by 2B
NO_G60_ppb, ppb, NO mixing ratio by G60
NO2_G60_ppb, ppb, NO2 mixing ratio by G60
NOx_G60_ppb, ppb, NOx mixing ratio by G60
NO_N500_ppb, ppb, NO mixing ratio by N500
NO2_N500_ppb, ppb, NO2 mixing ratio by N500
NOx_N500_ppb, ppb, NOx mixing ratio by N500
BC370_AE43_ng_m3, ng/m3, Black Carbon at 370 nm by AE43
BC470_AE43_ng_m3, ng/m3, Black Carbon at 470 nm by AE43
BC520_AE43_ng_m3, ng/m3, Black Carbon at 520 nm by AE43
BC590_AE43_ng_m3, ng/m3, Black Carbon at 590 nm by AE43
BC660_AE43_ng_m3, ng/m3, Black Carbon at 660 nm by AE43
BC880_AE43_ng_m3, ng/m3, Black Carbon at 880 nm by AE43
BC950_AE43_ng_m3, ng/m3, Black Carbon at 950 nm by AE43
PM25, ug/m3, PM2.5 by particle sensor
PM10, ug/m3, PM10 by particle sensor
Valve, boolian, indicator of valve conditions;0 is measurement; 10 is zeroing; 11 is spanning
1
SPECIAL COMMENTS, N/A
18
PI_CONTACT_INFO: xinrong.ren@noaa.gov, 301-683-1391, NOAA/ARL, 5830 University Research Court, College Park, MD 20740
PLATFORM: NOAA Air Resources Car
LOCATION: Salt Lake City
ASSOCIATED_DATA: N/A
INSTRUMENT_INFO: Hemisphere VS1100 differential GPS (Latitude, Longitude, GPS Altitude, speed), meteorological sensor (RH, WS, WD), 2B (O3), G60 CRDS (NO-NOx), Teledyne N500 (NO-NOx), Picarro G2401-m (CO2, CH4, CO, H2O), Picarro G2201i (CO2, CH4, d13C_CO2, d13C_CH4, H2O), Picarro 2301 (NH3), Aeris Ultra MIRA (CH4, C2H6, H2O, r, C2/C1), AE43 (Black Carbon), Partical sensor (PM2.5, PM10)
DATA_INFO: Records are reported at 1-second intervals. Hemisphere VS1100 differential GPS has 1-second ntervals. 2B O3 values are reported 2-second averages. G60 Cavity Rong Down NO-NO2-NO2 has 1-second average. Teledyne CAPS NO2 analyzer has 10-second time resolution. Picarro 2401m (CO2, CH4, CO, H2O) data has 2.5-second time resolution. Picarro 2201i (isotope) has ~5 second time resolution. Aeris Ultra MIRA has 1-second integration time. AE43 data are 10-second moving averages. Partical sensor has 10-second time resolution.
UNCERTAINTY: -99999, -99999, -99999, 15 m, -99999, -99999, -99999, -99999, 1 ppb, 100 ppm, 0.2 ppb, -99999, -99999, 5 ppb, 0.1 ppm, 1 ppb, 100 ppm, -99999, -99999, -99999, -99999, 2 ppb, 0.3 ppb, -99999, -99999, -99999, 0.05 ppb, 0.05 ppb, 0.05 ppb, 10 ng/m3, 10 ng/m3, 10 ng/m3, 10 ng/m3, 10 ng/m3, 10 ng/m3, 10 ng/m3, 10 ng/m3, 0
ULOD_FLAG: -77777
ULOD_VALUE: N/A
LLOD_FLAG: -88888
LLOD_VALUE: N/A
DM_CONTACT_INFO: Jiayang Sun; University of Maryland; jiayangs@umd.edu
PROJECT_INFO: USOS July - Aug 2024 https://deq.utah.gov/air-quality/utah-summer-ozone-study-usos
STIPULATIONS_ON_USE: Use of these data requires prior ok from PI.
OTHER_COMMENTS: N/A
REVISION: RA
RA: Preliminary Data for in-field use only.
StartTime_seconds, lat_DGPS_deg, lon_DGPS_deg, alt_msl_m, speed_km_h, RH, true_WS_m_s, true_WD_deg, CH4_aeris313_ppm, H2O_aeris313_ppm, C2H6_aeris313_ppb, r_aeris313, C2C1_aeris313, CO_g2401m_ppm, CO2_g2401m_ppm, CH4_g2401m_ppm, H2O_g2401m, delta13C_CH4_raw, delta13C_CO2_raw, CH4_g2201i_ppm, CO2_g2201i_ppm, NH3_g2301_ppb, O3_2B_ppm, NO_G60_ppb, NO2_G60_ppb, NOx_G60_ppb, NO_N500_ppb, NO2_N500_ppb, NOx_N500_ppb, BC370_AE43_ng_m3, BC470_AE43_ng_m3, BC520_AE43_ng_m3, BC590_AE43_ng_m3, BC660_AE43_ng_m3, BC880_AE43_ng_m3, BC950_AE43_ng_m3, PM25, PM10, Valve
[from data line 3825]
62309.0, 40.7807148625, -111.94099686416666, 1288.048, 0.11, -99999.0, -99999.0, -99999.0, 2.01626, 14950.3, 19.0465, -0.0580905, -99999.0, 0.23004808286333334, 431.9157454633334, 1.9966165352, 1.2958360705, -99999.0, -99999.0, -99999.0, -99999.0, 0.012292648295, -99999.0, 27.9, 4.36, 32.26, -0.037, 4.031, 4.0, 890.0, 732.0, 1043.0, 767.0, 760.0, 754.0, 838.0, 7.0, 7.0, 0.0
62310.0, 40.78071465716666, -111.94099704016665, 1288.1, 0.19, -99999.0, -99999.0, -99999.0, 2.01671, 14944.1, 19.2646, -0.0518418, -99999.0, 0.21892810335, 431.94189447, 1.9966165352, 1.2958360705, -99999.0, -99999.0, -99999.0, -99999.0, 0.012292648295, 72.6, 27.88, 4.37, 32.25, -0.037, 4.031, 4.0, 965.0, 930.0, 956.0, 788.0, 821.0, 545.0, 791.0, 7.85, 10.84, 0.0
62311.0, 40.78071448716667, -111.94099711550001, 1288.122, 0.15, -99999.0, -99999.0, -99999.0, 2.01839, 14951.6, 18.5079, -0.174014, -99999.0, 0.21892706782, 431.9433693, 1.9965569958, 1.3061206494, -99999.0, -99999.0, -99999.0, -99999.0, 0.012292648295, -99999.0, 27.88, 4.37, 32.25, -0.037, 4.031, 4.0, 826.0, 821.0, 610.0, 889.0, 994.0, 738.0, 469.0, 7.15, 8.61, 0.0
62312.0, 40.78071433033333, -111.94099729316667, 1288.164, 0.04, -99999.0, -99999.0, -99999.0, 2.015, 14965.7, 18.9949, -0.194131, -99999.0, 0.21892603229, 431.70509914, 1.9965569958, 1.3061206494, -99999.0, -99999.0, -99999.0, -99999.0, 0.010056116711, 71.4, 27.91, 4.37, 32.28, -0.037, 4.031, 4.0, 965.0, 598.0, 990.0, 477.0, 821.0, 546.0, 906.0, 6.83, 12.37, 0.0
62313.0, 40.78071412216667, -111.94099740233332, 1288.213, 0.01, -99999.0, -99999.0, -99999.0, 2.01353, 14992.1, 19.0074, -0.150253, -99999.0, 0.21677860863, 431.70509914, 1.9965569958, 1.3061206494, -99999.0, -99999.0, -99999.0, -99999.0, 0.010056116711, -99999.0, 27.96, 4.38, 32.34, -0.037, 4.031, 4.0, 879.0, 953.0, 638.0, 596.0, 921.0, 691.0, 743.0, 7.9, 16.36, 0.0
62314.0, 40.78071390583334, -111.94099746133334, 1288.25, 0.15, -99999.0, -99999.0, -99999.0, 2.01604, 15017.3, 18.8401, -0.120197, -99999.0, 0.21677795364500002, 431.78359887, 1.9969087087, 1.3189642571, -99999.0, -99999.0, -99999.0, -99999.0, 0.010056116711, 71.0, 27.94, 4.38, 32.32, -0.037, 4.031, 4.0, 731.0, 975.0, 768.0, 849.0, 668.0, 464.0, 740.0, 7.09, 8.04, 0.0
62315.0, 40.7807137365, -111.94099752916667, 1288.285, 0.1, -99999.0, -99999.0, -99999.0, 2.01631, 15054.3, 18.8479, -0.122073, -99999.0, 0.21677729866, 431.57955124, 1.9969087087, 1.3189642571, -99999.0, -99999.0, -99999.0, -99999.0, -99999.0, -99999.0, 27.98, 4.35, 32.33, -0.037, 4.031, 4.0, 943.0, 1020.0, 798.0, 687.0, 628.0, 320.0, 630.0, 7.71, 14.46, 0.0
62316.0, 40.78071362233333, -111.94099757066667, 1288.312, 0.01, -99999.0, -99999.0, -99999.0, 2.01511, 15085.0, 19.0222, -0.116934, -99999.0, 0.22187471947, 431.596415025, 1.99676763385, 1.31751102855, -99999.0, -99999.0, -99999.0, -99999.0, 0.0086704680186, 71.6, 28.0, 4.36, 32.36, -0.037, 4.031, 4.0, 881.0, 976.0, 849.0, 648.0, 784.0, 902.0, 921.0, 6.81, 7.76, 0.0
62317.0, 40.78071354683333, -111.940997634, 1288.336, 0.06, -99999.0, -99999.0, -99999.0, 2.0152, 15090.7, 18.6612, 0.0099994, -99999.0, 0.22187596847, 431.69712785, 1.996626559, 1.3160578, -99999.0, -99999.0, -99999.0, -99999.0, 0.0086704680186, -99999.0, 27.95, 4.36, 32.31, -0.037, 4.031, 4.0, 901.0, 797.0, 666.0, 666.0, 768.0, 853.0, 890.0, 6.48, 6.48, 0.0
62318.0, 40.78071345616667, -111.94099774700001, 1288.365, 0.13, -99999.0, -99999.0, -99999.0, 2.01521, 15101.7, 19.0072, 0.0664664, -99999.0, 0.21571191861, 431.78097689, 1.996626559, 1.3160578, -99999.0, -99999.0, -99999.0, -99999.0, 0.0086704680186, 72.9, 27.95, 4.35, 32.3, -0.037, 4.031, 4.0, 700.0, 820.0, 849.0, 728.0, 668.0, 995.0, 1233.0, 7.46, 16.75, 0.0
62319.0, 40.78071332150001, -111.94099775966667, 1288.391, 0.09, -99999.0, -99999.0, -99999.0, 2.01477, 15110.0, 19.0271, 0.0228915, -99999.0, 0.21571279981, 431.74256821, 1.99613008, 1.3076505887, -99999.0, -99999.0, -99999.0, -99999.0, -99999.0, -99999.0, 28.02, 4.34, 32.36, -0.037, 4.031, 4.0, 922.0, 887.0, 877.0, 941.0, 741.0, 772.0, 944.0, 8.34, 10.25, 0.0
62320.0, 40.78071323133333, -111.94099782533334, 1288.41, 0.11, -99999.0, -99999.0, -99999.0, 2.01638, 15111.2, 18.8227, 0.0363972, -99999.0, 0.21571368101, 431.99983276, 1.99613008, 1.3076505887, -99999.0, -99999.0, -99999.0, -99999.0, 0.010898693557, 73.0, 28.07, 4.34, 32.41, -0.037, 4.031, 4.0, 903.0, 1086.0, 1104.0, 698.0, 435.0, 1175.0, 820.0, 7.18, 9.59, 0.0
62321.0, 40.78071318233333, -111.94099781183334, 1288.421, 0.19, -99999.0, -99999.0, -99999.0, 2.01472, 15097.4, 18.9867, 0.0768099, -99999.0, 0.23016107624, 431.99983276, 1.99613008, 1.3076505887, -99999.0, -99999.0, -99999.0, -99999.0, 0.010898693557, -99999.0, 28.02, 4.33, 32.36, -0.037, 4.031, 4.0, 922.0, 710.0, 770.0, 658.0, 974.0, 672.0, 862.0, 7.98, 43.15, 0.0
62322.0, 40.7807132035, -111.9409977975, 1288.419, 0.23, -99999.0, -99999.0, -99999.0, 2.01568, 15081.2, 18.8889, 0.0481481, -99999.0, 0.23016138656666665, 432.01146306333334, 1.996361017, 1.3097213572, -99999.0, -99999.0, -99999.0, -99999.0, 0.010898693557, 71.4, 28.05, 4.33, 32.38, -0.037, 4.031, 4.0, 998.0, 820.0, 893.0, 899.0, 807.0, 1030.0, 1087.0, 8.93, 12.29, 0.0
62323.0, 40.78071322316667, -111.94099782933333, 1288.416, 0.09, -99999.0, -99999.0, -99999.0, 2.01406, 15074.9, 18.9976, 0.0219878, -99999.0, 0.21846925565, 432.07775799, 1.996361017, 1.3097213572, -99999.0, -99999.0, -99999.0, -99999.0, -99999.0, -99999.0, 28.09, 4.31, 32.4, -0.037, 4.031, 4.0, 944.0, 976.0, 729.0, 778.0, 1171.0, 433.0, 825.0, 7.54, 15.77, 0.0
62324.0, 40.78071313433334, -111.94099785716665, 1288.42, 0.22, -99999.0, -99999.0, -99999.0, 2.01511, 15074.5, 19.0071, 0.0449911, -99999.0, 0.21846925565, 432.0545161, 1.9963538959, 1.3008092934, -99999.0, -99999.0, -99999.0, -99999.0, 0.0092838927842, 70.7, 28.11, 4.29, 32.41, -0.037, 4.031, 4.0, 731.0, 1019.0, 837.0, 527.0, 807.0, 546.0, 918.0, 7.6, 23.16, 0.0
62325.0, 40.78071316666667, -111.94099788466669, 1288.417, 0.06, -99999.0, -99999.0, -99999.0, 2.01688, 15066.0, 19.1237, 0.00156397, -99999.0, 0.21847089703, 432.16906462500003, 1.9963538959, 1.3008092934, -99999.0, -99999.0, -99999.0, -99999.0, 0.0092838927842, 70.9, 28.14, 4.29, 32.43, -0.037, 4.031, 4.0, 1051.0, 1087.0, 1038.0, 860.0, 974.0, 401.0, 691.0, 8.56, 21.64, 0.0
62326.0, 40.78071320883334, -111.94099786816666, 1288.406, 0.18, -99999.0, -99999.0, -99999.0, 2.01719, 15051.2, 19.0875, -0.0960128, -99999.0, 0.22544399842, 432.28361315, 1.9963538959, 1.3008092934, -99999.0, -99999.0, -99999.0, -99999.0, 0.0092838927842, -99999.0, 28.15, 4.28, 32.43, -0.037, 4.031, 4.0, 934.0, 998.0, 939.0, 646.0, 1018.0, 597.0, 360.0, 8.45, 11.96, 0.0
62327.0, 40.780713287333334, -111.9409978835, 1288.402, 0.15, -99999.0, -99999.0, -99999.0, 2.01585, 15029.9, 18.927, -0.114932, -99999.0, 0.22544464475, 432.2218823, 1.9963513055, 1.2915548202, -99999.0, -99999.0, -99999.0, -99999.0, -99999.0, -99999.0, 28.15, 4.28, 32.43, -0.037, 4.031, 4.0, 944.0, 1065.0, 890.0, 698.0, 941.0, 563.0, 882.0, 7.66, 10.65, 0.0
62328.0, 40.780713368666675, -111.94099789833332, 1288.399, 0.06, -99999.0, -99999.0, -99999.0, 2.01635, 15006.2, 19.2553, -0.127061, -99999.0, 0.22544529108, 432.44020537, 1.9963513055, 1.2915548202, -99999.0, -99999.0, -99999.0, -99999.0, 0.010588044234, 70.5, 28.17, 4.29, 32.46, -0.106, 4.031, 3.938, 912.0, 953.0, 900.0, 1001.0, 1053.0, 1029.0, 978.0, 7.86, 9.39, 0.0
62329.0, 40.78071345466667, -111.94099785916666, 1288.388, 0.19, -99999.0, -99999.0, -99999.0, 2.01569, 14980.8, 18.9508, -0.126024, -99999.0, 0.21464010494, 432.439735675, 1.99672505555, 1.2960438488500001, -99999.0, -99999.0, -99999.0, -99999.0, 0.010588044234, 69.5, 28.16, 4.29, 32.44, -0.106, 4.031, 3.938, 901.0, 998.0, 1025.0, 991.0, 1076.0, 627.0, 755.0, 8.43, 16.98, 0.0
62330.0, 40.780713516, -111.9409978585, 1288.379, 0.21, -99999.0, -99999.0, -99999.0, 2.01554, 14973.7, 18.8676, -0.115997, -99999.0, 0.21463927949, 432.367829485, 1.9970988056, 1.3005328775, -99999.0, -99999.0, -99999.0, -99999.0, 0.010588044234, -99999.0, 28.2, 4.3, 32.49, -0.106, 4.031, 3.938, 881.0, 975.0, 962.0, 708.0, 741.0, 563.0, 163.0, 8.12, 13.19, 0.0
62331.0, 40.78071345, -111.94099792116667, 1288.38, 0.06, -99999.0, -99999.0, -99999.0, 2.01496, 14974.4, 19.1632, -0.164542, -99999.0, 0.22070532699, 432.29639299, 1.9970988056, 1.3005328775, -99999.0, -99999.0, -99999.0, -99999.0, -99999.0, -99999.0, 28.22, 4.31, 32.54, -0.106, 4.031, 3.938, 848.0, 865.0, 1048.0, 849.0, 1016.0, 1271.0, 652.0, 7.58, 9.99, 0.0
62332.0, 40.78071346183334, -111.94099789299999, 1288.364, 0.09, -99999.0, -99999.0, -99999.0, 2.01564, 14988.9, 18.9844, -0.160271, -99999.0, 0.220705707365, 432.29674408, 1.9968220225, 1.2916581112, -99999.0, -99999.0, -99999.0, -99999.0, 0.011448379569, 69.0, 28.25, 4.31, 32.56, -0.106, 4.031, 3.938, 901.0, 954.0, 964.0, 1132.0, 900.0, 677.0, 904.0, 7.44, 8.97, 0.0
62333.0, 40.7807135175, -111.94099783783334, 1288.336, 0.15, -99999.0, -99999.0, -99999.0, 2.01737, 15005.5, 19.2234, -0.055764, -99999.0, 0.22070608774, 432.35933398, 1.9968220225, 1.2916581112, -99999.0, -99999.0, -99999.0, -99999.0, 0.011448379569, 71.0, 28.28, 4.32, 32.6, -0.106, 4.031, 3.938, 859.0, 842.0, 576.0, 648.0, 749.0, 917.0, 675.0, 6.91, 15.45, 0.0
62334.0, 40.7807135685, -111.9409977465, 1288.297, 0.11, -99999.0, -99999.0, -99999.0, 2.01684, 14984.1, 19.0047, -0.0652813, -99999.0, 0.2247093986, 432.35933398, 1.9968220225, 1.2916581112, -99999.0, -99999.0, -99999.0, -99999.0, 0.011448379569, -99999.0, 28.28, 4.3, 32.58, -0.106, 4.031, 3.938, 912.0, 932.0, 916.0, 820.0, 937.0, 692.0, 794.0, 7.31, 9.04, 0.0
62335.0, 40.78071362483333, -111.94099766916666, 1288.275, 0.2, -99999.0, -99999.0, -99999.0, 2.01353, 14959.4, 19.0307, -0.0934739, -99999.0, 0.22471100370666666, 432.4273107000001, 1.996693366, 1.2784973862, -99999.0, -99999.0, -99999.0, -99999.0, -99999.0, -99999.0, 28.27, 4.3, 32.57, -0.106, 4.031, 3.938, 891.0, 754.0, 944.0, 778.0, 904.0, 1045.0, 1100.0, 7.34, 12.73, 0.0
62336.0, 40.78071369566667, -111.94099757466665, 1288.246, 0.19, -99999.0, -99999.0, -99999.0, 2.01706, 14935.3, 19.1306, -0.0845951, -99999.0, 0.20968346667, 432.71303732, 1.996693366, 1.2784973862, -99999.0, -99999.0, -99999.0, -99999.0, 0.010478180192, 74.9, 28.27, 4.3, 32.57, -0.106, 4.031, 3.938, 966.0, 798.0, 967.0, 659.0, 635.0, 708.0, 904.0, 7.34, 9.38, 0.0
62337.0, 40.78071372549999, -111.9409974655, 1288.224, 0.22, -99999.0, -99999.0, -99999.0, 2.01662, 14904.4, 18.8122, -0.113277, -99999.0, 0.20968346667, 432.7108663, 1.9969450874, 1.2910195591, -99999.0, -99999.0, -99999.0, -99999.0, 0.010478180192, 76.8, 28.27, 4.31, 32.58, -0.106, 4.031, 3.938, 880.0, 843.0, 865.0, 546.0, 651.0, 1000.0, 703.0, 7.01, 7.59, 0.0
62338.0, 40.780713682666665, -111.94099743366665, 1288.212, 0.08, -99999.0, -99999.0, -99999.0, 2.01548, 14865.6, 19.1196, -0.0958168, -99999.0, 0.2096815829, 432.555271355, 1.9969450874, 1.2910195591, -99999.0, -99999.0, -99999.0, -99999.0, 0.010478180192, -99999.0, 28.24, 4.32, 32.56, -0.106, 4.031, 3.938, 912.0, 820.0, 987.0, 780.0, 960.0, 580.0, 1286.0, 7.7, 8.65, 0.0
62339.0, 40.7807137285, -111.9409973165, 1288.189, 0.06, -99999.0, -99999.0, -99999.0, 2.01618, 14857.7, 18.937, -0.105164, -99999.0, 0.21981702891, 432.39967641, 1.9969450874, 1.2910195591, -99999.0, -99999.0, -99999.0, -99999.0, -99999.0, -99999.0, 28.28, 4.3, 32.58, -0.106, 4.031, 3.938, 1083.0, 932.0, 709.0, 730.0, 725.0, 386.0, 1008.0, 7.8, 12.77, 0.0
62340.0, 40.78071370883334, -111.94099715766667, 1288.164, 0.21, -99999.0, -99999.0, -99999.0, 2.01605, 14895.9, 19.1549, -0.153056, -99999.0, 0.21981641966999999, 432.49130744, 1.9964365941, 1.3054543487, -99999.0, -99999.0, -99999.0, -99999.0, 0.0079492317377, 75.3, 28.31, 4.3, 32.61, -0.106, 4.031, 3.938, 1105.0, 843.0, 1105.0, 608.0, 744.0, 1224.0, 563.0, 8.2, 10.11, 0.0
62341.0, 40.78071357166667, -111.94099702800001, 1288.162, 0.09, -99999.0, -99999.0, -99999.0, 2.01572, 14952.0, 19.1324, 0.135332, -99999.0, 0.21981581043, 432.29152009, 1.9964365941, 1.3054543487, -99999.0, -99999.0, -99999.0, -99999.0, 0.0079492317377, 73.4, 28.26, 4.32, 32.58, -0.106, 4.031, 3.938, 955.0, 1064.0, 1000.0, 860.0, 883.0, 548.0, 1177.0, 7.56, 9.47, 0.0
62342.0, 40.78071347816666, -111.94099684733334, 1288.147, 0.03, -99999.0, -99999.0, -99999.0, 2.01588, 14981.1, 18.9424, 0.13209, -99999.0, 0.21187437422, 432.277215295, 1.99641805695, 1.29402947725, -99999.0, -99999.0, -99999.0, -99999.0, 0.0079492317377, -99999.0, 28.21, 4.31, 32.52, -0.106, 4.031, 3.938, 977.0, 776.0, 694.0, 891.0, 844.0, 918.0, 837.0, 7.8, 9.93, 0.0
62343.0, 40.780713368499995, -111.940996627, 1288.119, 0.07, -99999.0, -99999.0, -99999.0, 2.01646, 14959.2, 18.9318, 0.136187, -99999.0, 0.21187686489, 432.41630941999995, 1.9963995198, 1.2826046058, -99999.0, -99999.0, -99999.0, -99999.0, 0.0098621878773, -99999.0, 28.26, 4.31, 32.56, -0.106, 4.031, 3.938, 903.0, 910.0, 964.0, 648.0, 881.0, 725.0, 863.0, 8.41, 8.41, 0.0
62344.0, 40.780713345833334, -111.94099639733334, 1288.064, 0.07, -99999.0, -99999.0, -99999.0, 2.01654, 14926.9, 19.1629, 0.178893, -99999.0, 0.21269033742, 432.56970834, 1.9963995198, 1.2826046058, -99999.0, -99999.0, -99999.0, -99999.0, -99999.0, 72.5, 28.28, 4.3, 32.59, -0.106, 4.031, 3.938, 923.0, 975.0, 684.0, 789.0, 823.0, 675.0, 733.0, 7.98, 10.08, 0.0
62345.0, 40.78071336433334, -111.9409961355, 1287.999, 0.31, -99999.0, -99999.0, -99999.0, 2.01627, 14910.5, 18.796, 0.170822, -99999.0, 0.21268956769, 432.5329782, 1.9963139182, 1.2946463391, -99999.0, -99999.0, -99999.0, -99999.0, 0.0098621878773, 72.3, 28.33, 4.28, 32.61, -0.106, 4.031, 3.938, 997.0, 1087.0, 977.0, 812.0, 494.0, 595.0, 794.0, 7.32, 16.88, 0.0
62346.0, 40.780713419666675, -111.94099590316667, 1287.935, 0.09, -99999.0, -99999.0, -99999.0, 2.01397, 14912.8, 19.0668, 0.134668, -99999.0, 0.21268879796, 432.39428318, 1.9963139182, 1.2946463391, -99999.0, -99999.0, -99999.0, -99999.0, 0.0098621878773, -99999.0, 28.33, 4.28, 32.61, -0.106, 4.031, 3.938, 1052.0, 910.0, 671.0, 688.0, 997.0, 837.0, 755.0, 7.79, 10.4, 0.0
62347.0, 40.780713451333334, -111.94099565283335, 1287.871, 0.09, -99999.0, -99999.0, -99999.0, 2.01394, 14934.3, 18.6428, 0.241771, -99999.0, 0.21298493581, 432.39428318, 1.9963139182, 1.2946463391, -99999.0, -99999.0, -99999.0, -99999.0, 0.0089878640414, -99999.0, 28.39, 4.26, 32.65, -0.106, 4.031, 3.938, 988.0, 909.0, 1130.0, 689.0, 770.0, 885.0, 733.0, 7.35, 11.27, 0.0
62348.0, 40.780713455, -111.94099541733334, 1287.816, 0.21, -99999.0, -99999.0, -99999.0, 2.01638, 14940.3, 19.032, 0.245213, -99999.0, 0.21298419221666665, 432.43114921, 1.9965603873, 1.3091374144, -99999.0, -99999.0, -99999.0, -99999.0, -99999.0, 71.5, 28.37, 4.27, 32.64, -0.106, 4.031, 3.938, 764.0, 909.0, 753.0, 962.0, 881.0, 240.0, 996.0, 8.75, 9.7, 0.0
62349.0, 40.780713242833336, -111.94099530333332, 1287.799, 0.12, -99999.0, -99999.0, -99999.0, 2.01621, 14956.1, 19.068, 0.259342, -99999.0, 0.22705564365, 432.32450013, 1.9965603873, 1.3091374144, -99999.0, -99999.0, -99999.0, -99999.0, 0.0089878640414, 69.9, 28.38, 4.27, 32.65, -0.106, 4.031, 3.938, 925.0, 821.0, 783.0, 941.0, 846.0, 1012.0, 591.0, 6.7, 9.11, 0.0
62350.0, 40.78071289466667, -111.94099530716667, 1287.814, 0.07, -99999.0, -99999.0, -99999.0, 2.01616, 14993.2, 18.9687, 0.291821, -99999.0, 0.22705564365, 432.36519724, 1.9964754529, 1.3066171206, -99999.0, -99999.0, -99999.0, -99999.0, 0.0089878640414, -99999.0, 28.34, 4.29, 32.62, -0.052, 3.984, 3.922, 827.0, 754.0, 949.0, 629.0, 551.0, 287.0, 320.0, 7.74, 10.45, 0.0
62351.0, 40.780712587, -111.94099524666666, 1287.825, 0.07, -99999.0, -99999.0, -99999.0, 2.01666, 15028.6, 18.9549, 0.274322, -99999.0, 0.22705418798, 432.27918817, 1.9964754529, 1.3066171206, -99999.0, -99999.0, -99999.0, -99999.0, 0.011182874035, -99999.0, 28.34, 4.29, 32.62, -0.052, 3.984, 3.922, 881.0, 954.0, 990.0, 750.0, 747.0, 676.0, 778.0, 7.22, 7.22, 0.0
