ARC/USOS-ARL-Suite_ARC_20240724_RA.ict
71,1001
Xinrong Ren
NOAA Air Resources Lab
ARC-Suite
USOS: Utah Summer Ozone Study
1,1
2024,07,24,2024,07,24
1
StartTime_seconds, seconds, Start time in UTC seconds since midnight
38
1,1,1,1,1,1,1,1,1,1,1,1,1,1,1,1,1,1,1,1,1,1,1,1,1,1,1,1,1,1,1,1,1,1,1,1,1,1
-99999,-99999,-99999,-99999,-99999,-99999,-99999,-99999,-99999,-99999,-99999,-99999,-99999,-99999,-99999,-99999,-99999,-99999,-99999,-99999,-99999,-99999,-99999,-99999,-99999,-99999,-99999,-99999,-99999,-99999,-99999,-99999,-99999,-99999,-99999,-99999,-99999,-99999
lat_DGPS_deg, degrees, Latitude in decimal by Hemisphere VS1100 Differential GPS
lon_DGPS_deg, degrees, Longitude in decimal by Hemisphere VS1100 Differential GPS
alt_msl_m, meters, GPS Altitude MSL
speed_km_h, km/s, vehicle speed
RH, percent, relative humidity
true_WS_m_s, m/s, wind speed by 2D sonic sensor
true_WD_deg, degree, wind direction by 2D sonic sensor
CH4_aeris313_ppm, ppm, CH4 mixing ratio by Aeris
H2O_aeris313_ppm, ppm, H2O mixing ratio by Aeris
C2H6_aeris313_ppb, ppb, C2H6 mixing ratio by Aeris
r_aeris313, 1, relavence between CH4 and C2H6 by Aeris
C2C1_aeris313, 1, C2H6 to CH4 ratio by Aeris
CO_g2401m_ppm, ppm, CO mixing ratio by Picarro G2401m
CO2_g2401m_ppm, ppm, CO2 mixing ratio by Picarro G2401m
CH4_g2401m_ppm, ppm, CH4 mixing ratio by Picarro G2401m
H2O_g2401m, ppm, H2O mixing ratio by Picarro G2401m
delta13C_CH4_raw, permill, delta 13C of CH4 by Picarro G2201i
delta13C_CO2_raw, permill, delta 13C of CO2 by Picarro G2201i
CH4_g2201i_ppm, ppm, CH4 mixing ratio by Picarro G2201i
CO2_g2201i_ppm, ppm, CO2 mixing ratio by Picarro G2201i
NH3_g2301_ppb, ppb, NH3 mixing ratio by Picarro G2301
O3_2B_ppm, ppm, O3 mixing ratio by 2B
NO_G60_ppb, ppb, NO mixing ratio by G60
NO2_G60_ppb, ppb, NO2 mixing ratio by G60
NOx_G60_ppb, ppb, NOx mixing ratio by G60
NO_N500_ppb, ppb, NO mixing ratio by N500
NO2_N500_ppb, ppb, NO2 mixing ratio by N500
NOx_N500_ppb, ppb, NOx mixing ratio by N500
BC370_AE43_ng_m3, ng/m3, Black Carbon at 370 nm by AE43
BC470_AE43_ng_m3, ng/m3, Black Carbon at 470 nm by AE43
BC520_AE43_ng_m3, ng/m3, Black Carbon at 520 nm by AE43
BC590_AE43_ng_m3, ng/m3, Black Carbon at 590 nm by AE43
BC660_AE43_ng_m3, ng/m3, Black Carbon at 660 nm by AE43
BC880_AE43_ng_m3, ng/m3, Black Carbon at 880 nm by AE43
BC950_AE43_ng_m3, ng/m3, Black Carbon at 950 nm by AE43
PM25, ug/m3, PM2.5 by particle sensor
PM10, ug/m3, PM10 by particle sensor
Valve, boolian, indicator of valve conditions;0 is measurement; 10 is zeroing; 11 is spanning
1
SPECIAL COMMENTS, N/A
18
PI_CONTACT_INFO: xinrong.ren@noaa.gov, 301-683-1391, NOAA/ARL, 5830 University Research Court, College Park, MD 20740
PLATFORM: NOAA Air Resources Car
LOCATION: Salt Lake City
ASSOCIATED_DATA: N/A
INSTRUMENT_INFO: Hemisphere VS1100 differential GPS (Latitude, Longitude, GPS Altitude, speed), meteorological sensor (RH, WS, WD), 2B (O3), G60 CRDS (NO-NOx), Teledyne N500 (NO-NOx), Picarro G2401-m (CO2, CH4, CO, H2O), Picarro G2201i (CO2, CH4, d13C_CO2, d13C_CH4, H2O), Picarro 2301 (NH3), Aeris Ultra MIRA (CH4, C2H6, H2O, r, C2/C1), AE43 (Black Carbon), Partical sensor (PM2.5, PM10)
DATA_INFO: Records are reported at 1-second intervals. Hemisphere VS1100 differential GPS has 1-second ntervals. 2B O3 values are reported 2-second averages. G60 Cavity Rong Down NO-NO2-NO2 has 1-second average. Teledyne CAPS NO2 analyzer has 10-second time resolution. Picarro 2401m (CO2, CH4, CO, H2O) data has 2.5-second time resolution. Picarro 2201i (isotope) has ~5 second time resolution. Aeris Ultra MIRA has 1-second integration time. AE43 data are 10-second moving averages. Partical sensor has 10-second time resolution.
UNCERTAINTY: -99999, -99999, -99999, 15 m, -99999, -99999, -99999, -99999, 1 ppb, 100 ppm, 0.2 ppb, -99999, -99999, 5 ppb, 0.1 ppm, 1 ppb, 100 ppm, -99999, -99999, -99999, -99999, 2 ppb, 0.3 ppb, -99999, -99999, -99999, 0.05 ppb, 0.05 ppb, 0.05 ppb, 10 ng/m3, 10 ng/m3, 10 ng/m3, 10 ng/m3, 10 ng/m3, 10 ng/m3, 10 ng/m3, 10 ng/m3, 0
ULOD_FLAG: -77777
ULOD_VALUE: N/A
LLOD_FLAG: -88888
LLOD_VALUE: N/A
DM_CONTACT_INFO: Jiayang Sun; University of Maryland; jiayangs@umd.edu
PROJECT_INFO: USOS July - Aug 2024 https://deq.utah.gov/air-quality/utah-summer-ozone-study-usos
STIPULATIONS_ON_USE: Use of these data requires prior ok from PI.
OTHER_COMMENTS: N/A
REVISION: RA
RA: Preliminary Data for in-field use only.
StartTime_seconds, lat_DGPS_deg, lon_DGPS_deg, alt_msl_m, speed_km_h, RH, true_WS_m_s, true_WD_deg, CH4_aeris313_ppm, H2O_aeris313_ppm, C2H6_aeris313_ppb, r_aeris313, C2C1_aeris313, CO_g2401m_ppm, CO2_g2401m_ppm, CH4_g2401m_ppm, H2O_g2401m, delta13C_CH4_raw, delta13C_CO2_raw, CH4_g2201i_ppm, CO2_g2201i_ppm, NH3_g2301_ppb, O3_2B_ppm, NO_G60_ppb, NO2_G60_ppb, NOx_G60_ppb, NO_N500_ppb, NO2_N500_ppb, NOx_N500_ppb, BC370_AE43_ng_m3, BC470_AE43_ng_m3, BC520_AE43_ng_m3, BC590_AE43_ng_m3, BC660_AE43_ng_m3, BC880_AE43_ng_m3, BC950_AE43_ng_m3, PM25, PM10, Valve
[from data line 6807]
65291.0, 40.780700692833335, -111.94097442333332, 1290.199, 0.11, -99999.0, -99999.0, -99999.0, 1.99067, 14593.0, 18.0494, -0.00570971, -99999.0, 0.19025089146, 427.67676542000004, 1.9709713928, 1.2319891495, -99999.0, -99999.0, -99999.0, -99999.0, 0.013616402033, -99999.0, 26.89, 1.21, 28.1, -0.512, 1.297, 0.785, 866.0, 815.0, 422.0, 421.0, 644.0, 237.0, 768.0, 4.95, 5.53, 0.0
65292.0, 40.780700911833335, -111.94097429999998, 1290.15, 0.21, -99999.0, -99999.0, -99999.0, 1.99266, 14562.9, 17.9914, -0.0181174, -99999.0, 0.18884089604, 427.62035807, 1.9709713928, 1.2319891495, -99999.0, -99999.0, -99999.0, -99999.0, 0.013616402033, 72.3, 26.89, 1.24, 28.13, -0.512, 1.297, 0.785, 618.0, 459.0, 365.0, 626.0, 448.0, 722.0, 631.0, 5.29, 6.76, 0.0
65293.0, 40.780701098, -111.94097420450001, 1290.106, 0.1, -99999.0, -99999.0, -99999.0, 1.99199, 14548.2, 17.9318, -0.0236588, -99999.0, 0.188840297215, 427.7156301, 1.9716831316, 1.2542405924, -99999.0, -99999.0, -99999.0, -99999.0, 0.013616402033, -99999.0, 26.89, 1.24, 28.13, -0.512, 1.297, 0.785, 868.0, 702.0, 451.0, 447.0, 598.0, 628.0, 452.0, 5.38, 8.36, 0.0
65294.0, 40.780701258, -111.94097411883334, 1290.064, 0.16, -99999.0, -99999.0, -99999.0, 1.99256, 14550.1, 17.7399, -0.0770642, -99999.0, 0.18883969839, 427.47543419, 1.9716831316, 1.2542405924, -99999.0, -99999.0, -99999.0, -99999.0, -99999.0, 72.4, 26.92, 1.24, 28.16, -0.512, 1.297, 0.785, 724.0, 584.0, 490.0, 626.0, 667.0, 455.0, 508.0, 4.62, 5.2, 0.0
65295.0, 40.780701459333336, -111.94097400383335, 1290.029, 0.08, -99999.0, -99999.0, -99999.0, 1.99079, 14571.4, 17.9922, 0.0300771, -99999.0, 0.18645801368, 427.57050209, 1.97187510455, 1.2714151109, -99999.0, -99999.0, -99999.0, -99999.0, 0.011542606095, -99999.0, 26.9, 1.25, 28.16, -0.512, 1.297, 0.785, 726.0, 714.0, 695.0, 652.0, 584.0, 347.0, 439.0, 5.0, 9.97, 0.0
65296.0, 40.78070163766667, -111.940973929, 1289.991, 0.05, -99999.0, -99999.0, -99999.0, 1.99049, 14625.6, 18.0679, 0.0647708, -99999.0, 0.18645424432, 427.38417186000004, 1.9720670775, 1.2885896294, -99999.0, -99999.0, -99999.0, -99999.0, 0.011542606095, 70.1, 26.88, 1.29, 28.17, -0.512, 1.297, 0.785, 732.0, 653.0, 539.0, 547.0, 323.0, 803.0, 397.0, 5.08, 6.03, 0.0
65297.0, 40.780701832666665, -111.94097384316667, 1289.949, 0.03, -99999.0, -99999.0, -99999.0, 1.99396, 14697.4, 18.006, 0.0285665, -99999.0, 0.18560952984, 427.10277373, 1.9720670775, 1.2885896294, -99999.0, -99999.0, -99999.0, -99999.0, 0.011542606095, -99999.0, 26.89, 1.29, 28.18, -0.512, 1.297, 0.785, 646.0, 587.0, 801.0, 302.0, 473.0, 357.0, 1016.0, 5.34, 13.59, 0.0
65298.0, 40.780702007833334, -111.94097378033332, 1289.911, 0.14, -99999.0, -99999.0, -99999.0, 1.99283, 14778.8, 18.1383, 0.0287785, -99999.0, 0.18560989652999998, 427.19853673, 1.9721703785, 1.2827490735, -99999.0, -99999.0, -99999.0, -99999.0, -99999.0, 67.9, 26.95, 1.3, 28.24, -0.512, 1.297, 0.785, 866.0, 778.0, 606.0, 576.0, 417.0, 316.0, 397.0, 5.33, 6.48, 0.0
65299.0, 40.78070221499999, -111.94097372899999, 1289.877, 0.1, -99999.0, -99999.0, -99999.0, 1.99112, 14836.7, 18.0068, 0.0531703, -99999.0, 0.18561026322, 427.36037017, 1.9721703785, 1.2827490735, -99999.0, -99999.0, -99999.0, -99999.0, 0.011100478547, -99999.0, 26.91, 1.33, 28.24, -0.512, 1.297, 0.785, 702.0, 540.0, 682.0, 502.0, 481.0, 240.0, 576.0, 4.3, 7.38, 0.0
65300.0, 40.78070242033333, -111.94097367649998, 1289.85, 0.07, -99999.0, -99999.0, -99999.0, 1.99223, 14865.8, 18.2301, 0.0170546, -99999.0, 0.1848338048, 427.36037017, 1.9721703785, 1.2827490735, -99999.0, -99999.0, -99999.0, -99999.0, 0.011100478547, 66.9, 26.9, 1.33, 28.23, -0.512, 1.297, 0.785, 784.0, 728.0, 949.0, 732.0, 701.0, 709.0, 330.0, 4.85, 8.29, 0.0
65301.0, 40.78070255583333, -111.94097364216665, 1289.821, 0.24, -99999.0, -99999.0, -99999.0, 1.99299, 14893.4, 17.9357, 0.0401157, -99999.0, 0.1848329279933333, 427.32999943666664, 1.9723300765999998, 1.2997047324, -99999.0, -99999.0, -99999.0, -99999.0, 0.011100478547, -99999.0, 26.88, 1.35, 28.23, -0.512, 1.297, 0.785, 429.0, 617.0, 775.0, 376.0, 426.0, 630.0, 1166.0, 5.84, 12.62, 0.0
65302.0, 40.780702748500005, -111.9409735725, 1289.789, 0.14, -99999.0, -99999.0, -99999.0, 1.9907, 14919.0, 18.0132, 0.0445151, -99999.0, 0.17996900719, 427.19460325, 1.9723300766, 1.2997047324, -99999.0, -99999.0, -99999.0, -99999.0, -99999.0, 65.7, 26.9, 1.34, 28.24, -0.512, 1.297, 0.785, 674.0, 518.0, 625.0, 809.0, 598.0, 668.0, 316.0, 5.06, 5.64, 0.0
65303.0, 40.78070290066666, -111.94097355883332, 1289.767, 0.02, -99999.0, -99999.0, -99999.0, 1.99222, 14956.0, 18.2059, 0.0787624, -99999.0, 0.17996785749, 427.31267428, 1.9722812623, 1.317903315, -99999.0, -99999.0, -99999.0, -99999.0, 0.01153701954, -99999.0, 26.91, 1.36, 28.27, -0.512, 1.297, 0.785, 758.0, 603.0, 474.0, 350.0, 471.0, 752.0, 1070.0, 5.31, 16.47, 0.0
65304.0, 40.78070294016667, -111.94097359616666, 1289.77, 0.18, -99999.0, -99999.0, -99999.0, 1.99094, 15013.2, 18.3364, 0.0201956, -99999.0, 0.17996670779, 427.00415395, 1.9722812623, 1.317903315, -99999.0, -99999.0, -99999.0, -99999.0, 0.01153701954, 65.8, 26.91, 1.35, 28.26, -0.512, 1.297, 0.785, 648.0, 566.0, 591.0, 607.0, 880.0, 300.0, 576.0, 5.36, 9.19, 0.0
65305.0, 40.780702936, -111.94097368983333, 1289.77, 0.07, -99999.0, -99999.0, -99999.0, 1.99128, 15080.0, 17.8579, 0.057034, -99999.0, 0.18303071624, 427.00415395, 1.9722812623, 1.317903315, -99999.0, -99999.0, -99999.0, -99999.0, 0.01153701954, -99999.0, 26.94, 1.35, 28.28, -0.535, 1.328, 0.789, 623.0, 669.0, 715.0, 626.0, 608.0, 492.0, 55.0, 5.6, 7.64, 0.0
65306.0, 40.78070295583333, -111.94097370700001, 1289.756, 0.02, -99999.0, -99999.0, -99999.0, 1.98967, 15116.3, 18.024, 0.0303882, -99999.0, 0.18302723688666667, 426.8763588433333, 1.9729210898, 1.3340804008000002, -99999.0, -99999.0, -99999.0, -99999.0, -99999.0, 67.0, 26.91, 1.36, 28.27, -0.535, 1.328, 0.789, 565.0, 738.0, 557.0, 679.0, 722.0, 884.0, 1070.0, 5.31, 6.77, 0.0
65307.0, 40.780703133833335, -111.94097370933332, 1289.737, 0.08, -99999.0, -99999.0, -99999.0, 1.99008, 15157.3, 17.8876, 0.0669606, -99999.0, 0.17822407791, 426.38991109, 1.9729210898, 1.3340804008, -99999.0, -99999.0, -99999.0, -99999.0, 0.01044422408, -99999.0, 26.92, 1.36, 28.28, -0.535, 1.328, 0.789, 726.0, 662.0, 428.0, 327.0, 427.0, 727.0, 631.0, 5.4, 10.68, 0.0
65308.0, 40.78070331066666, -111.94097378533334, 1289.716, 0.03, -99999.0, -99999.0, -99999.0, 1.9915, 15214.9, 17.9187, 0.0299403, -99999.0, 0.17822312664, 426.51096056, 1.9729220536, 1.3540013397, -99999.0, -99999.0, -99999.0, -99999.0, 0.01044422408, 66.8, 26.96, 1.36, 28.32, -0.535, 1.328, 0.789, 674.0, 500.0, 404.0, 425.0, 551.0, 221.0, 659.0, 4.56, 6.6, 0.0
65309.0, 40.78070331083333, -111.94097393166666, 1289.724, 0.05, -99999.0, -99999.0, -99999.0, 1.99113, 15283.3, 18.0767, 0.0324119, -99999.0, 0.17822217537, 426.20708538, 1.9729220536, 1.3540013397, -99999.0, -99999.0, -99999.0, -99999.0, 0.01044422408, -99999.0, 26.94, 1.39, 28.33, -0.535, 1.328, 0.789, 866.0, 782.0, 666.0, 578.0, 654.0, 332.0, 439.0, 5.79, 5.79, 0.0
65310.0, 40.78070327099999, -111.94097407566666, 1289.726, 0.24, -99999.0, -99999.0, -99999.0, 1.99157, 15372.1, 18.0197, 0.00100474, -99999.0, 0.18166190406, 426.20708538, 1.9729220536, 1.3540013397, -99999.0, -99999.0, -99999.0, -99999.0, 0.010648257862, 66.2, 26.94, 1.41, 28.35, -0.535, 1.328, 0.789, 789.0, 766.0, 415.0, 369.0, 695.0, 391.0, 975.0, 5.08, 11.2, 0.0
65311.0, 40.780703142, -111.940974198, 1289.731, 0.12, -99999.0, -99999.0, -99999.0, 1.98971, 15413.4, 18.0731, 0.0247769, -99999.0, 0.18166199106, 426.27431427, 1.9724726506, 1.354129244, -99999.0, -99999.0, -99999.0, -99999.0, -99999.0, -99999.0, 26.95, 1.4, 28.35, -0.535, 1.328, 0.789, 539.0, 641.0, 547.0, 525.0, 825.0, 526.0, 206.0, 5.74, 7.78, 0.0
65312.0, 40.7807031245, -111.94097431133332, 1289.734, 0.24, -99999.0, -99999.0, -99999.0, 1.99052, 15436.4, 18.1626, -0.0138685, -99999.0, 0.184582510335, 426.2859271, 1.9724726506, 1.354129244, -99999.0, -99999.0, -99999.0, -99999.0, 0.010648257862, 67.2, 26.9, 1.41, 28.31, -0.535, 1.328, 0.789, 700.0, 879.0, 643.0, 422.0, 412.0, 604.0, 687.0, 4.66, 5.24, 0.0
65313.0, 40.780703192333334, -111.94097442166667, 1289.73, 0.23, -99999.0, -99999.0, -99999.0, 1.98991, 15470.6, 17.9656, 0.0206016, -99999.0, 0.18750294261, 426.23310768, 1.9728919702, 1.3382496857, -99999.0, -99999.0, -99999.0, -99999.0, 0.010648257862, -99999.0, 26.88, 1.41, 28.3, -0.535, 1.328, 0.789, 646.0, 660.0, 635.0, 652.0, 435.0, 398.0, 384.0, 6.34, 7.87, 0.0
65314.0, 40.78070340266667, -111.94097444299999, 1289.697, 0.25, -99999.0, -99999.0, -99999.0, 1.9906, 15474.2, 18.0165, 0.0703383, -99999.0, 0.18750418856, 426.31867833, 1.9728919702, 1.3382496857, -99999.0, -99999.0, -99999.0, -99999.0, 0.0081660806832, 67.4, 26.93, 1.42, 28.35, -0.535, 1.328, 0.789, 810.0, 530.0, 619.0, 399.0, 631.0, 471.0, 439.0, 5.62, 7.08, 0.0
65315.0, 40.78070361466666, -111.94097442566665, 1289.673, 0.07, -99999.0, -99999.0, -99999.0, 1.98891, 15466.4, 17.9893, 0.119941, -99999.0, 0.18171056753, 426.40424898, 1.9728919702, 1.3382496857, -99999.0, -99999.0, -99999.0, -99999.0, -99999.0, -99999.0, 26.93, 1.42, 28.35, -0.535, 1.328, 0.789, 485.0, 467.0, 739.0, 373.0, 404.0, 668.0, 427.0, 5.81, 5.81, 0.0
65316.0, 40.780703804666665, -111.940974517, 1289.641, 0.2, -99999.0, -99999.0, -99999.0, 1.99009, 15449.5, 18.4223, 0.0493189, -99999.0, 0.1817099107, 426.38080476, 1.9728772257, 1.3471356086, -99999.0, -99999.0, -99999.0, -99999.0, 0.0081660806832, 67.0, 26.89, 1.46, 28.35, -0.535, 1.328, 0.789, 618.0, 931.0, 687.0, 528.0, 574.0, 666.0, 494.0, 6.06, 11.08, 0.0
65317.0, 40.78070401066667, -111.940974594, 1289.622, 0.02, -99999.0, -99999.0, -99999.0, 1.99051, 15443.1, 18.1612, 0.0153018, -99999.0, 0.18170925387, 426.26557186, 1.9728772257, 1.3471356086, -99999.0, -99999.0, -99999.0, -99999.0, 0.0081660806832, -99999.0, 26.87, 1.47, 28.34, -0.535, 1.328, 0.789, 482.0, 698.0, 505.0, 527.0, 686.0, 630.0, 494.0, 4.75, 8.77, 0.0
65318.0, 40.780704207, -111.94097463450001, 1289.592, 0.18, -99999.0, -99999.0, -99999.0, 1.98906, 15441.6, 17.8902, 0.0955575, -99999.0, 0.18337869964, 426.26637436, 1.9727165316000002, 1.342931975, -99999.0, -99999.0, -99999.0, -99999.0, 0.012573286576, 67.7, 26.94, 1.46, 28.4, -0.535, 1.328, 0.789, 537.0, 462.0, 721.0, 300.0, 199.0, 456.0, 439.0, 5.26, 6.79, 0.0
65319.0, 40.78070451516666, -111.94097469133334, 1289.566, 0.26, -99999.0, -99999.0, -99999.0, 1.99048, 15479.4, 17.9341, -0.0309516, -99999.0, 0.18338150023, 426.414101805, 1.9725558375, 1.3387283414, -99999.0, -99999.0, -99999.0, -99999.0, -99999.0, -99999.0, 26.93, 1.47, 28.4, -0.535, 1.328, 0.789, 754.0, 683.0, 855.0, 482.0, 505.0, 335.0, 618.0, 4.82, 6.28, 0.0
65320.0, 40.78070489383334, -111.94097474533334, 1289.518, 0.11, -99999.0, -99999.0, -99999.0, 1.98864, 15510.6, 18.1242, -0.0931496, -99999.0, 0.1881186661, 426.56102675, 1.9725558375, 1.3387283414, -99999.0, -99999.0, -99999.0, -99999.0, 0.012573286576, 69.6, 26.92, 1.47, 28.39, -0.535, 1.328, 0.789, 592.0, 528.0, 619.0, 502.0, 496.0, 471.0, 618.0, 5.81, 5.81, 0.0
65321.0, 40.7807052335, -111.94097475933334, 1289.466, 0.19, -99999.0, -99999.0, -99999.0, 1.98875, 15496.4, 18.3206, -0.187619, -99999.0, 0.18812273591, 426.37144208, 1.9724718239, 1.2906327193, -99999.0, -99999.0, -99999.0, -99999.0, 0.012573286576, -99999.0, 26.91, 1.44, 28.35, -0.535, 1.328, 0.789, 730.0, 518.0, 829.0, 430.0, 817.0, 745.0, 783.0, 5.14, 6.67, 0.0
65322.0, 40.78070552283334, -111.94097477183335, 1289.424, 0.36, -99999.0, -99999.0, -99999.0, 1.98888, 15438.8, 17.9742, -0.144302, -99999.0, 0.18812680572, 427.58778553, 1.9724718239, 1.2906327193, -99999.0, -99999.0, -99999.0, -99999.0, 0.0098114222656, 70.5, 26.91, 1.44, 28.34, -0.535, 1.328, 0.789, 562.0, 721.0, 625.0, 525.0, 334.0, 376.0, 714.0, 4.93, 7.54, 0.0
65323.0, 40.78070603016666, -111.94097464, 1289.351, 0.23, -99999.0, -99999.0, -99999.0, 1.98863, 15347.9, 17.9071, -0.067682, -99999.0, 0.18418188069, 427.464945515, 1.9725557319, 1.2781120679, -99999.0, -99999.0, -99999.0, -99999.0, -99999.0, -99999.0, 26.91, 1.44, 28.35, -0.535, 1.328, 0.789, 670.0, 740.0, 601.0, 807.0, 778.0, 258.0, 715.0, 5.68, 7.81, 0.0
65324.0, 40.7807064585, -111.94097454183333, 1289.286, 0.08, -99999.0, -99999.0, -99999.0, 1.98955, 15230.0, 17.992, 0.0444671, -99999.0, 0.18418482958, 427.567821105, 1.9726396399, 1.2655914165, -99999.0, -99999.0, -99999.0, -99999.0, 0.0098114222656, 68.3, 26.97, 1.43, 28.41, -0.535, 1.328, 0.789, 729.0, 632.0, 380.0, 703.0, 440.0, 526.0, 685.0, 6.15, 7.31, 0.0
65325.0, 40.780706911, -111.94097470616667, 1289.236, 0.12, -99999.0, -99999.0, -99999.0, 1.99066, 15132.0, 18.1035, 0.0475367, -99999.0, 0.18275180302, 427.79353671, 1.9726396399, 1.2655914165, -99999.0, -99999.0, -99999.0, -99999.0, 0.0098114222656, -99999.0, 26.97, 1.43, 28.4, -0.535, 1.328, 0.789, 700.0, 441.0, 705.0, 478.0, 802.0, 432.0, 453.0, 5.32, 27.21, 0.0
65326.0, 40.780707383000006, -111.94097477416666, 1289.24, 0.1, -99999.0, -99999.0, -99999.0, 1.99198, 15042.1, 18.1569, 0.0698455, -99999.0, 0.18275220317500002, 427.69572811, 1.9724730515, 1.2615286135, -99999.0, -99999.0, -99999.0, -99999.0, 0.0091360045294, 66.9, 26.95, 1.45, 28.39, -0.535, 1.328, 0.789, 620.0, 738.0, 788.0, 630.0, 722.0, 689.0, 261.0, 5.22, 14.41, 0.0
65327.0, 40.7807080165, -111.94097472483332, 1289.265, 0.18, -99999.0, -99999.0, -99999.0, 1.99105, 14956.7, 17.968, 0.106032, -99999.0, 0.18275260333, 427.81591042, 1.9724730515, 1.2615286135, -99999.0, -99999.0, -99999.0, -99999.0, -99999.0, -99999.0, 26.92, 1.47, 28.39, -0.5, 1.328, 0.824, 677.0, 653.0, 490.0, 807.0, 779.0, 475.0, 604.0, 6.2, 8.88, 0.0
65328.0, 40.78070833133334, -111.94097480166666, 1289.259, 0.3, -99999.0, -99999.0, -99999.0, 1.99138, 14905.7, 18.1938, 0.0978137, -99999.0, 0.18460638381, 427.81591042, 1.9724730515, 1.2615286135, -99999.0, -99999.0, -99999.0, -99999.0, 0.0091360045294, 68.2, 26.95, 1.46, 28.41, -0.5, 1.328, 0.824, 592.0, 462.0, 591.0, 404.0, 608.0, 554.0, 440.0, 4.45, 4.45, 0.0
65329.0, 40.78070846483333, -111.9409749515, 1289.259, 0.29, -99999.0, -99999.0, -99999.0, 1.99459, 14868.0, 17.9893, 0.0367985, -99999.0, 0.1846067672366667, 427.81109253333335, 1.9726890404, 1.2578556236, -99999.0, -99999.0, -99999.0, -99999.0, 0.0091360045294, -99999.0, 26.98, 1.47, 28.45, -0.5, 1.328, 0.824, 511.0, 797.0, 404.0, 525.0, 528.0, 627.0, 508.0, 4.95, 6.41, 0.0
65330.0, 40.78070859083334, -111.9409749685, 1289.24, 0.1, -99999.0, -99999.0, -99999.0, 1.99422, 14842.1, 17.7937, -0.154702, -99999.0, 0.18733059982, 427.8534688, 1.9726890404, 1.2578556236, -99999.0, -99999.0, -99999.0, -99999.0, 0.0088544891083, 69.0, 26.96, 1.48, 28.45, -0.5, 1.328, 0.824, 760.0, 632.0, 511.0, 605.0, 576.0, 417.0, 550.0, 5.02, 5.6, 0.0
65331.0, 40.780708519, -111.94097496166665, 1289.231, 0.09, -99999.0, -99999.0, -99999.0, 1.99252, 14818.3, 18.0664, -0.111774, -99999.0, 0.187330508475, 427.83081033, 1.972643591, 1.2547889509, -99999.0, -99999.0, -99999.0, -99999.0, -99999.0, -99999.0, 26.95, 1.49, 28.44, -0.5, 1.328, 0.824, 597.0, 639.0, 767.0, 373.0, 757.0, 631.0, 604.0, 4.91, 5.49, 0.0
65332.0, 40.780708530999995, -111.94097494483334, 1289.202, 0.41, -99999.0, -99999.0, -99999.0, 1.99082, 14791.9, 18.2497, -0.103527, -99999.0, 0.18733041713, 427.77793194, 1.972643591, 1.2547889509, -99999.0, -99999.0, -99999.0, -99999.0, 0.0088544891083, 69.3, 26.95, 1.5, 28.46, -0.5, 1.328, 0.824, 784.0, 471.0, 759.0, 399.0, 445.0, 570.0, 866.0, 4.78, 8.8, 0.0
65333.0, 40.780708462999996, -111.94097485299999, 1289.175, 0.48, -99999.0, -99999.0, -99999.0, 1.99046, 14784.2, 17.9899, -0.143429, -99999.0, 0.17988006271, 427.77793194, 1.972643591, 1.2547889509, -99999.0, -99999.0, -99999.0, -99999.0, 0.0088544891083, -99999.0, 26.95, 1.52, 28.48, -0.5, 1.328, 0.824, 758.0, 731.0, 793.0, 302.0, 496.0, 303.0, 289.0, 5.7, 7.81, 0.0
