ARC/USOS-ARL-Suite_ARC_20240724_RA.ict
71,1001
Xinrong Ren
NOAA Air Resources Lab
ARC-Suite
USOS: Utah Summer Ozone Study
1,1
2024,07,24,2024,07,24
1
StartTime_seconds, seconds, Start time in UTC seconds since midnight
38
1,1,1,1,1,1,1,1,1,1,1,1,1,1,1,1,1,1,1,1,1,1,1,1,1,1,1,1,1,1,1,1,1,1,1,1,1,1
-99999,-99999,-99999,-99999,-99999,-99999,-99999,-99999,-99999,-99999,-99999,-99999,-99999,-99999,-99999,-99999,-99999,-99999,-99999,-99999,-99999,-99999,-99999,-99999,-99999,-99999,-99999,-99999,-99999,-99999,-99999,-99999,-99999,-99999,-99999,-99999,-99999,-99999
lat_DGPS_deg, degrees, Latitude in decimal by Hemisphere VS1100 Differential GPS
lon_DGPS_deg, degrees, Longitude in decimal by Hemisphere VS1100 Differential GPS
alt_msl_m, meters, GPS Altitude MSL
speed_km_h, km/s, vehicle speed
RH, percent, relative humidity
true_WS_m_s, m/s, wind speed by 2D sonic sensor
true_WD_deg, degree, wind direction by 2D sonic sensor
CH4_aeris313_ppm, ppm, CH4 mixing ratio by Aeris
H2O_aeris313_ppm, ppm, H2O mixing ratio by Aeris
C2H6_aeris313_ppb, ppb, C2H6 mixing ratio by Aeris
r_aeris313, 1, relavence between CH4 and C2H6 by Aeris
C2C1_aeris313, 1, C2H6 to CH4 ratio by Aeris
CO_g2401m_ppm, ppm, CO mixing ratio by Picarro G2401m
CO2_g2401m_ppm, ppm, CO2 mixing ratio by Picarro G2401m
CH4_g2401m_ppm, ppm, CH4 mixing ratio by Picarro G2401m
H2O_g2401m, ppm, H2O mixing ratio by Picarro G2401m
delta13C_CH4_raw, permill, delta 13C of CH4 by Picarro G2201i
delta13C_CO2_raw, permill, delta 13C of CO2 by Picarro G2201i
CH4_g2201i_ppm, ppm, CH4 mixing ratio by Picarro G2201i
CO2_g2201i_ppm, ppm, CO2 mixing ratio by Picarro G2201i
NH3_g2301_ppb, ppb, NH3 mixing ratio by Picarro G2301
O3_2B_ppm, ppm, O3 mixing ratio by 2B
NO_G60_ppb, ppb, NO mixing ratio by G60
NO2_G60_ppb, ppb, NO2 mixing ratio by G60
NOx_G60_ppb, ppb, NOx mixing ratio by G60
NO_N500_ppb, ppb, NO mixing ratio by N500
NO2_N500_ppb, ppb, NO2 mixing ratio by N500
NOx_N500_ppb, ppb, NOx mixing ratio by N500
BC370_AE43_ng_m3, ng/m3, Black Carbon at 370 nm by AE43
BC470_AE43_ng_m3, ng/m3, Black Carbon at 470 nm by AE43
BC520_AE43_ng_m3, ng/m3, Black Carbon at 520 nm by AE43
BC590_AE43_ng_m3, ng/m3, Black Carbon at 590 nm by AE43
BC660_AE43_ng_m3, ng/m3, Black Carbon at 660 nm by AE43
BC880_AE43_ng_m3, ng/m3, Black Carbon at 880 nm by AE43
BC950_AE43_ng_m3, ng/m3, Black Carbon at 950 nm by AE43
PM25, ug/m3, PM2.5 by particle sensor
PM10, ug/m3, PM10 by particle sensor
Valve, boolian, indicator of valve conditions;0 is measurement; 10 is zeroing; 11 is spanning
1
SPECIAL COMMENTS, N/A
18
PI_CONTACT_INFO: xinrong.ren@noaa.gov, 301-683-1391, NOAA/ARL, 5830 University Research Court, College Park, MD 20740
PLATFORM: NOAA Air Resources Car
LOCATION: Salt Lake City
ASSOCIATED_DATA: N/A
INSTRUMENT_INFO: Hemisphere VS1100 differential GPS (Latitude, Longitude, GPS Altitude, speed), meteorological sensor (RH, WS, WD), 2B (O3), G60 CRDS (NO-NOx), Teledyne N500 (NO-NOx), Picarro G2401-m (CO2, CH4, CO, H2O), Picarro G2201i (CO2, CH4, d13C_CO2, d13C_CH4, H2O), Picarro 2301 (NH3), Aeris Ultra MIRA (CH4, C2H6, H2O, r, C2/C1), AE43 (Black Carbon), Partical sensor (PM2.5, PM10)
DATA_INFO: Records are reported at 1-second intervals. Hemisphere VS1100 differential GPS has 1-second ntervals. 2B O3 values are reported 2-second averages. G60 Cavity Rong Down NO-NO2-NO2 has 1-second average. Teledyne CAPS NO2 analyzer has 10-second time resolution. Picarro 2401m (CO2, CH4, CO, H2O) data has 2.5-second time resolution. Picarro 2201i (isotope) has ~5 second time resolution. Aeris Ultra MIRA has 1-second integration time. AE43 data are 10-second moving averages. Partical sensor has 10-second time resolution.
UNCERTAINTY: -99999, -99999, -99999, 15 m, -99999, -99999, -99999, -99999, 1 ppb, 100 ppm, 0.2 ppb, -99999, -99999, 5 ppb, 0.1 ppm, 1 ppb, 100 ppm, -99999, -99999, -99999, -99999, 2 ppb, 0.3 ppb, -99999, -99999, -99999, 0.05 ppb, 0.05 ppb, 0.05 ppb, 10 ng/m3, 10 ng/m3, 10 ng/m3, 10 ng/m3, 10 ng/m3, 10 ng/m3, 10 ng/m3, 10 ng/m3, 0
ULOD_FLAG: -77777
ULOD_VALUE: N/A
LLOD_FLAG: -88888
LLOD_VALUE: N/A
DM_CONTACT_INFO: Jiayang Sun; University of Maryland; jiayangs@umd.edu
PROJECT_INFO: USOS July - Aug 2024 https://deq.utah.gov/air-quality/utah-summer-ozone-study-usos
STIPULATIONS_ON_USE: Use of these data requires prior ok from PI.
OTHER_COMMENTS: N/A
REVISION: RA
RA: Preliminary Data for in-field use only.
StartTime_seconds, lat_DGPS_deg, lon_DGPS_deg, alt_msl_m, speed_km_h, RH, true_WS_m_s, true_WD_deg, CH4_aeris313_ppm, H2O_aeris313_ppm, C2H6_aeris313_ppb, r_aeris313, C2C1_aeris313, CO_g2401m_ppm, CO2_g2401m_ppm, CH4_g2401m_ppm, H2O_g2401m, delta13C_CH4_raw, delta13C_CO2_raw, CH4_g2201i_ppm, CO2_g2201i_ppm, NH3_g2301_ppb, O3_2B_ppm, NO_G60_ppb, NO2_G60_ppb, NOx_G60_ppb, NO_N500_ppb, NO2_N500_ppb, NOx_N500_ppb, BC370_AE43_ng_m3, BC470_AE43_ng_m3, BC520_AE43_ng_m3, BC590_AE43_ng_m3, BC660_AE43_ng_m3, BC880_AE43_ng_m3, BC950_AE43_ng_m3, PM25, PM10, Valve
[from data line 4905]
63389.0, 40.780681769333334, -111.94098454583333, 1288.775, 0.14, -99999.0, -99999.0, -99999.0, 2.02067, 16142.1, 19.3885, 0.163297, -99999.0, 0.23811596776, 430.60854432, 2.0067339942, 1.4446436059, -99999.0, -99999.0, -99999.0, -99999.0, 0.0077009548351, -99999.0, 27.32, 4.18, 31.51, -0.334, 3.875, 3.547, 968.0, 811.0, 758.0, 883.0, 938.0, 714.0, 996.0, 7.2, 7.78, 0.0
63390.0, 40.780681743, -111.94098452233332, 1288.726, 0.08, -99999.0, -99999.0, -99999.0, 2.0199, 16197.2, 19.1918, 0.163198, -99999.0, 0.23811535485333332, 430.6107631933334, 2.0058277893, 1.4376390979, -99999.0, -99999.0, -99999.0, -99999.0, -99999.0, 71.5, 27.34, 4.23, 31.56, -0.334, 3.875, 3.547, 1009.0, 1053.0, 863.0, 580.0, 819.0, 1032.0, 711.0, 7.03, 11.84, 0.0
63391.0, 40.78068171933333, -111.94098452766666, 1288.671, 0.12, -99999.0, -99999.0, -99999.0, 2.02167, 16230.3, 19.2695, 0.172679, -99999.0, 0.23502051492, 430.50532464, 2.0058277893, 1.4376390979, -99999.0, -99999.0, -99999.0, -99999.0, 0.0077009548351, -99999.0, 27.38, 4.29, 31.68, -0.334, 3.875, 3.547, 866.0, 912.0, 737.0, 1040.0, 1009.0, 1141.0, 638.0, 7.73, 13.31, 0.0
63392.0, 40.780681686, -111.94098446083332, 1288.615, 0.02, -99999.0, -99999.0, -99999.0, 2.01852, 16245.8, 19.5311, 0.155962, -99999.0, 0.23502051492, 430.42032896, 2.0049686681, 1.419562816, -99999.0, -99999.0, -99999.0, -99999.0, 0.0077009548351, 73.2, 27.39, 4.36, 31.75, -0.334, 3.875, 3.547, 981.0, 1065.0, 950.0, 440.0, 542.0, 747.0, 674.0, 6.88, 10.25, 0.0
63393.0, 40.78068169783334, -111.9409844365, 1288.564, 0.12, -99999.0, -99999.0, -99999.0, 2.01828, 16249.1, 19.0737, 0.217969, -99999.0, 0.23502434839, 430.652766965, 2.0049686681, 1.419562816, -99999.0, -99999.0, -99999.0, -99999.0, 0.010139846773, -99999.0, 27.48, 4.38, 31.86, -0.334, 3.875, 3.547, 915.0, 954.0, 832.0, 551.0, 798.0, 499.0, 674.0, 7.57, 8.72, 0.0
63394.0, 40.7806816865, -111.94098440783334, 1288.51, 0.21, -99999.0, -99999.0, -99999.0, 2.01974, 16209.8, 19.4301, 0.20812, -99999.0, 0.22790185098, 430.88520497, 2.0049686681, 1.419562816, -99999.0, -99999.0, -99999.0, -99999.0, -99999.0, 73.7, 27.53, 4.43, 31.96, -0.334, 3.875, 3.547, 1027.0, 745.0, 904.0, 715.0, 855.0, 989.0, 1063.0, 7.97, 10.58, 0.0
63395.0, 40.780681715499995, -111.94098433133334, 1288.453, 0.11, -99999.0, -99999.0, -99999.0, 2.01699, 16190.4, 19.0298, 0.279412, -99999.0, 0.22789855386, 430.89898444, 2.0050976151, 1.4417042155, -99999.0, -99999.0, -99999.0, -99999.0, 0.010139846773, -99999.0, 27.61, 4.46, 32.07, -0.334, 3.875, 3.547, 943.0, 1015.0, 788.0, 483.0, 620.0, 567.0, 773.0, 7.75, 12.71, 0.0
63396.0, 40.780681802000004, -111.94098433566666, 1288.397, 0.09, -99999.0, -99999.0, -99999.0, 2.01999, 16213.6, 19.3672, 0.165618, -99999.0, 0.22789525674, 430.1304828, 2.0050976151, 1.4417042155, -99999.0, -99999.0, -99999.0, -99999.0, 0.010139846773, 71.9, 27.61, 4.52, 32.13, -0.334, 3.875, 3.547, 968.0, 947.0, 642.0, 696.0, 779.0, 760.0, 1060.0, 7.2, 9.81, 0.0
63397.0, 40.780681882500005, -111.94098430466666, 1288.349, 0.27, -99999.0, -99999.0, -99999.0, 2.01775, 16238.5, 19.564, 0.0412622, -99999.0, 0.2251158884, 430.13107170499995, 2.00441831345, 1.43080735445, -99999.0, -99999.0, -99999.0, -99999.0, 0.010730963125, -99999.0, 27.68, 4.55, 32.23, -0.334, 3.875, 3.547, 909.0, 866.0, 696.0, 419.0, 384.0, 606.0, 1158.0, 7.25, 9.29, 0.0
63398.0, 40.780681964666655, -111.94098426516666, 1288.309, 0.31, -99999.0, -99999.0, -99999.0, 2.01864, 16277.2, 19.4996, -0.0240699, -99999.0, 0.22512009885, 430.3682474, 2.0037390118, 1.4199104934, -99999.0, -99999.0, -99999.0, -99999.0, 0.010730963125, 70.9, 27.73, 4.57, 32.3, -0.334, 3.875, 3.547, 992.0, 747.0, 755.0, 651.0, 882.0, 690.0, 694.0, 7.25, 7.83, 0.0
63399.0, 40.780681972000004, -111.94098419766667, 1288.271, 0.06, -99999.0, -99999.0, -99999.0, 2.01937, 16277.7, 18.9886, -0.00015341, -99999.0, 0.22653719958, 430.60483419, 2.0037390118, 1.4199104934, -99999.0, -99999.0, -99999.0, -99999.0, 0.010730963125, -99999.0, 27.76, 4.58, 32.34, -0.334, 3.875, 3.547, 1031.0, 958.0, 591.0, 463.0, 740.0, 989.0, 1388.0, 8.26, 13.76, 0.0
63400.0, 40.78068203333333, -111.94098414166668, 1288.227, 0.07, -99999.0, -99999.0, -99999.0, 2.01779, 16232.1, 19.3329, -0.0167704, -99999.0, 0.2265397959, 430.42450131, 2.0038308125, 1.3884874137, -99999.0, -99999.0, -99999.0, -99999.0, 0.010730963125, 71.1, 27.75, 4.6, 32.35, -0.334, 3.875, 3.547, 861.0, 1104.0, 560.0, 906.0, 994.0, 735.0, 799.0, 8.42, 17.09, 0.0
63401.0, 40.78068211033333, -111.94098413166667, 1288.18, 0.06, -99999.0, -99999.0, -99999.0, 2.01575, 16184.5, 19.5147, -0.0953409, -99999.0, 0.22654239222, 431.09559055, 2.0038308125, 1.3884874137, -99999.0, -99999.0, -99999.0, -99999.0, 0.01237903662, -99999.0, 27.74, 4.62, 32.37, -0.334, 3.875, 3.547, 730.0, 711.0, 876.0, 795.0, 678.0, 1084.0, 805.0, 8.15, 13.83, 0.0
63402.0, 40.780682145499995, -111.94098405633333, 1288.134, 0.12, -99999.0, -99999.0, -99999.0, 2.01657, 16119.7, 19.0265, 0.00167848, -99999.0, 0.23500434528, 431.09559055, 2.0038308125, 1.3884874137, -99999.0, -99999.0, -99999.0, -99999.0, 0.01237903662, 72.9, 27.78, 4.63, 32.41, -0.208, 3.875, 3.672, 939.0, 1061.0, 683.0, 701.0, 742.0, 561.0, 785.0, 8.15, 13.83, 0.0
63403.0, 40.780682295666665, -111.94098401083332, 1288.074, 0.07, -99999.0, -99999.0, -99999.0, 2.01825, 16054.7, 19.1265, 0.017112, -99999.0, 0.23499906472666665, 430.82560707, 2.0050063425, 1.4363517909, -99999.0, -99999.0, -99999.0, -99999.0, 0.01237903662, -99999.0, 27.86, 4.62, 32.48, -0.208, 3.875, 3.672, 861.0, 870.0, 745.0, 745.0, 659.0, 797.0, 731.0, 7.77, 15.06, 0.0
63404.0, 40.78068242550001, -111.94098399583332, 1288.019, 0.08, -99999.0, -99999.0, -99999.0, 2.01882, 16049.4, 19.19, 0.0641349, -99999.0, 0.22530995757, 430.17420197, 2.0050063425, 1.4363517909, -99999.0, -99999.0, -99999.0, -99999.0, 0.01237903662, 73.8, 27.92, 4.6, 32.52, -0.208, 3.875, 3.672, 943.0, 1036.0, 1039.0, 909.0, 833.0, 645.0, 788.0, 7.62, 14.57, 0.0
63405.0, 40.78068256466667, -111.94098398166668, 1287.968, 0.04, -99999.0, -99999.0, -99999.0, 2.01904, 16111.0, 19.1946, 0.0693304, -99999.0, 0.22531425522499998, 430.21105392, 2.0032432458, 1.3993596406, -99999.0, -99999.0, -99999.0, -99999.0, 0.011720075162, -99999.0, 27.98, 4.58, 32.56, -0.208, 3.875, 3.672, 1016.0, 832.0, 907.0, 651.0, 1193.0, 490.0, 856.0, 6.81, 10.85, 0.0
63406.0, 40.780682745833325, -111.940983998, 1287.926, 0.24, -99999.0, -99999.0, -99999.0, 2.01977, 16192.4, 19.3966, 0.0694005, -99999.0, 0.22531855288, 431.22463227, 2.0032432458, 1.3993596406, -99999.0, -99999.0, -99999.0, -99999.0, 0.011720075162, 71.0, 27.98, 4.57, 32.55, -0.208, 3.875, 3.672, 858.0, 935.0, 1147.0, 859.0, 715.0, 652.0, 720.0, 6.79, 8.32, 0.0
63407.0, 40.780682945833334, -111.94098398166668, 1287.865, 0.05, -99999.0, -99999.0, -99999.0, 2.01879, 16200.0, 19.3371, 0.0473301, -99999.0, 0.22142937991, 431.22463227, 2.0032432458, 1.3993596406, -99999.0, -99999.0, -99999.0, -99999.0, 0.011720075162, -99999.0, 28.04, 4.55, 32.59, -0.208, 3.875, 3.672, 915.0, 1102.0, 894.0, 818.0, 581.0, 552.0, 581.0, 7.85, 10.56, 0.0
63408.0, 40.78068318766667, -111.94098398749999, 1287.804, 0.37, -99999.0, -99999.0, -99999.0, 2.01927, 16124.7, 19.3724, 0.0291348, -99999.0, 0.22143140476, 430.98988058, 2.0042845119, 1.3671459159, -99999.0, -99999.0, -99999.0, -99999.0, 0.011720075162, 67.3, 28.07, 4.54, 32.61, -0.208, 3.875, 3.672, 1094.0, 674.0, 904.0, 774.0, 802.0, 646.0, 774.0, 7.82, 11.94, 0.0
63409.0, 40.78068341066667, -111.94098401966667, 1287.759, 0.24, -99999.0, -99999.0, -99999.0, 2.02039, 16018.4, 19.1859, 0.0288356, -99999.0, 0.22143342961, 431.5383297, 2.0042845119, 1.3671459159, -99999.0, -99999.0, -99999.0, -99999.0, 0.010690574765, -99999.0, 28.05, 4.55, 32.6, -0.208, 3.875, 3.672, 1004.0, 979.0, 993.0, 783.0, 1014.0, 1115.0, 180.0, 7.73, 18.37, 0.0
63410.0, 40.78068357316667, -111.9409839685, 1287.717, 0.08, -99999.0, -99999.0, -99999.0, 2.01909, 15936.6, 19.2726, 0.0275427, -99999.0, 0.22749565536, 431.485000055, 2.004517432, 1.3675347289, -99999.0, -99999.0, -99999.0, -99999.0, 0.010690574765, 68.0, 28.07, 4.54, 32.61, -0.208, 3.875, 3.672, 943.0, 1068.0, 996.0, 814.0, 833.0, 513.0, 876.0, 7.72, 10.13, 0.0
63411.0, 40.78068372399999, -111.94098393933334, 1287.682, 0.1, -99999.0, -99999.0, -99999.0, 2.01939, 15860.5, 19.339, -0.0194986, -99999.0, 0.22749561455, 431.46124928999996, 2.0047503521, 1.3679235419, -99999.0, -99999.0, -99999.0, -99999.0, 0.010690574765, -99999.0, 28.09, 4.56, 32.64, -0.208, 3.875, 3.672, 939.0, 808.0, 878.0, 714.0, 902.0, 917.0, 876.0, 7.92, 25.03, 0.0
63412.0, 40.78068390883333, -111.9409838985, 1287.643, 0.11, -99999.0, -99999.0, -99999.0, 2.02086, 15809.6, 19.2016, -0.0289268, -99999.0, 0.23017189795, 431.49082817, 2.0047503521, 1.3679235419, -99999.0, -99999.0, -99999.0, -99999.0, 0.010690574765, 72.0, 28.09, 4.57, 32.66, -0.208, 3.875, 3.672, 878.0, 754.0, 1058.0, 674.0, 921.0, 814.0, 638.0, 7.24, 7.24, 0.0
63413.0, 40.78068401783332, -111.94098383116668, 1287.613, 0.09, -99999.0, -99999.0, -99999.0, 2.02395, 15779.4, 19.4017, 0.0727491, -99999.0, 0.230170005255, 431.6312473, 2.0055784371, 1.4085277995, -99999.0, -99999.0, -99999.0, -99999.0, 0.010442868659, -99999.0, 28.08, 4.57, 32.65, -0.208, 3.875, 3.672, 866.0, 917.0, 786.0, 784.0, 639.0, 748.0, 774.0, 7.89, 8.47, 0.0
63414.0, 40.780684145, -111.94098380666668, 1287.58, 0.15, -99999.0, -99999.0, -99999.0, 2.02246, 15811.1, 19.471, 0.135293, -99999.0, 0.23016811256, 431.10985769, 2.0055784371, 1.4085277995, -99999.0, -99999.0, -99999.0, -99999.0, 0.010442868659, 73.2, 28.1, 4.57, 32.67, -0.208, 3.875, 3.672, 955.0, 824.0, 778.0, 862.0, 976.0, 910.0, 777.0, 7.95, 8.9, 0.0
63415.0, 40.78068425316667, -111.94098378266666, 1287.548, 0.11, -99999.0, -99999.0, -99999.0, 2.0204, 15892.9, 19.3645, 0.13155, -99999.0, 0.2245453882, 431.10985769, 2.0055784371, 1.4085277995, -99999.0, -99999.0, -99999.0, -99999.0, 0.010442868659, -99999.0, 28.09, 4.56, 32.65, -0.208, 3.875, 3.672, 814.0, 830.0, 881.0, 734.0, 820.0, 703.0, 828.0, 7.3, 10.81, 0.0
63416.0, 40.780684357333335, -111.94098373333333, 1287.524, 0.3, -99999.0, -99999.0, -99999.0, 2.02156, 15940.7, 19.4052, 0.116005, -99999.0, 0.22454344151333336, 431.15739933000003, 2.0052782726, 1.4129405672, -99999.0, -99999.0, -99999.0, -99999.0, -99999.0, 71.8, 28.1, 4.52, 32.62, -0.208, 3.875, 3.672, 897.0, 953.0, 939.0, 667.0, 1033.0, 550.0, 938.0, 7.06, 11.49, 0.0
63417.0, 40.78068448683334, -111.940983748, 1287.502, 0.14, -99999.0, -99999.0, -99999.0, 2.02085, 15973.4, 19.0152, 0.117457, -99999.0, 0.23007654894, 430.94685443, 2.0052782726, 1.4129405672, -99999.0, -99999.0, -99999.0, -99999.0, 0.011512239513, -99999.0, 28.12, 4.48, 32.6, -0.208, 3.875, 3.672, 854.0, 857.0, 868.0, 818.0, 646.0, 655.0, 1251.0, 8.47, 15.01, 0.0
63418.0, 40.780684602499996, -111.94098374416666, 1287.462, 0.07, -99999.0, -99999.0, -99999.0, 2.02027, 16022.3, 19.1864, 0.119772, -99999.0, 0.23007654894, 430.83992235, 2.0047891406, 1.3770084322, -99999.0, -99999.0, -99999.0, -99999.0, 0.011512239513, 72.1, 28.13, 4.43, 32.57, -0.208, 3.875, 3.672, 906.0, 760.0, 671.0, 547.0, 960.0, 619.0, 814.0, 9.21, 13.22, 0.0
63419.0, 40.78068469116667, -111.940983692, 1287.442, 0.09, -99999.0, -99999.0, -99999.0, 2.0205, 16038.9, 19.0598, 0.0758248, -99999.0, 0.23008373996, 431.28098601, 2.0047891406, 1.3770084322, -99999.0, -99999.0, -99999.0, -99999.0, 0.011512239513, -99999.0, 28.11, 4.42, 32.53, -0.208, 3.875, 3.672, 878.0, 869.0, 999.0, 1002.0, 819.0, 672.0, 896.0, 7.52, 11.47, 0.0
63420.0, 40.7806848085, -111.9409836755, 1287.429, 0.2, -99999.0, -99999.0, -99999.0, 2.02161, 16010.6, 19.3511, 0.0952781, -99999.0, 0.22175985587, 431.72204967, 2.0047891406, 1.3770084322, -99999.0, -99999.0, -99999.0, -99999.0, -99999.0, 73.0, 28.06, 4.37, 32.43, -0.208, 3.875, 3.672, 1024.0, 1012.0, 794.0, 925.0, 779.0, 514.0, 839.0, 8.23, 9.18, 0.0
63421.0, 40.78068489716666, -111.94098367616668, 1287.425, 0.25, -99999.0, -99999.0, -99999.0, 2.0207, 15941.2, 19.3706, 0.112344, -99999.0, 0.22176097585, 431.53755433, 2.0051680964, 1.3585966271, -99999.0, -99999.0, -99999.0, -99999.0, 0.010869235663, -99999.0, 28.02, 4.34, 32.37, -0.208, 3.875, 3.672, 902.0, 829.0, 729.0, 885.0, 1020.0, 796.0, 505.0, 8.21, 10.31, 0.0
63422.0, 40.780684907833326, -111.94098359816665, 1287.416, 0.15, -99999.0, -99999.0, -99999.0, 2.02063, 15873.4, 19.0151, 0.109138, -99999.0, 0.22176209583, 431.84869781, 2.0051680964, 1.3585966271, -99999.0, -99999.0, -99999.0, -99999.0, 0.010869235663, 73.0, 28.02, 4.34, 32.37, -0.208, 3.875, 3.672, 844.0, 1098.0, 814.0, 712.0, 700.0, 827.0, 1046.0, 7.96, 16.625, 0.0
63423.0, 40.78068497983333, -111.94098359533334, 1287.416, 0.14, -99999.0, -99999.0, -99999.0, 2.02006, 15798.1, 18.9245, 0.0588735, -99999.0, 0.22905933915, 431.817722215, 2.00514222495, 1.3586807539499999, -99999.0, -99999.0, -99999.0, -99999.0, 0.010869235663, -99999.0, 27.95, 4.28, 32.23, -0.208, 3.875, 3.672, 1101.0, 973.0, 770.0, 652.0, 779.0, 795.0, 1078.0, 6.55, 7.5, 0.0
63424.0, 40.78068503766667, -111.94098356416667, 1287.404, 0.1, -99999.0, -99999.0, -99999.0, 2.02288, 15752.6, 18.8854, -0.0673048, -99999.0, 0.22905976177, 431.79056517, 2.0051163535, 1.3587648808, -99999.0, -99999.0, -99999.0, -99999.0, -99999.0, 72.4, 27.97, 4.25, 32.22, -0.208, 3.875, 3.672, 832.0, 892.0, 742.0, 693.0, 667.0, 645.0, 440.0, 8.21, 10.31, 0.0
63425.0, 40.78068510733333, -111.94098353466667, 1287.393, 0.14, -99999.0, -99999.0, -99999.0, 2.02154, 15725.9, 19.2113, -0.143811, -99999.0, 0.23448535425, 431.79438372, 2.0051163535, 1.3587648808, -99999.0, -99999.0, -99999.0, -99999.0, 0.0096224921353, -99999.0, 27.94, 4.23, 32.16, -0.299, 3.984, 3.688, 844.0, 892.0, 773.0, 685.0, 736.0, 777.0, 599.0, -99999.0, -99999.0, 0.0
63426.0, 40.78068518166667, -111.94098353133334, 1287.386, 0.0, -99999.0, -99999.0, -99999.0, 2.02313, 15697.7, 19.4251, -0.0810411, -99999.0, 0.23448517478, 431.79901514, 2.0056291372, 1.3599602909, -99999.0, -99999.0, -99999.0, -99999.0, 0.0096224921353, 70.9, 27.94, 4.23, 32.16, -0.299, 3.984, 3.688, 955.0, 902.0, 1009.0, 903.0, 445.0, 453.0, 738.0, 7.15, 12.66, 0.0
63427.0, 40.78068531266666, -111.94098353316667, 1287.375, 0.18, -99999.0, -99999.0, -99999.0, 2.02413, 15683.1, 19.1333, -0.0518574, -99999.0, 0.23448499531, 431.79819478, 2.0056291372, 1.3599602909, -99999.0, -99999.0, -99999.0, -99999.0, 0.0096224921353, -99999.0, 27.88, 4.21, 32.08, -0.299, 3.984, 3.688, 1031.0, 934.0, 773.0, 742.0, 881.0, 902.0, 987.0, 8.08, 13.2, 0.0
63428.0, 40.78068538216667, -111.94098353716666, 1287.382, 0.09, -99999.0, -99999.0, -99999.0, 2.02289, 15672.9, 19.5019, 0.0577462, -99999.0, 0.22677444689, 431.79819478, 2.0056291372, 1.3599602909, -99999.0, -99999.0, -99999.0, -99999.0, -99999.0, 71.1, 27.87, 4.17, 32.04, -0.299, 3.984, 3.688, 892.0, 901.0, 840.0, 529.0, 783.0, 835.0, 764.0, 7.41, 15.37, 0.0
63429.0, 40.78068548416667, -111.94098351816668, 1287.375, 0.15, -99999.0, -99999.0, -99999.0, 2.02203, 15664.4, 19.1298, 0.0145047, -99999.0, 0.22677614861666665, 431.90982576000005, 2.0051928078, 1.3521573464, -99999.0, -99999.0, -99999.0, -99999.0, 0.012540946887, -99999.0, 27.87, 4.17, 32.04, -0.299, 3.984, 3.688, 897.0, 779.0, 696.0, 714.0, 915.0, 356.0, 704.0, 7.66, 9.7, 0.0
63430.0, 40.78068554733333, -111.94098350833335, 1287.363, 0.25, -99999.0, -99999.0, -99999.0, 2.02161, 15669.0, 19.1269, 0.0274963, -99999.0, 0.22936200646, 432.17797484, 2.0051928078, 1.3521573464, -99999.0, -99999.0, -99999.0, -99999.0, 0.012540946887, 74.2, 27.9, 4.16, 32.06, -0.299, 3.984, 3.688, 939.0, 759.0, 1045.0, 652.0, 756.0, 797.0, 741.0, -99999.0, -99999.0, 0.0
