ARC/USOS-ARL-Suite_ARC_20240724_RA.ict
71,1001
Xinrong Ren
NOAA Air Resources Lab
ARC-Suite
USOS: Utah Summer Ozone Study
1,1
2024,07,24,2024,07,24
1
StartTime_seconds, seconds, Start time in UTC seconds since midnight
38
1,1,1,1,1,1,1,1,1,1,1,1,1,1,1,1,1,1,1,1,1,1,1,1,1,1,1,1,1,1,1,1,1,1,1,1,1,1
-99999,-99999,-99999,-99999,-99999,-99999,-99999,-99999,-99999,-99999,-99999,-99999,-99999,-99999,-99999,-99999,-99999,-99999,-99999,-99999,-99999,-99999,-99999,-99999,-99999,-99999,-99999,-99999,-99999,-99999,-99999,-99999,-99999,-99999,-99999,-99999,-99999,-99999
lat_DGPS_deg, degrees, Latitude in decimal by Hemisphere VS1100 Differential GPS
lon_DGPS_deg, degrees, Longitude in decimal by Hemisphere VS1100 Differential GPS
alt_msl_m, meters, GPS Altitude MSL
speed_km_h, km/s, vehicle speed
RH, percent, relative humidity
true_WS_m_s, m/s, wind speed by 2D sonic sensor
true_WD_deg, degree, wind direction by 2D sonic sensor
CH4_aeris313_ppm, ppm, CH4 mixing ratio by Aeris
H2O_aeris313_ppm, ppm, H2O mixing ratio by Aeris
C2H6_aeris313_ppb, ppb, C2H6 mixing ratio by Aeris
r_aeris313, 1, relavence between CH4 and C2H6 by Aeris
C2C1_aeris313, 1, C2H6 to CH4 ratio by Aeris
CO_g2401m_ppm, ppm, CO mixing ratio by Picarro G2401m
CO2_g2401m_ppm, ppm, CO2 mixing ratio by Picarro G2401m
CH4_g2401m_ppm, ppm, CH4 mixing ratio by Picarro G2401m
H2O_g2401m, ppm, H2O mixing ratio by Picarro G2401m
delta13C_CH4_raw, permill, delta 13C of CH4 by Picarro G2201i
delta13C_CO2_raw, permill, delta 13C of CO2 by Picarro G2201i
CH4_g2201i_ppm, ppm, CH4 mixing ratio by Picarro G2201i
CO2_g2201i_ppm, ppm, CO2 mixing ratio by Picarro G2201i
NH3_g2301_ppb, ppb, NH3 mixing ratio by Picarro G2301
O3_2B_ppm, ppm, O3 mixing ratio by 2B
NO_G60_ppb, ppb, NO mixing ratio by G60
NO2_G60_ppb, ppb, NO2 mixing ratio by G60
NOx_G60_ppb, ppb, NOx mixing ratio by G60
NO_N500_ppb, ppb, NO mixing ratio by N500
NO2_N500_ppb, ppb, NO2 mixing ratio by N500
NOx_N500_ppb, ppb, NOx mixing ratio by N500
BC370_AE43_ng_m3, ng/m3, Black Carbon at 370 nm by AE43
BC470_AE43_ng_m3, ng/m3, Black Carbon at 470 nm by AE43
BC520_AE43_ng_m3, ng/m3, Black Carbon at 520 nm by AE43
BC590_AE43_ng_m3, ng/m3, Black Carbon at 590 nm by AE43
BC660_AE43_ng_m3, ng/m3, Black Carbon at 660 nm by AE43
BC880_AE43_ng_m3, ng/m3, Black Carbon at 880 nm by AE43
BC950_AE43_ng_m3, ng/m3, Black Carbon at 950 nm by AE43
PM25, ug/m3, PM2.5 by particle sensor
PM10, ug/m3, PM10 by particle sensor
Valve, boolian, indicator of valve conditions;0 is measurement; 10 is zeroing; 11 is spanning
1
SPECIAL COMMENTS, N/A
18
PI_CONTACT_INFO: xinrong.ren@noaa.gov, 301-683-1391, NOAA/ARL, 5830 University Research Court, College Park, MD 20740
PLATFORM: NOAA Air Resources Car
LOCATION: Salt Lake City
ASSOCIATED_DATA: N/A
INSTRUMENT_INFO: Hemisphere VS1100 differential GPS (Latitude, Longitude, GPS Altitude, speed), meteorological sensor (RH, WS, WD), 2B (O3), G60 CRDS (NO-NOx), Teledyne N500 (NO-NOx), Picarro G2401-m (CO2, CH4, CO, H2O), Picarro G2201i (CO2, CH4, d13C_CO2, d13C_CH4, H2O), Picarro 2301 (NH3), Aeris Ultra MIRA (CH4, C2H6, H2O, r, C2/C1), AE43 (Black Carbon), Partical sensor (PM2.5, PM10)
DATA_INFO: Records are reported at 1-second intervals. Hemisphere VS1100 differential GPS has 1-second ntervals. 2B O3 values are reported 2-second averages. G60 Cavity Rong Down NO-NO2-NO2 has 1-second average. Teledyne CAPS NO2 analyzer has 10-second time resolution. Picarro 2401m (CO2, CH4, CO, H2O) data has 2.5-second time resolution. Picarro 2201i (isotope) has ~5 second time resolution. Aeris Ultra MIRA has 1-second integration time. AE43 data are 10-second moving averages. Partical sensor has 10-second time resolution.
UNCERTAINTY: -99999, -99999, -99999, 15 m, -99999, -99999, -99999, -99999, 1 ppb, 100 ppm, 0.2 ppb, -99999, -99999, 5 ppb, 0.1 ppm, 1 ppb, 100 ppm, -99999, -99999, -99999, -99999, 2 ppb, 0.3 ppb, -99999, -99999, -99999, 0.05 ppb, 0.05 ppb, 0.05 ppb, 10 ng/m3, 10 ng/m3, 10 ng/m3, 10 ng/m3, 10 ng/m3, 10 ng/m3, 10 ng/m3, 10 ng/m3, 0
ULOD_FLAG: -77777
ULOD_VALUE: N/A
LLOD_FLAG: -88888
LLOD_VALUE: N/A
DM_CONTACT_INFO: Jiayang Sun; University of Maryland; jiayangs@umd.edu
PROJECT_INFO: USOS July - Aug 2024 https://deq.utah.gov/air-quality/utah-summer-ozone-study-usos
STIPULATIONS_ON_USE: Use of these data requires prior ok from PI.
OTHER_COMMENTS: N/A
REVISION: RA
RA: Preliminary Data for in-field use only.
StartTime_seconds, lat_DGPS_deg, lon_DGPS_deg, alt_msl_m, speed_km_h, RH, true_WS_m_s, true_WD_deg, CH4_aeris313_ppm, H2O_aeris313_ppm, C2H6_aeris313_ppb, r_aeris313, C2C1_aeris313, CO_g2401m_ppm, CO2_g2401m_ppm, CH4_g2401m_ppm, H2O_g2401m, delta13C_CH4_raw, delta13C_CO2_raw, CH4_g2201i_ppm, CO2_g2201i_ppm, NH3_g2301_ppb, O3_2B_ppm, NO_G60_ppb, NO2_G60_ppb, NOx_G60_ppb, NO_N500_ppb, NO2_N500_ppb, NOx_N500_ppb, BC370_AE43_ng_m3, BC470_AE43_ng_m3, BC520_AE43_ng_m3, BC590_AE43_ng_m3, BC660_AE43_ng_m3, BC880_AE43_ng_m3, BC950_AE43_ng_m3, PM25, PM10, Valve
[from data line 4343]
62827.0, 40.78069555433334, -111.94099437300001, 1284.466, 0.14, -99999.0, -99999.0, -99999.0, 2.01115, 15623.7, 18.9715, 0.280192, -99999.0, 0.2197917158, 430.7411883, 1.99468517775, 1.3331607383000001, -99999.0, -99999.0, -99999.0, -99999.0, 0.010778678577, -99999.0, 27.39, 4.06, 31.45, -0.373, 4.062, 3.703, 1122.0, 836.0, 861.0, 819.0, 800.0, 1145.0, 846.0, 7.34, 8.29, 0.0
62828.0, 40.780695465499996, -111.94099433533331, 1284.476, 0.06, -99999.0, -99999.0, -99999.0, 2.01281, 15550.4, 19.0793, 0.246604, -99999.0, 0.21979498419, 430.86634864, 1.9948679065, 1.3222432835, -99999.0, -99999.0, -99999.0, -99999.0, 0.010778678577, 67.3, 27.42, 4.07, 31.48, -0.373, 4.062, 3.703, 1091.0, 971.0, 1114.0, 931.0, 721.0, 696.0, 1160.0, 7.75, 9.66, 0.0
62829.0, 40.78069506166667, -111.9409940915, 1284.457, 0.32, -99999.0, -99999.0, -99999.0, 2.0134, 15485.2, 18.9211, 0.263897, -99999.0, 0.23073694187, 431.11447181, 1.9948679065, 1.3222432835, -99999.0, -99999.0, -99999.0, -99999.0, 0.0078416307302, -99999.0, 27.46, 4.05, 31.52, -0.373, 4.062, 3.703, 851.0, 1011.0, 756.0, 819.0, 1014.0, 656.0, 1099.0, 7.91, 8.49, 0.0
62830.0, 40.78069486866667, -111.94099395399999, 1284.452, 0.06, -99999.0, -99999.0, -99999.0, 2.01409, 15394.7, 18.9083, 0.314263, -99999.0, 0.2307378551, 430.98966645, 1.9953048777, 1.3072519326, -99999.0, -99999.0, -99999.0, -99999.0, -99999.0, 71.7, 27.49, 4.05, 31.54, -0.373, 4.062, 3.703, 843.0, 1035.0, 968.0, 693.0, 935.0, 776.0, 766.0, 7.18, 8.71, 0.0
62831.0, 40.78069475233333, -111.940993858, 1284.462, 0.19, -99999.0, -99999.0, -99999.0, 2.01492, 15308.5, 19.073, 0.360204, -99999.0, 0.23073876833, 431.22568644, 1.9953048777, 1.3072519326, -99999.0, -99999.0, -99999.0, -99999.0, 0.0078416307302, -99999.0, 27.53, 4.06, 31.59, -0.373, 4.062, 3.703, 926.0, 854.0, 866.0, 516.0, 800.0, 709.0, 661.0, 7.66, 9.77, 0.0
62832.0, 40.780694348666664, -111.940993603, 1284.445, 0.06, -99999.0, -99999.0, -99999.0, 2.01459, 15251.9, 18.9986, 0.321563, -99999.0, 0.21782073326, 431.22568644, 1.9953048777, 1.3072519326, -99999.0, -99999.0, -99999.0, -99999.0, 0.0078416307302, 73.9, 27.54, 4.07, 31.61, -0.373, 4.062, 3.703, 1100.0, 728.0, 1058.0, 742.0, 722.0, 900.0, 1297.0, 7.6, 9.64, 0.0
62833.0, 40.78069386600001, -111.940993308, 1284.426, 0.05, -99999.0, -99999.0, -99999.0, 2.0117, 15226.4, 18.9529, 0.318831, -99999.0, 0.21781916769333334, 431.15128888, 1.9953055442, 1.3300740309, -99999.0, -99999.0, -99999.0, -99999.0, 0.0084180901353, -99999.0, 27.54, 4.08, 31.61, -0.373, 4.062, 3.703, 917.0, 859.0, 897.0, 529.0, 877.0, 639.0, 702.0, 7.52, 9.05, 0.0
62834.0, 40.780693262, -111.94099295299999, 1284.388, 0.07, -99999.0, -99999.0, -99999.0, 2.01388, 15237.3, 18.9572, 0.400907, -99999.0, 0.21251956373, 430.9494201, 1.9953055442, 1.3300740309, -99999.0, -99999.0, -99999.0, -99999.0, -99999.0, 72.4, 27.51, 4.07, 31.58, -0.373, 4.062, 3.703, 940.0, 897.0, 746.0, 579.0, 643.0, 906.0, 885.0, 8.24, 15.79, 0.0
62835.0, 40.78069216033333, -111.94099224949998, 1284.321, 0.09, -99999.0, -99999.0, -99999.0, 2.01226, 15271.3, 19.3523, 0.311807, -99999.0, 0.21251956373, 431.07991589, 1.9951244031, 1.3457514944, -99999.0, -99999.0, -99999.0, -99999.0, 0.0084180901353, -99999.0, 27.51, 4.06, 31.57, -0.373, 4.062, 3.703, 797.0, 801.0, 950.0, 1012.0, 800.0, 833.0, 606.0, 7.58, 8.16, 0.0
62836.0, 40.78069116883333, -111.94099163150001, 1284.259, 0.08, -99999.0, -99999.0, -99999.0, 2.0128, 15296.0, 19.0345, 0.315382, -99999.0, 0.21251407166, 430.732511125, 1.9951244031, 1.3457514944, -99999.0, -99999.0, -99999.0, -99999.0, 0.0084180901353, 69.0, 27.53, 4.06, 31.59, -0.373, 4.062, 3.703, 968.0, 1022.0, 552.0, 671.0, 956.0, 656.0, 603.0, 6.73, 7.68, 0.0
62837.0, 40.780690203166664, -111.94099104283332, 1284.214, 0.14, -99999.0, -99999.0, -99999.0, 2.01234, 15336.0, 18.9155, 0.300347, -99999.0, 0.22592846014, 430.38510636, 1.9951244031, 1.3457514944, -99999.0, -99999.0, -99999.0, -99999.0, 0.010459331655, -99999.0, 27.58, 4.08, 31.66, -0.373, 4.062, 3.703, 962.0, 1025.0, 1101.0, 749.0, 858.0, 772.0, 735.0, 7.34, 13.02, 0.0
62838.0, 40.780689409, -111.94099056066668, 1284.176, 0.25, -99999.0, -99999.0, -99999.0, 2.01196, 15376.2, 19.0374, 0.31586, -99999.0, 0.22593085101, 430.37967932, 1.9949568816, 1.3284712833, -99999.0, -99999.0, -99999.0, -99999.0, 0.010459331655, 65.8, 27.62, 4.07, 31.69, -0.373, 4.062, 3.703, 1104.0, 902.0, 744.0, 962.0, 722.0, 1013.0, 1061.0, 7.49, 13.56, 0.0
62839.0, 40.78068865783333, -111.94099012533334, 1284.148, 0.11, -99999.0, -99999.0, -99999.0, 2.01344, 15409.2, 18.7705, 0.304753, -99999.0, 0.22593324188, 430.87253857, 1.9949568816, 1.3284712833, -99999.0, -99999.0, -99999.0, -99999.0, 0.010459331655, -99999.0, 27.64, 4.05, 31.69, -0.373, 4.062, 3.703, 1019.0, 1009.0, 920.0, 954.0, 742.0, 733.0, 803.0, 7.82, 18.77, 0.0
62840.0, 40.78068798566667, -111.94098975033333, 1284.123, 0.14, -99999.0, -99999.0, -99999.0, 2.01261, 15382.2, 19.0084, 0.283246, -99999.0, 0.21957852391, 430.75901917, 1.99518694585, 1.3036097023500002, -99999.0, -99999.0, -99999.0, -99999.0, 0.010459331655, 65.7, 27.68, 4.03, 31.71, -0.373, 4.062, 3.703, 757.0, 914.0, 800.0, 707.0, 1169.0, 833.0, 686.0, 8.67, 13.73, 0.0
62841.0, 40.78068726833333, -111.94098939166666, 1284.097, 0.02, -99999.0, -99999.0, -99999.0, 2.01526, 15303.6, 18.9913, 0.154661, -99999.0, 0.21958300964, 431.074938105, 1.9954170101, 1.2787481214, -99999.0, -99999.0, -99999.0, -99999.0, 0.011955064061, -99999.0, 27.72, 4.04, 31.76, -0.373, 4.062, 3.703, 900.0, 958.0, 618.0, 727.0, 821.0, 643.0, 1005.0, 7.59, 9.05, 0.0
62842.0, 40.780686631166674, -111.94098908449999, 1284.078, 0.06, -99999.0, -99999.0, -99999.0, 2.01605, 15197.9, 18.8608, 0.0870357, -99999.0, 0.22285575485, 431.50437644, 1.9954170101, 1.2787481214, -99999.0, -99999.0, -99999.0, -99999.0, 0.011955064061, 70.1, 27.68, 4.05, 31.73, -0.373, 4.062, 3.703, 1006.0, 1010.0, 994.0, 799.0, 954.0, 597.0, 773.0, 6.66, 13.17, 0.0
62843.0, 40.78068601783334, -111.94098881766668, 1284.055, 0.06, -99999.0, -99999.0, -99999.0, 2.0149, 15089.8, 18.7607, 0.0540547, -99999.0, 0.22285641658, 431.31768335, 1.9953099393, 1.2733827331, -99999.0, -99999.0, -99999.0, -99999.0, 0.011955064061, -99999.0, 27.67, 4.04, 31.71, -0.244, 3.922, 3.688, 935.0, 1039.0, 876.0, 734.0, 645.0, 379.0, 1062.0, 7.01, 9.14, 0.0
62844.0, 40.7806855525, -111.94098867316667, 1284.039, 0.08, -99999.0, -99999.0, -99999.0, 2.01631, 15008.3, 18.8903, -0.0121759, -99999.0, 0.22285707831, 431.43371291, 1.9953099393, 1.2733827331, -99999.0, -99999.0, -99999.0, -99999.0, 0.011955064061, 74.3, 27.73, 3.99, 31.72, -0.244, 3.922, 3.688, 975.0, 693.0, 1014.0, 658.0, 605.0, 816.0, 729.0, 7.83, 21.35, 0.0
62845.0, 40.78068494283334, -111.9409884185, 1284.013, 0.01, -99999.0, -99999.0, -99999.0, 2.01456, 14957.7, 18.9919, -0.0182847, -99999.0, 0.21916864509, 431.43371291, 1.9953099393, 1.2733827331, -99999.0, -99999.0, -99999.0, -99999.0, 0.0096270671847, -99999.0, 27.75, 3.96, 31.71, -0.244, 3.922, 3.688, 909.0, 948.0, 953.0, 686.0, 722.0, 837.0, 687.0, 7.96, 10.67, 0.0
62846.0, 40.780684429666664, -111.94098821300001, 1284.0, 0.19, -99999.0, -99999.0, -99999.0, 2.01405, 14925.4, 19.204, -0.0134015, -99999.0, 0.21916833136333336, 431.40039479, 1.9952780211, 1.2734487536, -99999.0, -99999.0, -99999.0, -99999.0, 0.0096270671847, 74.1, 27.79, 3.93, 31.72, -0.244, 3.922, 3.688, 937.0, 850.0, 999.0, 509.0, 722.0, 623.0, 741.0, 7.65, 10.51, 0.0
62847.0, 40.780683985833335, -111.94098805216666, 1283.993, 0.15, -99999.0, -99999.0, -99999.0, 2.01497, 14903.1, 19.0056, -0.00814575, -99999.0, 0.22188409631, 431.36969275, 1.9952780211, 1.2734487536, -99999.0, -99999.0, -99999.0, -99999.0, 0.0096270671847, -99999.0, 27.81, 3.91, 31.72, -0.244, 3.922, 3.688, 913.0, 1116.0, 940.0, 884.0, 954.0, 696.0, 772.0, 7.08, 13.67, 0.0
62848.0, 40.780683411, -111.94098785983333, 1283.982, 0.11, -99999.0, -99999.0, -99999.0, 2.01398, 14879.0, 18.9664, 0.012066, -99999.0, 0.22188353355, 431.4952744, 1.9953205448, 1.3104356682, -99999.0, -99999.0, -99999.0, -99999.0, 0.0096270671847, 72.2, 27.82, 3.89, 31.71, -0.244, 3.922, 3.688, 1034.0, 943.0, 1106.0, 736.0, 606.0, 522.0, 1022.0, 7.52, 16.14, 0.0
62849.0, 40.780682698999996, -111.94098755499999, 1283.949, 0.04, -99999.0, -99999.0, -99999.0, 2.0151, 14881.5, 18.9626, 0.0153699, -99999.0, 0.22188297079, 431.36834723, 1.9953205448, 1.3104356682, -99999.0, -99999.0, -99999.0, -99999.0, 0.0074912087809, -99999.0, 27.84, 3.88, 31.72, -0.244, 3.922, 3.688, 1034.0, 809.0, 848.0, 949.0, 954.0, 960.0, 506.0, 8.06, 12.1, 0.0
62850.0, 40.7806819725, -111.94098729466666, 1283.926, 0.09, -99999.0, -99999.0, -99999.0, 2.0161, 14962.9, 19.2889, 0.118013, -99999.0, 0.21776409677, 431.36834723, 1.9953205448, 1.3104356682, -99999.0, -99999.0, -99999.0, -99999.0, 0.0074912087809, 69.0, 27.87, 3.83, 31.7, -0.244, 3.922, 3.688, 819.0, 850.0, 685.0, 756.0, 761.0, 569.0, 971.0, 7.2, 8.15, 0.0
62851.0, 40.7806812425, -111.94098703516666, 1283.904, 0.09, -99999.0, -99999.0, -99999.0, 2.01668, 15011.0, 18.573, -0.0761988, -99999.0, 0.21776468565, 431.47829616, 1.9954283411, 1.3058489405, -99999.0, -99999.0, -99999.0, -99999.0, 0.0074912087809, -99999.0, 27.82, 3.82, 31.64, -0.244, 3.922, 3.688, 768.0, 803.0, 749.0, 844.0, 898.0, 960.0, 959.0, 6.8, 7.95, 0.0
62852.0, 40.7806806745, -111.9409869135, 1283.894, 0.17, -99999.0, -99999.0, -99999.0, 2.01413, 15036.9, 19.0349, -0.0924756, -99999.0, 0.218496453175, 431.52764748, 1.9954283411, 1.3058489405, -99999.0, -99999.0, -99999.0, -99999.0, -99999.0, 63.6, 27.79, 3.81, 31.6, -0.244, 3.922, 3.688, 1025.0, 1064.0, 1040.0, 877.0, 838.0, 623.0, 787.0, 7.41, 7.41, 0.0
62853.0, 40.78068007166666, -111.94098675433334, 1283.879, 0.09, -99999.0, -99999.0, -99999.0, 2.01551, 15053.5, 18.968, -0.0894197, -99999.0, 0.21922763182, 431.55093293, 1.9958338105, 1.3173005518, -99999.0, -99999.0, -99999.0, -99999.0, 0.0089809487358, -99999.0, 27.8, 3.8, 31.6, -0.244, 3.922, 3.688, 768.0, 828.0, 641.0, 1021.0, 742.0, 799.0, 1029.0, 8.01, 30.42, 0.0
62854.0, 40.780679433, -111.94098653750001, 1283.869, 0.04, -99999.0, -99999.0, -99999.0, 2.01294, 15099.2, 18.8425, -0.122287, -99999.0, 0.21922556254, 431.45157017500003, 1.9958338105, 1.3173005518, -99999.0, -99999.0, -99999.0, -99999.0, 0.0089809487358, 61.7, 27.79, 3.77, 31.56, -0.244, 3.922, 3.688, 953.0, 788.0, 851.0, 749.0, 780.0, 357.0, 681.0, 6.32, 11.73, 0.0
62855.0, 40.78067878166666, -111.94098636783335, 1283.853, 0.08, -99999.0, -99999.0, -99999.0, 2.01323, 15138.1, 18.6958, -0.0918424, -99999.0, 0.21485984717, 431.35220742, 1.9958338105, 1.3173005518, -99999.0, -99999.0, -99999.0, -99999.0, 0.0089809487358, -99999.0, 27.76, 3.74, 31.5, -0.244, 3.922, 3.688, 810.0, 699.0, 759.0, 750.0, 742.0, 883.0, 776.0, 7.31, 10.24, 0.0
62856.0, 40.78067818666666, -111.94098621766668, 1283.84, 0.02, -99999.0, -99999.0, -99999.0, 2.01699, 15135.7, 19.2026, -0.0783817, -99999.0, 0.21486091297999999, 431.29562502, 1.9955348278, 1.2891718766, -99999.0, -99999.0, -99999.0, -99999.0, -99999.0, 64.7, 27.77, 3.74, 31.5, -0.244, 3.922, 3.688, 871.0, 1230.0, 652.0, 673.0, 1153.0, 657.0, 1091.0, 7.94, 12.45, 0.0
62857.0, 40.78067757616667, -111.94098601466666, 1283.824, 0.06, -99999.0, -99999.0, -99999.0, 2.01241, 15086.7, 19.1142, -0.116547, -99999.0, 0.21486197879, 431.62401228, 1.9955348278, 1.2891718766, -99999.0, -99999.0, -99999.0, -99999.0, 0.0092115839928, -99999.0, 27.73, 3.74, 31.47, -0.244, 3.922, 3.688, 779.0, 874.0, 1196.0, 736.0, 468.0, 772.0, 542.0, 7.18, 8.13, 0.0
62858.0, 40.78067704066667, -111.94098589400001, 1283.815, 0.05, -99999.0, -99999.0, -99999.0, 2.01493, 15040.0, 19.2029, -0.0719655, -99999.0, 0.20822877265, 431.57865858499997, 1.99527692905, 1.28986228615, -99999.0, -99999.0, -99999.0, -99999.0, 0.0092115839928, 68.7, 27.72, 3.74, 31.46, -0.244, 3.922, 3.688, 950.0, 1003.0, 861.0, 806.0, 819.0, 774.0, 619.0, 7.66, 14.25, 0.0
62859.0, 40.780676524, -111.940985776, 1283.794, 0.09, -99999.0, -99999.0, -99999.0, 2.01611, 15007.4, 18.7228, -0.13799, -99999.0, 0.20822824191, 431.50912785, 1.9950190303, 1.2905526957, -99999.0, -99999.0, -99999.0, -99999.0, 0.0092115839928, -99999.0, 27.7, 3.74, 31.44, -0.244, 3.922, 3.688, 897.0, 931.0, 1060.0, 496.0, 645.0, 761.0, 440.0, 8.59, 9.54, 0.0
62860.0, 40.78067606583333, -111.94098566666668, 1283.774, 0.12, -99999.0, -99999.0, -99999.0, 2.01515, 14994.2, 19.0538, -0.130946, -99999.0, 0.21848066426, 431.48495081, 1.9950190303, 1.2905526957, -99999.0, -99999.0, -99999.0, -99999.0, -99999.0, 72.1, 27.69, 3.73, 31.42, -0.244, 3.922, 3.688, 972.0, 937.0, 777.0, 530.0, 821.0, 663.0, 772.0, 6.7, 12.49, 0.0
62861.0, 40.780675592499996, -111.9409855695, 1283.764, 0.1, -99999.0, -99999.0, -99999.0, 2.0132, 14990.1, 19.123, -0.156842, -99999.0, 0.21848066104500002, 431.47611383, 1.9949222241, 1.2865665156, -99999.0, -99999.0, -99999.0, -99999.0, 0.0082509172387, -99999.0, 27.7, 3.7, 31.4, -0.244, 3.922, 3.688, 1030.0, 1004.0, 1132.0, 666.0, 1093.0, 707.0, 710.0, 6.61, 18.69, 0.0
62862.0, 40.78067513966667, -111.94098546533333, 1283.74, 0.05, -99999.0, -99999.0, -99999.0, 2.01451, 14977.3, 18.6875, -0.15955, -99999.0, 0.21848065783, 431.47193544, 1.9949222241, 1.2865665156, -99999.0, -99999.0, -99999.0, -99999.0, 0.0082509172387, 72.7, 27.73, 3.68, 31.41, -0.244, 3.922, 3.688, 944.0, 911.0, 667.0, 898.0, 838.0, 577.0, 1176.0, 6.73, 8.86, 0.0
62863.0, 40.780674609, -111.94098524316665, 1283.711, 0.12, -99999.0, -99999.0, -99999.0, 2.01085, 14967.9, 19.0188, -0.178493, -99999.0, 0.21673777715, 431.47193544, 1.9949222241, 1.2865665156, -99999.0, -99999.0, -99999.0, -99999.0, 0.0082509172387, -99999.0, 27.78, 3.69, 31.47, -0.244, 3.922, 3.688, 821.0, 1100.0, 848.0, 786.0, 801.0, 753.0, 653.0, 8.09, 10.0, 0.0
62864.0, 40.78067422816666, -111.94098509016666, 1283.685, 0.18, -99999.0, -99999.0, -99999.0, 2.01532, 14959.2, 18.7158, -0.203494, -99999.0, 0.21673646355666668, 431.38531738999995, 1.995111798, 1.2954596166, -99999.0, -99999.0, -99999.0, -99999.0, -99999.0, 71.6, 27.82, 3.69, 31.51, -0.244, 3.922, 3.688, 884.0, 704.0, 790.0, 687.0, 487.0, 500.0, 942.0, 7.85, 23.2, 0.0
62865.0, 40.780673697666664, -111.9409849145, 1283.647, 0.05, -99999.0, -99999.0, -99999.0, 2.01328, 14960.7, 18.9384, -0.119747, -99999.0, 0.21385156063, 431.17880259, 1.995111798, 1.2954596166, -99999.0, -99999.0, -99999.0, -99999.0, 0.0095413077689, -99999.0, 27.83, 3.67, 31.5, -0.271, 3.922, 3.656, 825.0, 1057.0, 491.0, 821.0, 1016.0, 607.0, 927.0, 6.81, 13.32, 0.0
62866.0, 40.780673459000006, -111.940984671, 1283.547, 0.13, -99999.0, -99999.0, -99999.0, 2.01589, 14970.0, 18.7945, -0.131402, -99999.0, 0.213849858885, 431.25348932, 1.9949352579, 1.308600927, -99999.0, -99999.0, -99999.0, -99999.0, 0.0095413077689, 72.4, 27.83, 3.66, 31.49, -0.271, 3.922, 3.656, 931.0, 951.0, 981.0, 546.0, 1054.0, 731.0, 925.0, 7.95, 11.51, 0.0
62867.0, 40.780673109666665, -111.94098449233334, 1283.489, 0.28, -99999.0, -99999.0, -99999.0, 2.01459, 14994.0, 18.7584, -0.14378, -99999.0, 0.21384815714, 430.72674662, 1.9949352579, 1.308600927, -99999.0, -99999.0, -99999.0, -99999.0, 0.0095413077689, -99999.0, 27.82, 3.65, 31.47, -0.271, 3.922, 3.656, 963.0, 819.0, 698.0, 1118.0, 763.0, 584.0, 947.0, 7.25, 9.38, 0.0
62868.0, 40.780672754166666, -111.940984249, 1283.406, 0.03, -99999.0, -99999.0, -99999.0, 2.01318, 15021.6, 18.8181, -0.0931368, -99999.0, 0.22368606985, 430.72674662, 1.9949352579, 1.308600927, -99999.0, -99999.0, -99999.0, -99999.0, -99999.0, 73.0, 27.82, 3.67, 31.49, -0.271, 3.922, 3.656, 728.0, 762.0, 861.0, 985.0, 780.0, 741.0, 768.0, 8.01, 11.96, 0.0
